9745 2561
9216 4766 25055
442 6019 870175
271 6574 661493
3429 2704 22854
6142 2671 720138
1061 5786 937027
741 8832 468466
8701 4242 828156
6897 819 912155
7657 2064 656975
1897 4141 319167
881 6036 302910
1959 5223 155322
4334 8410 867422
5353 3867 641735
5287 8094 182222
4967 5333 920707
4066 9162 592256
6717 8879 558126
8859 6210 935331
5761 149 524899
4334 2353 293416
5322 2621 835406
8162 6937 591763
9098 9722 863261
8844 2667 609644
4861 6878 633200
1292 1741 798326
9215 330 669585
4352 7317 786465
8882 902 929192
5009 2406 364098
3328 8506 983537
8865 7636 313245
8490 2779 885798
3283 2460 648798
7402 7236 736576
9309 6321 398247
7481 6109 370714
615 466 734514
5143 7119 227164
8729 41 540662
556 4096 896635
2261 9732 985862
8237 2011 141589
1780 5263 268365
149 5814 844235
3747 2211 245334
6673 5442 948887
5984 7659 609105
3477 8124 962561
5398 9735 257542
7192 2571 681735
6669 1916 908578
379 8346 559417
6059 686 973298
5523 6205 133652
5435 8625 462566
7094 4584 313978
4350 4806 953815
5719 7576 860835
2550 5844 52998
6846 1121 205866
924 6752 981067
7876 3886 146573
6388 2820 898864
6515 2619 424598
9557 8574 213819
6138 9516 76971
1009 1238 328423
2001 9006 209162
6530 2618 765225
350 2724 599041
4548 454 642059
239 9165 603241
3792 9272 159640
4950 6033 517440
8019 7979 733122
5032 255 37928
6213 6911 71686
9281 3302 83170
271 2545 650039
1990 3439 236035
8397 1455 276421
5599 8084 585452
9381 2806 45734
4109 1108 882548
2425 1671 956560
8549 1957 57005
7186 9744 390153
966 6693 180712
9487 2779 739714
8742 3305 185887
7682 7968 334197
5373 7831 33694
6216 2878 766638
5999 6581 523472
9597 3557 60312
352 8120 164094
5996 6480 829873
8766 6575 750591
8773 117 569395
6826 8369 330820
8740 4114 605109
8965 8572 88749
6453 6242 528549
7693 5534 915724
3325 2692 755998
2439 8774 884057
3803 4341 206268
2461 4130 323427
5682 2123 508070
5638 6471 789031
661 2194 563245
4706 6332 652066
4948 436 901582
2167 1730 350043
4461 2088 491736
1654 43 381916
3978 6427 513302
3557 8976 182728
3590 9297 702565
1672 4332 472105
3966 7801 730018
8811 1733 29578
5604 4884 459205
6635 9236 891682
8604 886 466538
5754 5141 887572
5185 6517 785499
1329 2061 255554
2329 8479 663339
1641 5733 998176
8945 9734 514610
9323 6687 244600
4580 8202 580074
2452 5459 535699
662 5554 976201
4029 1269 317129
5133 2570 776170
7234 7562 682380
4793 7712 282081
2544 6705 510065
1290 9175 346835
8763 7348 232882
1195 8715 822134
1471 4493 584577
5472 1619 314261
9608 6702 105214
878 147 904357
2199 799 249721
1487 2237 978507
7980 2888 115855
7170 139 413879
8135 5935 346849
9103 8282 167383
7302 7555 16
9616 6669 403003
5336 9265 210627
3684 8223 801797
203 2857 659971
1957 3187 991767
7152 2293 495643
5480 330 146161
6544 2931 305583
705 8352 949307
5637 7313 153634
5024 3252 216816
9574 6206 6393
4706 9413 95169
8608 5026 273223
3928 26 690214
601 9097 478700
2873 8425 231193
8109 8373 484724
1580 5901 597453
6404 4970 834104
6020 5443 768261
6251 5520 843365
2410 574 994982
7037 560 723869
8982 4096 516294
3437 4467 13350
654 7992 957867
8892 7778 986359
1976 3960 230505
8858 3367 766401
851 6572 970202
7592 8620 985231
8859 7825 522025
5301 2334 991635
1285 2307 639999
9435 4712 323585
7441 9692 400304
1221 248 986970
8282 7777 426991
7585 2120 680219
5496 3396 187316
8551 121 185300
441 8998 788504
4288 9517 969993
8864 4591 685377
3504 9389 950392
5660 9455 69558
8259 6845 203167
5507 3362 785398
7159 1728 962257
1075 4393 369874
2658 5070 715502
9386 6275 212055
4643 6715 426738
4018 4507 361475
1232 2593 643577
9498 9038 762853
5218 1314 619654
1115 3859 333911
1300 587 703919
9316 5770 538054
1146 244 165694
1768 7551 960799
8545 2311 704836
7176 6890 661888
8487 5558 621566
3165 459 931197
1129 3914 719486
7927 1988 815363
757 1883 219204
379 450 146923
6390 1186 782732
1398 3469 331149
5624 7914 279336
2215 1679 627835
1914 8158 516970
5891 1450 272084
9236 7728 550396
6432 8803 729205
5528 6471 749594
4847 6235 860077
1679 5707 431728
2818 20 202985
6506 5381 158372
4047 6744 188303
4870 1589 209452
7985 3489 869163
4318 1406 164993
6520 4299 473400
420 8386 908418
8657 8714 853718
8894 9624 892765
246 558 979130
2073 1463 13863
2811 6295 142751
5829 1920 182555
1484 6746 169503
4124 5699 673269
569 9197 752605
256 1996 962536
1527 8053 884914
5574 1189 783268
3994 1036 812799
7109 3159 41485
4743 9648 267437
2487 2358 576963
8188 3877 533090
1329 2725 399551
7462 7104 121125
8085 837 456933
4647 7253 613797
8481 333 149287
452 1808 440247
5887 8266 111082
6266 4689 126104
1753 1575 676273
4389 1518 470572
2219 3371 228355
7184 584 698743
3233 1035 171867
7358 5795 468992
2307 8599 39468
303 3697 223727
4921 5258 64393
8394 9649 141368
6903 4558 871573
3243 8580 938979
7946 3921 963648
19 9466 146717
6224 5166 993555
1755 9221 365428
1756 5309 51463
5359 4107 26495
207 5364 737260
4512 7201 56822
7344 596 139071
7580 2182 936706
7328 8773 665024
4560 2885 793899
6698 531 474844
2403 8144 624564
2305 4149 478354
6353 8894 352546
3233 5010 953910
3438 3712 932295
5351 8515 184080
930 7360 149680
6534 7833 688180
4039 8622 625089
2784 8027 713331
6258 7469 130769
4736 2307 546181
7177 8422 828592
8521 6373 319212
6946 6255 920912
8002 5657 261324
987 1898 291558
9561 6148 250947
1852 6594 704447
9452 1980 909892
7808 8481 882357
4092 8816 841983
4581 6840 349448
4560 3060 58080
6098 2229 942204
8364 8713 734025
3589 2869 701356
2150 4563 802710
7363 8910 297192
8341 2112 259184
1053 6018 221297
932 6994 996530
5829 9411 885351
62 7777 186860
8815 4834 743602
565 7618 944326
4770 2999 542489
59 3490 514280
2241 1739 644846
8440 6515 520019
8711 8994 476895
5476 6857 771737
4119 3157 121381
5194 7878 522462
322 1381 844672
8457 4057 323744
5972 2868 516427
9078 8591 122955
6054 5131 711420
3209 1538 198803
1974 183 33952
2484 8660 301484
597 4816 857202
3829 4956 129740
6991 1303 272659
5772 5996 943955
7468 2578 123945
4024 2484 2609
5597 4976 505411
6727 8792 11937
133 2930 15015
4456 2578 817210
6196 3636 810398
3902 6321 401256
5268 3677 523385
6064 907 439190
7373 3043 861021
2774 270 801138
3511 4344 727228
721 5502 577566
7260 5619 417025
4398 6248 624079
8311 7218 964487
7442 8719 888836
3242 8396 461168
2552 2342 209209
2095 9015 185130
85 1020 871853
3499 3078 163014
5599 3084 356223
8514 1657 859886
1803 1990 479336
2901 6891 247995
4658 7291 510040
8641 9358 344315
3110 4689 325446
6011 1901 271707
6106 2973 439560
9077 1982 346122
1171 2103 459097
6476 2076 592515
2663 1649 676254
8656 9388 702576
7760 2000 547449
7529 4658 667349
1050 6356 647483
3698 8791 731922
6918 245 882499
2388 9311 403018
8154 9538 560433
6119 5465 774828
2049 2794 905638
4810 3830 684537
6000 2667 621727
5881 9535 947147
4009 9683 331246
3221 6804 81837
5464 7772 541276
7200 4358 267909
4924 4246 477871
3228 8718 678601
8081 2678 33088
6133 2553 439079
1010 7112 224691
7343 3057 227333
499 6044 38651
9189 7036 228338
5330 8034 5501
9690 8117 48769
4259 3142 189644
5261 8206 838926
5220 6930 947260
1202 2311 530593
9682 4927 843569
7085 226 694044
5103 6838 681332
6442 5980 931101
3056 6107 159927
5583 3185 35902
9618 2989 108545
6787 1429 32542
9662 3614 914714
1396 4671 22654
4637 3134 954984
6045 6631 174769
7298 6313 313999
8691 2574 829461
5052 6340 779976
7026 4425 732467
1449 140 273824
7125 2727 711864
9086 1178 358448
1153 1503 76810
1782 448 102702
6089 1256 623061
5151 9686 179854
8857 2095 356131
6038 6350 308971
5979 5911 935988
6787 238 478310
9483 2749 738552
80 9633 993643
8972 9276 134326
930 1789 595696
485 139 49662
432 2739 278350
9143 4442 671660
5498 7741 171653
3889 249 142934
9539 6657 595400
6938 7563 21013
7313 837 496932
4749 2664 851610
948 6493 897827
1061 9546 511395
5568 8595 90812
9605 8911 840578
9198 6012 193144
2239 8932 575360
5346 5050 23219
5936 6024 691442
3013 8661 562101
1372 3292 987621
6570 8263 850855
3168 9168 7601
5852 4567 279924
885 9333 193127
1789 5154 928896
9429 7941 697341
2325 8121 268156
622 6729 409703
8568 4278 123938
772 4731 450586
3904 1650 713641
9358 1457 807687
3263 2654 936698
3115 4346 828707
654 6094 84970
4218 4049 478607
6326 6226 34750
3138 6425 639816
218 3275 733454
3813 1634 639113
3992 1349 471703
4280 1035 503397
7391 171 325615
1390 3477 861642
4019 2281 791943
5924 9422 201187
8481 2645 682695
7265 9348 353782
2161 1623 671548
769 4849 765949
2637 7628 977862
6444 646 303325
2185 145 356716
4420 199 824801
7885 3656 949347
2287 4421 373156
3560 3419 804006
6379 6343 901543
8630 8678 310915
4072 4807 160278
3556 6749 996656
5908 2179 586471
972 7693 567864
1257 2152 733948
5314 3822 295519
328 8687 127586
7745 6733 288003
1281 5268 286118
4029 7571 177913
9533 7414 49390
1176 4432 875033
5160 2822 951457
2949 3340 676815
1251 5127 810175
1094 825 440450
987 9294 152050
9356 532 651354
4309 4456 374667
6108 583 201717
7202 5346 790998
578 7679 275002
3341 8135 780420
5595 7251 373223
7028 5599 37711
869 663 697037
2248 4428 906169
9138 4109 507601
6965 6464 817320
2901 7900 376976
2085 471 621631
4352 862 931204
742 2001 23485
1927 7520 469372
5382 2268 86594
660 1180 413346
5411 1826 866326
3688 4902 63195
2532 7320 839392
888 4598 768415
4544 1241 149075
6096 4097 573965
5691 448 265704
9176 6966 74556
3609 9611 837711
1389 245 714993
5112 191 606548
4123 2247 481221
8668 7368 534142
8041 5300 570828
2500 7556 711761
547 3965 648524
1715 8992 564458
1461 3467 761303
1074 3856 277179
3236 5170 327705
9192 2443 438981
1220 3874 325232
11 6789 231436
4141 7705 150552
5069 7871 132557
5326 4517 987755
3362 923 550956
5436 5151 174311
649 7441 968946
4487 4721 272755
293 7239 529818
5404 1250 962181
5755 3885 242729
550 7970 183783
7346 4272 802380
8981 6437 708467
4082 6964 803744
5128 7616 835226
9483 4721 99647
3968 4248 488538
9 5543 196823
2581 2790 305483
2465 8097 632301
7180 7149 354080
309 4695 202743
5374 705 733950
1503 6026 179122
8986 5530 344403
6515 9242 333344
4965 4455 668018
3251 6053 405334
6484 5837 258784
5765 1631 573015
5114 3755 22334
7522 9071 221369
7987 1376 979559
300 2241 797777
8617 3843 371480
3992 978 459792
8987 7144 551340
2757 7713 657041
1294 9216 251618
9375 4610 831875
5415 157 188394
5729 7919 670320
6780 5139 354544
2040 7845 643723
1970 2856 480058
7120 8858 923475
2158 2043 778443
2382 4564 739903
8779 3828 835998
7255 4502 389883
5056 9462 786036
4202 5745 51395
189 6942 293191
8236 6485 108339
1654 600 591980
4804 6419 866512
4712 9651 321076
2801 2909 980068
7471 5036 207161
697 810 321582
6430 6303 717473
1498 9449 868391
2695 7341 815623
690 7100 225526
4879 41 805705
1794 6184 229500
4734 1363 548381
4854 4964 858481
5975 1066 519807
2224 2550 131447
8593 381 108597
5 9694 617385
5965 2303 218245
1796 4211 270646
3 9658 386505
7130 5916 21537
7089 5223 545313
5056 7579 35364
1271 5684 239671
6046 7931 336661
8676 1503 374046
3407 5985 712617
4901 8833 87166
3013 1186 163877
6951 4251 195363
8077 3141 297741
2287 3502 635689
5457 7634 997437
1369 1050 167087
9289 1101 406621
8149 236 631124
7405 7389 627789
31 5074 146103
6371 3372 795001
7432 638 754940
1766 2284 220367
6614 5891 549824
3528 5656 203573
4054 2599 389353
6121 4169 108821
5652 5691 296180
2474 6513 730456
8750 2697 853720
2199 4235 229875
7554 5977 156671
9068 7174 856342
5934 4674 572382
4400 8632 288181
8214 9411 737705
8606 7412 522723
9393 9 315763
1560 940 470807
9621 1325 357625
9534 1814 407804
2462 7057 483050
8984 8500 547071
6226 6288 875665
5550 7563 872566
4783 2024 888284
2616 3857 170261
8327 7403 244645
4535 5425 932898
1492 7538 659226
7117 7808 727107
9129 1829 727445
8882 7116 703361
3719 9084 449541
3765 5389 645482
169 212 467584
3897 7662 806063
8083 117 131733
5219 9308 831303
1231 898 181471
1015 3627 678595
8283 2155 503420
4702 4388 598963
1937 8846 282428
5648 6391 120040
4924 2728 877780
2281 5200 742251
9655 7284 548955
4421 2725 573442
2408 2814 244807
2251 9478 867720
2264 375 232371
4213 9512 139755
2521 1064 296233
6380 8944 970
4369 4053 13478
9744 9697 992105
665 7725 222896
4086 2456 376693
2197 2335 721164
615 8458 696765
6562 9589 186101
3392 8994 588609
1351 6597 24525
586 7603 379509
8378 5997 552997
6782 8587 206814
1206 2954 964066
2473 670 59310
7716 4797 591974
9315 4358 134139
4810 8844 116752
4822 6769 118364
5865 8578 986218
8019 3257 604521
5875 7674 339127
1025 2194 803504
6710 6226 896783
3833 9035 321395
1531 5217 555686
7962 497 32224
6376 9587 845919
5969 5354 834183
8901 6673 333881
1122 6955 203818
1395 5580 427432
4210 1989 454992
2478 3672 433850
1288 4121 650781
7643 1189 754449
6079 4946 593718
7008 1259 801747
2856 7090 694442
4255 2453 149043
1826 6304 14662
252 33 272962
6320 2340 532839
3641 764 165106
2299 6363 385162
6752 7951 967137
7352 2711 622624
4205 5410 255965
6942 7190 46953
2744 4874 507060
1489 8443 439853
6317 8394 484301
2867 907 637972
9458 5483 744376
5074 82 860693
2526 3960 714424
2794 3037 650925
9671 2410 266563
7944 5376 474552
7404 8088 238692
1702 1430 365397
9490 9505 261189
9534 7715 510949
7123 5513 26791
1257 1926 895484
5443 593 536038
1339 8223 278306
3896 814 821254
7420 8164 488146
5493 4302 243249
6841 7655 639440
5087 4337 207244
7721 4755 512215
6805 9164 316385
9451 1045 734728
1445 4058 824926
6693 6433 783351
4648 8147 584441
4296 1874 887296
6441 2281 312887
3147 5100 423546
492 616 497973
9367 8318 715679
3141 3799 567789
347 8995 86857
7057 1224 544030
8994 424 253932
8879 1416 385050
5859 5176 755646
6217 4984 72347
350 4696 765225
691 1908 996390
9462 9227 340207
240 8268 994493
6739 5013 516288
8947 2638 504527
3331 7698 961477
4892 2540 996352
9429 9186 946535
5121 3925 225354
3669 5522 364176
9233 6752 375943
7347 6390 155617
9463 1025 252895
7666 7807 446305
3258 7990 239872
5817 2248 548206
5598 1686 69693
8639 7755 223382
3588 1675 442261
5965 4414 457734
7122 7710 374780
7451 2516 244407
9042 8180 710874
7477 4607 392819
6424 2907 156827
5779 2157 780400
4450 3977 305022
8571 5 937707
940 274 993224
9495 9459 159532
6694 4017 371064
8548 1855 301217
8925 919 304660
7660 6537 65569
8004 7183 209231
3937 7809 563127
7687 2457 817557
2680 4039 321335
756 9038 125081
2573 5350 108964
9415 7807 312015
2104 8167 747110
5452 8333 673240
7417 3491 243705
3146 79 383712
5033 25 325089
5831 2434 712753
1999 668 895560
3415 4561 913598
8816 5247 117344
9225 5773 101730
4389 5385 211711
8788 7667 318153
4787 3906 382841
733 6713 17628
8844 4492 862076
5153 6233 545924
89 3938 605072
8888 4254 504022
741 2259 40354
6836 7553 297562
9542 3077 528342
7063 1747 576114
4576 427 948274
7406 4557 53557
7315 6724 321685
6668 2852 650923
3603 8666 547077
714 1301 578232
2 5304 351168
7016 2019 643901
6184 8902 210676
2009 7966 714784
5480 7640 831665
392 8575 567786
7205 24 404448
3898 4867 683220
8510 5684 379149
2695 1193 295734
840 1722 784977
8409 5989 524776
7356 1059 600669
3764 6974 368914
526 2778 171391
4784 4514 280519
7100 2628 468127
6271 6158 923660
224 9031 381394
6006 918 779394
7841 9669 951539
1077 7264 737627
2578 4744 365505
236 4995 19729
7046 3712 26310
7281 1457 634962
3992 1255 507433
2217 8048 622627
1252 1750 954756
2429 2265 770312
8540 5225 32753
9193 3750 794704
7420 3849 570265
5166 177 549898
3474 9469 148562
2514 8379 372432
5145 8305 620481
7788 6219 110949
1307 3736 260440
1488 1923 788659
7949 9310 346623
2247 8597 704148
2910 735 932190
1652 5225 110854
7280 4213 874095
3645 3498 258365
1772 9109 156859
2400 9658 909574
7692 2754 561997
5637 6815 892263
3200 4195 426146
5730 3500 374134
8000 5660 865826
6484 2356 458965
3755 9202 944873
6404 5040 931666
672 2753 412212
4829 8588 206944
5871 8056 27359
5471 3870 691579
2543 6853 614917
9395 3785 74855
4708 4376 376070
225 1211 721220
4782 8939 783283
9172 1366 900292
6164 4608 429284
2012 7589 806967
8963 3244 38280
6531 803 811020
5412 8912 309196
4547 9219 871219
5381 7685 126038
65 9264 895407
673 6658 481373
5582 7234 751593
3869 3607 482936
5516 982 789005
2254 3563 631710
8029 6544 514537
780 9040 761868
5201 3553 764312
3175 6589 133248
7064 542 859812
5359 2174 184523
152 3681 51119
3802 6668 517187
5871 6 617948
1256 4658 355867
1064 7986 198247
3702 3231 226348
5175 8097 704022
162 934 869232
1580 5556 156397
6446 2226 259742
9434 409 999497
3413 7190 797208
2435 1102 866859
876 5539 307065
2502 691 70501
360 720 808926
6077 123 11006
8579 6987 206333
4578 4927 270409
1153 7515 849756
1323 423 698691
7782 4498 916196
4982 7757 25693
6063 6912 718823
966 6930 442534
5921 2356 601757
6521 2519 627794
8533 9616 570711
1005 2140 303185
4626 7726 224723
5232 152 121464
808 650 588257
1047 2347 907845
1328 6771 929899
1287 2378 620419
7528 6911 452103
240 5118 734611
6692 893 494276
2204 5603 439255
8898 3848 40560
1125 8753 964645
5371 5021 139769
3811 2970 314797
7183 7738 323722
5032 2721 722161
6539 6807 541160
8369 911 851554
7447 2470 386492
7549 1061 451331
2612 8655 59907
8344 1033 715763
1795 666 250711
3013 1116 251259
5708 8858 867147
9094 3441 735670
3611 8222 522178
7079 2054 304798
6410 3930 722075
7590 90 936658
83 8519 925147
8329 5653 455428
1491 2075 91061
1775 9503 27994
7342 7264 623359
6757 4401 434881
7454 7508 929816
4668 4714 112684
7007 1446 325240
5086 1497 968987
6456 4075 670207
9484 7367 466970
2249 6360 349089
9172 5130 398729
651 7721 736895
3216 6016 390927
4369 6968 306418
8051 8402 815585
2246 1987 884554
3445 7634 43992
1675 752 550552
3477 7472 3858
7937 2034 49352
266 9277 443013
9157 2194 699502
6775 3294 663476
9388 3096 920831
6330 3400 608031
3128 848 183010
3745 4087 40454
2190 5571 659674
1177 1781 484357
7598 7717 37105
173 8984 209725
5520 6815 525745
8029 1313 932971
1590 3411 299992
5429 3563 784223
1972 3413 184137
2515 708 679422
5309 5442 618076
2157 4049 280126
7652 8479 190429
3751 5247 492331
2519 4424 482412
1829 8356 325798
3106 5729 281561
9228 5485 36979
6832 5248 306297
1836 2380 445293
3939 6182 191514
1314 9012 709950
4909 6448 202280
4442 8870 530785
9563 7378 608157
6675 9104 656331
1464 2144 77055
1425 432 127428
4170 6067 884380
4210 8947 966086
2061 5017 858539
8889 423 353829
7747 2742 626163
2596 5426 410176
2530 8070 143382
6891 1720 954496
9315 7909 37128
7195 2500 81080
6673 4466 699541
4179 812 130337
4486 3721 743015
320 2583 231409
3797 8605 985296
7274 2305 627969
5272 188 482394
3459 6383 53592
7267 9720 723453
4397 3068 854038
5159 9365 84397
1336 2522 317091
432 765 261181
7466 2942 389293
8176 6143 207222
9685 6083 430624
5726 5486 792088
9301 6008 176636
34 2312 718854
7656 385 577923
2506 3776 605995
7065 4625 953396
9464 543 275416
4593 8275 148173
9579 4394 491280
7678 154 203151
600 8969 731878
1772 1929 882421
381 31 53651
8723 4700 505491
4966 6239 78479
2316 867 519141
2971 8896 711965
132 8432 511473
8082 7738 321486
2004 3631 266258
205 3098 923888
7589 6719 73632
286 5664 877253
1262 4639 499831
2882 2592 9570
1738 4269 740635
7270 7464 52090
2038 6901 180070
5631 3140 474454
8986 7218 67849
6607 8817 530985
2668 2507 234054
6647 1129 651677
4376 2956 595686
6094 6260 504087
8592 8755 385177
9221 7440 195196
5463 421 43236
224 9693 883455
7493 9224 403708
5087 2265 403080
6648 7950 211227
2760 7884 31903
219 3670 51545
6223 9253 994556
3016 9696 129588
4639 7698 151096
6537 1301 704735
2687 3255 308826
4359 4628 661232
5585 8225 357167
4231 5842 963673
4981 7519 436173
1993 4453 98481
3131 7109 986528
8091 9328 521101
6316 5318 154567
3063 4017 460748
4785 5193 561043
3956 2199 18037
4831 9362 434805
3819 1648 122967
7806 2694 501737
8743 6695 80188
8805 703 776081
3713 750 36756
682 1694 569918
6406 2016 39672
6011 4389 240967
3262 7365 242016
4659 71 755954
7561 2261 232678
2349 1652 454247
2187 5 479805
7358 7915 744078
3387 387 996322
2001 7749 609580
712 8625 829984
2773 7105 569655
9690 6567 669608
832 423 996037
8144 8849 915533
6926 7120 924022
556 1036 707792
3116 7095 692372
5923 4974 803595
3823 2659 284390
8639 3363 765945
4258 1741 174549
5206 6082 541922
2617 2371 137636
5534 7771 796903
5584 2319 970038
849 1549 693686
6377 885 537133
310 4523 420894
231 1989 841895
2695 7330 149010
8084 492 891693
4721 8878 616903
2728 405 226043
1132 2730 100293
934 5353 513880
7544 541 832728
1853 2571 892900
3676 1803 364597
7476 9567 334137
4946 3840 929690
626 2489 704426
5067 7239 956512
120 5070 601152
2529 6580 637983
6359 2956 638226
8105 5390 115505
3559 4369 542024
4673 2845 346286
8012 7132 432202
1472 5759 839810
8359 1765 609000
1885 6179 302242
1864 9046 432951
2585 4151 149933
5189 7581 311828
2523 3014 221890
1586 9403 621545
4729 7776 483961
1288 5909 13189
6561 1954 732750
4863 6873 759603
2176 5641 835569
2795 546 177793
4873 8476 691726
1956 5267 474659
9212 7735 132636
6927 7207 882575
1141 627 900441
6294 4343 767116
1725 1808 405992
6842 4403 567072
5152 1959 837198
9286 1105 730093
5970 2897 895555
3185 7180 930113
4521 1445 139772
4650 3705 576846
6971 7353 597292
2914 2516 306340
4755 5843 841175
4895 8228 59195
9655 7677 59732
2461 8503 275227
2470 9288 181917
757 5394 27471
6633 7528 974660
3194 3271 527111
2573 9264 110873
9091 2781 441524
9579 5319 928326
2470 7880 979258
3179 6612 829528
3835 8988 836037
2686 9676 303077
6761 9629 301650
8639 429 2989
2093 577 15086
9042 2696 758854
9511 3061 272034
5441 2244 676331
1689 3574 568898
6570 830 383624
7589 4209 443059
2831 4141 864624
8111 1384 809637
5431 6186 681361
5287 9386 875504
3785 3341 233573
8910 1666 103236
795 5769 900186
2644 3461 365501
9352 4710 977276
8985 190 95373
8093 3085 718154
6600 3288 770962
471 4943 825317
9037 2222 96769
127 7507 753408
3980 3822 586157
3316 6406 797696
4087 1648 231559
7517 9621 726679
8307 4960 492635
3721 7165 128550
3155 790 592441
7439 3431 975797
3417 4789 746968
5718 8780 440372
7245 3414 591640
5534 7060 624366
9461 8030 10167
7371 3673 512279
1126 7644 751817
4071 7784 227391
8826 6017 740358
9742 5607 60839
8774 5657 21011
8634 1486 652854
9090 3018 374643
3963 1660 850127
1573 7465 109713
8029 8240 783731
3908 9322 517681
9650 703 514924
4720 814 944046
150 7597 713256
3315 1940 255881
4450 6562 377117
429 3005 215635
2074 3246 683058
3493 7396 821791
5606 6886 830756
5114 3140 101343
5426 9667 997209
2726 5880 801864
6386 1169 733601
6334 6365 230256
116 4737 90346
7829 2922 734157
8044 1180 47151
6704 8458 20823
4502 5534 892361
5323 7569 437276
6777 5276 120792
9147 753 705071
9643 2194 242764
4419 4099 516407
6416 4281 806469
467 1679 816143
8170 3379 718808
2403 1202 647899
5931 6581 225898
6057 233 4994
5640 7 109954
2878 3141 41210
3600 3895 271681
6131 8502 565979
1519 5632 952264
531 4188 644943
746 1968 440305
302 7369 246278
4464 6116 384434
6366 6257 532294
8081 4729 427019
7925 8853 559202
3226 7921 85084
7065 9702 963937
6006 2718 237112
232 7818 296041
9514 6709 617506
255 6424 570933
5070 7777 748197
4139 9129 468313
5968 3536 318002
8076 4870 905571
8766 3061 74317
3606 629 706540
5324 2638 375693
6353 6513 658410
8619 213 271504
8674 7783 813561
8281 6320 148728
6581 6415 29698
8620 63 531246
5616 7048 516022
6033 4391 90748
3087 8918 245012
6073 4576 648047
4240 6007 687728
6725 316 3105
3825 4882 370357
1146 3328 596235
7290 5306 364716
8139 8110 100719
6856 5311 589179
6221 1441 88087
2575 3956 995578
908 4787 605940
5115 2881 435669
6648 5649 223185
4268 8648 19448
8494 7191 323738
3040 2278 229865
8904 3889 407271
1425 5070 662146
5506 3613 841858
3225 5490 815582
5850 829 924466
8818 2488 690794
1161 2953 365775
1128 6640 640282
5463 5177 252544
851 9575 134703
4325 1993 135818
5858 813 718621
621 4335 922040
4395 7793 845384
6448 5779 134134
5500 1924 669674
4025 1986 324815
1364 1240 506747
5479 8509 162103
5410 9317 226317
590 5134 251874
1985 5606 914497
6312 9640 486793
2909 4879 416285
952 3757 546968
876 8690 150905
7222 76 135754
5479 1471 633158
7033 5597 130511
3875 1588 87847
6970 7751 839315
6825 3387 434566
8610 3373 838099
7360 7777 279779
3087 7170 448026
6173 7494 779784
1661 9550 284847
6788 705 68331
3519 8015 868145
9269 176 544382
8163 1763 124627
1275 1841 381796
8346 5284 570721
3113 6163 961892
7232 3058 83824
3517 4218 513643
8254 1625 455946
3911 8384 197107
7706 7849 120614
7727 4701 718463
6724 1671 673154
6943 2159 852514
9011 5436 119018
3888 2578 596893
3306 6562 738455
406 3989 780947
891 9174 417557
5048 708 229349
4185 3042 995533
6673 4262 763709
3024 2721 839109
8814 5339 825109
8656 5298 114112
2757 4715 476592
7870 1938 651778
7143 1500 66891
1162 9217 440419
8186 3252 664204
6579 7471 61778
1337 8663 304556
7289 5954 835671
1336 8097 437732
5610 5184 553839
1122 3094 189040
936 5861 591331
2477 4230 370610
6907 8501 659784
5042 6099 603122
4856 8889 845972
8709 1115 214376
2559 2388 12238
8319 8689 79152
968 3431 665940
5196 5093 595642
9627 8696 249976
4641 5677 690045
8897 9133 196284
4543 6355 408698
7980 3993 60449
3110 8292 619043
7498 1190 941405
8283 8011 114171
5508 6692 293691
4983 9201 729109
499 8060 554879
5587 4063 337774
9149 196 130388
2487 4433 348927
3517 5144 813956
4393 6755 939952
3380 515 181337
3736 2131 220311
4957 6155 633414
6941 824 716549
7300 3309 478377
9142 513 820262
7869 9299 82547
1625 5447 700646
6395 6928 641686
3384 6529 194529
7381 1898 908216
1196 1324 244629
5562 6798 965190
7373 5378 299985
9299 4939 127281
1337 7035 638561
1465 293 781733
9090 1952 862996
3045 1110 763583
8674 5347 386801
6879 9689 766
8540 863 182819
2284 5232 159610
5505 7219 182738
4470 4620 355072
8201 4488 59115
2947 1555 225421
538 7794 898303
4413 2124 893935
375 4950 384741
590 1571 342696
675 6468 841955
7700 7460 231771
7299 3329 459102
1967 4307 515856
9346 208 139295
9114 4220 957669
4227 9319 443516
3539 676 177714
2912 5617 547673
2466 7000 563915
7302 3018 169218
343 2288 976722
754 5010 154747
3323 1433 261186
2203 9074 674815
5245 6281 900884
9288 733 499909
3532 1703 476350
7848 9275 50293
4952 7171 74863
3088 2649 126264
7649 4984 744899
6605 5462 571889
3496 2503 390609
5890 7734 761253
8441 930 674211
7116 4385 979494
3157 398 706451
417 6739 939279
7118 207 237390
2858 1434 309213
5684 3156 755266
2349 8879 601412
3477 7088 624126
7865 20 39067
8249 2393 216792
3683 5687 328765
6606 3029 503174
4449 1054 112037
1416 9062 907279
9624 2047 598600
1011 6802 887513
5421 6365 996827
1025 9055 489651
7546 4347 470375
7533 4888 27852
311 7440 575588
6923 2497 231880
4406 9279 541402
6917 1618 645844
1614 6086 731204
8259 1958 868882
8837 2756 647548
248 8302 125526
5184 1048 429228
3028 8013 753620
3329 4591 224328
4063 7639 430970
6945 9328 710691
1676 4138 699747
4857 7375 853631
7694 8545 839859
2967 3403 77807
4380 4480 988702
2360 100 781210
8143 6860 658480
6517 7717 134250
2738 2970 902898
6614 7309 800700
4341 6785 775754
7418 9712 824095
8377 8556 814093
444 151 576807
447 1403 669622
5680 1267 789075
3834 6021 237678
4840 4142 248773
5032 7124 532915
6355 7393 320032
7768 668 731148
2936 7843 33394
4200 6773 724047
9313 1986 307591
405 5427 475121
1913 5291 441685
3157 1973 429618
3834 1750 426533
8316 9642 112971
3150 6164 36905
3318 4657 74185
4608 269 247001
6880 965 531612
1776 4186 145628
6092 8169 741341
6714 4392 643748
4294 6137 306562
1193 8612 315027
5039 7799 341364
7822 8880 981114
6135 5486 570260
3825 1652 705085
6157 5678 579010
6413 4920 155555
2044 1576 781733
3366 5450 893230
7665 7181 604261
7701 6909 966053
1631 7619 227002
9092 4339 396203
520 6131 397826
2154 3584 159651
34 6255 48418
3845 7104 72416
2759 6419 453537
294 8308 291468
9506 340 154530
2800 1635 140871
721 8599 43678
9418 3147 815762
8195 6516 573743
2619 8341 674362
1496 3889 519294
7171 5624 899535
1788 8331 780971
9588 8873 188497
9421 9164 367671
2449 4988 10369
6247 7993 885881
810 3118 461865
8823 4538 902391
914 6306 246777
6395 3619 986636
3492 797 181342
9110 8302 551272
132 3380 413607
2785 3977 330888
831 3749 594094
5026 1540 241275
6539 4682 643633
1050 5893 584218
5011 5403 937811
3365 6513 469980
3858 184 395525
6812 8084 381341
8372 6100 390581
5320 9503 596282
7756 5812 106339
2100 7217 663979
2672 4630 141314
4551 3762 834456
4648 231 199794
5083 285 318170
8871 486 80484
8400 5654 972200
5071 3858 16160
62 6723 466203
2555 3084 922587
5836 218 669336
734 9529 478506
4227 824 93113
7127 1814 503796
390 2390 823754
1510 6061 349283
8312 2610 777928
2297 9653 845691
1148 4515 756717
3535 6454 791424
4841 729 396967
5018 4939 910582
6454 2412 976819
1787 4682 922545
6714 1877 389180
656 650 120689
1709 5035 263898
3184 1760 624391
9435 2885 838364
3513 8910 217166
4763 2457 943056
4211 2948 622092
3069 1665 49442
3570 6741 307394
562 4949 952158
5944 3758 932400
1342 8445 83868
9566 5628 762905
5330 2054 586191
2479 9426 994682
1899 5038 550874
7895 7055 451093
6707 4837 786448
3236 2909 593878
3103 3438 260541
295 189 519839
7730 4355 16952
9500 4150 280811
9294 5864 396809
3777 8725 107479
2131 1630 382039
7847 2341 302326
9143 8363 10789
4171 5874 329364
2642 8526 378966
3373 8079 436573
7885 7638 255764
2758 6824 283478
2980 933 759726
7897 4382 304428
4180 2005 242663
6671 1872 942543
8999 6344 945338
6521 295 416582
3642 8797 220533
467 4440 345860
109 2073 444022
7030 269 964219
3022 7196 918928
2750 8473 353986
6967 5490 510511
5234 1311 996728
7047 6365 24148
8815 4935 62041
4761 1267 763557
5221 374 450535
6452 5171 37232
6108 460 258563
3098 2742 416982
4026 8186 492683
3010 2313 486993
5992 2204 732782
8536 131 253571
6060 9494 802653
8713 15 234238
7190 2769 71356
4997 3178 326028
1319 5252 76886
6276 8288 605959
7818 6132 116792
1247 3257 181407
2570 7764 975362
7589 7236 908519
4624 5632 54673
234 5077 140624
2386 5323 874651
1977 8627 437823
5470 1518 558838
5363 3064 260112
4849 3001 24667
1713 3897 417235
7607 1843 675306
1030 6799 301967
3253 5702 443437
9221 3127 909466
5852 3057 659539
5811 7412 627739
8555 8968 995640
5386 1010 862223
5186 521 636705
1104 3279 843052
914 930 14890
6590 5180 805410
3369 538 884870
2592 8031 265254
7482 6024 61353
6423 449 848285
5594 4444 600559
5264 7223 567356
4244 3651 925459
1537 7915 54098
1617 5899 744989
7186 7739 69169
5011 8113 21063
469 5229 383416
1790 3319 419213
6035 8115 551605
9670 8820 787385
7768 7129 30157
8266 6077 614795
8862 4962 880437
7058 222 77406
3956 2438 189858
499 8494 795213
5757 4701 404549
2991 2618 219077
7066 1692 486812
3919 3824 345648
3242 9143 838522
6226 172 326165
4451 6113 75563
8734 5134 259514
4744 7321 770651
8245 3002 744948
293 2852 55301
5442 2007 619896
3335 228 160572
1540 2167 603087
8656 4587 465573
812 781 366662
6225 5181 734100
1531 4844 894069
2548 7265 816987
2738 6022 822039
9383 5007 293203
3850 4099 908864
8576 4467 64859
5629 1404 241150
8480 3788 122037
7798 4483 78363
8559 8154 142101
3873 3507 151881
4342 9207 983433
290 5891 700641
1859 2794 685725
7665 2360 971813
2511 6511 937020
1751 3778 702526
4825 5047 310555
3117 2031 542010
5958 2095 639408
7548 4973 401414
7023 510 945948
8467 4373 803652
1596 5312 965389
8218 4211 725169
5367 5485 615647
5020 3347 925949
948 2410 576726
4888 1082 310975
5488 4103 283081
2141 6129 67034
7873 2216 767460
5035 171 826067
5478 2519 317519
1634 111 978660
6085 5678 30623
290 2977 766504
5147 359 197261
585 1718 856263
5508 5188 434600
18 1006 273956
8226 5739 2013
946 9707 650283
694 3597 335295
9082 144 961893
5882 1110 935620
629 6391 752336
6227 6133 639611
6618 747 652832
7155 1653 864892
9608 8822 428385
3532 771 321677
3639 8730 221582
3670 4512 953438
8621 1678 714301
3068 3141 907372
4061 1082 125059
7553 7347 568818
4957 8481 76356
6759 6396 499305
1352 9150 518409
6523 4507 415587
7861 4685 796363
5859 9441 965775
3020 2455 150077
7161 98 486018
389 2509 589649
4648 3062 152381
3979 6966 482096
1558 4297 850855
4646 3944 445048
2723 6726 165951
8347 7155 892683
8558 382 929722
9083 7395 523
1560 7434 225106
7956 5214 51480
5716 3765 9942
9427 3501 371111
7552 2690 770917
5180 1798 269003
2435 5352 667688
6944 5477 288183
5809 8977 693116
7079 1920 455429
569 1160 242162
2339 3522 865365
7097 6542 99873
253 7278 697853
2527 3728 181342
4951 7868 209210
7063 4442 232212
2335 8927 735181
7406 8809 843304
1932 6411 946440
7016 6197 553426
9742 6718 800374
2617 6631 486042
1032 6353 96785
4234 7617 263423
6403 1405 531506
4029 628 642026
3868 4375 465929
9158 4219 501885
8506 8356 830785
7295 5493 399602
411 3019 723768
9038 1304 437954
1808 5175 58796
2503 8505 423852
8701 3784 133582
3470 2848 504405
3083 4080 282531
3970 3121 311080
3963 2390 978114
7272 9572 646167
4174 194 617634
8926 6205 782685
3079 6005 690219
1676 2643 16464
9295 8088 847988
1889 8816 151052
5519 4233 902632
5639 7612 954675
1112 9201 80049
5099 2771 504215
6484 2900 439993
1368 3000 90254
6713 5385 568706
2095 2156 455028
8390 7159 626765
9572 4062 414488
7197 969 102722
2382 5541 579723
7615 8736 882637
2425 9469 635154
9553 5046 316469
6465 7043 711935
9146 5822 724673
7653 7953 490309
7943 3652 32239
9414 5339 586354
5703 1548 388470
1182 2590 165051
9343 5611 946860
5571 2754 971189
3015 1631 582052
6139 3575 390791
2565 7070 660541
7435 689 355277
1549 2762 269057
3086 5965 701991
7646 3013 556806
6113 1812 819575
8577 3192 96013
2062 3200 218784
6523 1782 925478
1853 3240 326592
8907 1159 120012
5420 1643 180764
8107 6086 572026
2124 7572 986723
8490 3825 446235
6213 7952 813776
2546 9546 807703
491 5382 658467
2283 9400 265251
4202 4999 552631
2478 8638 892180
4877 611 959852
3078 5983 463322
9384 5031 474034
4064 7815 4595
9484 5189 256181
1523 4689 815198
749 2249 39775
9487 1503 673325
8205 2256 640553
1015 7174 707621
207 5750 157674
5385 6475 4741
1213 1006 344947
6180 7145 593747
6143 2830 47848
7830 99 971594
7629 4550 463923
2429 5901 400269
6055 963 465448
4009 8349 120559
4968 3728 367320
115 300 594743
5779 543 213529
3821 3670 881307
9059 5967 801779
3294 5069 872871
7514 8640 632494
6551 5463 466490
6280 2984 523709
1000 160 458837
8212 3836 384439
3904 8673 865087
5467 8459 529553
5139 6690 967144
5540 3588 814000
5798 7283 788627
6166 2388 721104
3317 8358 849946
8803 7038 275503
5229 7060 325582
71 4964 506146
8185 5147 580698
7384 8613 55404
724 2684 185981
3202 1097 477530
6283 9513 272736
4239 2585 842538
5189 555 764568
2474 1895 197929
3666 9739 519335
8441 6426 927834
7537 5700 305558
8371 3195 716668
6595 1337 696323
6535 4580 3151
7013 5779 919677
4215 8530 920015
4960 9451 23602
8542 11 241940
8575 4882 245712
5832 145 365236
6889 921 200106
1138 4995 245532
2779 5233 605030
1309 4970 595012
9562 5651 90700
6423 255 106925
7317 3386 523399
2236 7632 392543
2618 4466 379805
3579 5393 745588
4747 9036 233239
5791 2479 499086
1838 7549 715944
1654 9147 378610
1429 4078 118350
6805 6411 234284
5959 9571 621931
4226 7599 230552
9098 5232 537465
7519 8369 149784
7228 2794 873504
3980 3358 642130
374 7194 806666
7126 8197 896000
1959 5091 857195
3605 2881 925331
8160 7826 615616
8411 8343 363741
350 4072 628951
6649 6452 836360
6264 84 985207
2885 1556 216841
9570 7939 72935
6493 9459 643198
1341 7594 947608
5810 2816 688946
1630 5841 914074
6848 4373 252245
494 9644 922539
2903 5175 326962
1429 7861 169134
9651 5732 470435
3359 4818 145816
3990 9514 665287
6064 1282 655742
3323 3909 596716
494 8126 522838
1723 1843 199162
1915 8137 29639
1116 5388 82426
6909 4239 872356
5753 2649 608241
2082 4955 263044
8297 176 988721
1576 8332 97203
9047 1556 88204
45 744 564580
756 495 91706
7394 4713 863208
682 5839 50599
5452 1759 181657
4411 4112 432529
7509 7851 304633
7978 1119 267090
1520 1047 811287
4642 6986 226718
9050 6983 322911
7959 6019 887344
4351 5589 160944
2934 8446 714668
2071 2494 634977
1430 3950 979741
4026 3502 440445
7573 1442 993152
1035 993 81824
4044 5856 769877
5659 6896 268486
5907 5808 87332
9554 5394 115845
9305 6087 892148
4730 2653 35302
898 9610 436570
6478 6973 287860
1574 9356 990544
9730 3209 963697
5486 2439 897714
368 8180 983525
607 6035 17099
48 3204 954402
7985 50 626836
3610 704 992091
9495 9022 798542
5662 3337 605400
4333 4912 719469
3216 3482 772212
8820 3359 102416
2327 4425 401062
539 2977 423951
1664 2197 960682
6673 2586 90233
3885 2973 705578
7694 3628 506928
4758 629 544929
2593 8521 225630
197 7199 420401
6255 8148 499710
4980 4578 61784
7452 2711 933328
3380 6777 286688
7772 202 831993
824 239 727199
3957 5212 332903
8519 3742 397669
32 8198 791780
8039 2075 887176
4921 3832 823260
8049 7034 891469
6168 6344 217424
6376 5047 164875
2158 4330 238997
5849 8010 487326
7905 5122 595356
1312 275 745718
6295 167 880489
4314 8142 385171
6589 6290 353635
5065 2669 969435
2528 3664 693512
5106 1662 823976
861 6461 882318
3726 2147 145646
3810 8635 863945
2751 7612 581096
4011 9181 883769
9722 228 821763
4016 864 8694
3003 2414 802839
7122 8687 646865
2023 3983 164318
2905 336 139272
1230 4834 521683
3498 1719 250776
9387 510 139153
7493 6972 247080
339 3820 591171
6030 4337 889110
6948 7095 54883
4996 9327 617815
6684 3271 566510
7445 2175 287335
1783 6880 568553
2707 5159 836680
2947 8967 82373
5489 4597 386656
6362 7479 439763
2267 5619 83579
7554 8791 340262
7667 8379 649219
288 6967 807666
1818 4742 519712
3733 114 652989
443 850 303744
3995 7899 162890
3657 5017 732452
2896 7296 427482
3291 2632 702292
1150 173 298991
5678 6334 67919
2741 273 36732
5660 2750 526433
3118 1994 306413
2841 8782 367571
4213 6855 285462
9529 6602 725524
5424 4876 88208
7971 4065 22167
2399 7926 102458
1131 3560 224441
8087 6972 155720
1386 1652 947288
9463 4275 456476
9653 1500 49960
7328 5397 50620
7220 4972 718550
8558 1465 309742
8583 5502 728123
3748 720 889494
8079 5553 860628
6442 425 683502
5691 4612 562750
8121 3307 867632
5951 7664 745971
9731 1584 828315
1893 3145 472434
6705 4248 316606
2355 8421 786472
9008 9250 405363
4602 1810 227506
7509 5316 682196
7715 3067 627447
9614 2866 625193
4625 6724 62860
1442 986 851843
3156 4082 375046
2611 8055 8009
395 8053 588595
1494 8045 789008
9531 2237 403441
8541 9584 268470
2488 1992 732448
5797 313 196119
6439 7346 620386
9130 7835 765933
7916 295 228771
407 6633 216231
9461 3774 796265
9620 3348 580680
8086 7230 452107
6424 5016 565668
5237 4308 500076
14 7227 984028
8077 8404 14395
6355 481 233963
2062 4195 353434
2513 5525 827650
1088 4676 882388
6851 8342 736876
7644 2314 777909
6988 4682 843876
8728 5846 963596
2619 7369 126687
8321 1928 395116
2079 9657 862799
5705 8956 911724
7365 5894 14497
6043 1439 522126
4856 1531 337507
7807 9654 424198
8049 3477 934133
9107 2764 474533
8781 6585 21378
9086 423 348089
8272 3966 445656
5196 7034 373545
6803 1443 595269
8233 9214 77094
8650 2652 368439
9118 1854 941581
8306 2859 148650
1367 2211 63694
3696 2486 625391
7706 9003 390616
7133 9357 50977
2231 2405 945731
5196 9390 216871
8861 7534 589145
5592 5963 793574
2633 1811 928061
8500 9635 273679
1627 8479 298214
2916 1200 989109
5105 3178 646295
6955 7581 990463
9268 5275 408633
693 1885 166547
5940 6504 658510
728 5122 681225
3147 8366 101589
4369 1947 819106
385 2955 579317
9662 7631 671814
3663 908 21637
2894 3828 57031
60 2646 213112
3834 108 275778
2140 1588 750063
8532 1241 156677
4394 4493 540984
8852 1102 336638
8963 6887 904526
6468 3607 912681
5601 6395 48910
9410 7548 444651
9413 2792 622294
5579 2689 460506
1118 7073 398698
2748 5389 882927
2613 8341 254108
2638 6967 869940
5511 9472 943887
4003 2903 82298
5033 4816 535257
3263 9086 114835
2692 7166 722730
8895 1135 640200
6476 3817 453621
6336 3659 668495
5305 2014 377269
3064 8736 854230
7691 1427 104296
4684 4175 591961
7716 3895 900595
5010 6409 969273
2808 1201 418823
3109 3335 500308
1639 3607 789049
7257 906 795342
9471 6266 734158
3847 631 769003
6017 8090 712819
6839 5936 922388
3210 7157 338827
8189 5832 758274
6320 3643 200222
6528 6431 643340
5752 1686 284129
8027 7007 359551
5710 95 215660
3648 3673 173256
8388 8496 177677
9076 2995 750189
4344 7893 188291
311 8770 194637
4156 8628 932465
9165 6180 395921
5374 3372 246904
426 3037 210210
8074 3679 250468
9288 6944 808613
8707 8406 860436
6539 5901 820927
3776 8148 95907
2306 790 204459
3127 290 327172
8858 4791 625848
8644 4630 385768
4327 8862 755490
79 8407 984318
1994 2734 915552
729 3523 103566
3052 7583 323587
4171 373 304856
7844 7200 803045
4329 1701 295327
5900 2313 811208
5197 8608 440402
2928 7960 448451
6605 7347 657862
7448 7883 593199
406 8635 240327
1403 2629 4738
6641 5898 225538
8911 5983 499247
2538 9627 156016
8156 617 176010
4333 175 100814
1695 133 70354
9475 5270 415537
6780 9016 999198
8620 5797 198365
2879 5545 850320
8745 3940 507337
5547 910 882359
2086 2454 330004
3539 7955 221354
2768 3645 132394
8099 8856 364251
2109 5575 660864
2287 5286 113574
5858 8670 900348
8023 6953 761864
3016 5758 398246
3910 6425 578293
4116 515 711468
2065 8736 19798
8726 4312 145305
8486 4629 777534
3063 2924 163167
3349 6764 211166
1338 5361 730262
9167 9285 734609
8975 9528 252983
7108 1351 673592
1100 3165 215150
3577 6161 935062
5467 8110 185568
1915 8337 441934
9146 2712 532437
2239 5671 232380
6157 5075 772330
4158 2956 245443
5864 4522 814318
2480 25 929422
5497 4311 372250
1179 4103 518153
2724 3927 110854
4186 2357 43064
633 7225 880795
8708 1197 507835
1466 4726 308054
1615 8872 974519
4967 2226 786804
6488 767 565295
1688 19 963301
9337 2031 920970
132 6216 531218
5390 5824 273506
1747 5395 293794
3175 92 583775
7634 4267 171503
809 7810 920192
8468 8953 125295
7098 2900 224257
1900 8874 995932
1288 5962 747714
592 140 666525
1118 4549 349150
9716 7736 709817
1731 2505 802984
1545 2466 541851
2447 6108 984280
159 9668 734733
8286 1984 741675
3276 8365 932566
713 1209 841757
6585 516 840487
3869 383 77539
983 7182 325651
6944 3841 250633
7521 5783 405104
7513 6007 453718
8411 8377 889065
6389 8144 645763
6325 7601 458065
8221 7857 783508
714 1217 332553
9081 8991 661023
5721 7304 603914
4575 2293 235666
8284 8327 908344
3341 2174 132274
6520 4549 687249
2669 334 831160
6237 6819 791143
1600 6050 506910
6830 7261 670010
8467 2892 129342
9587 6354 918612
1354 8306 951792
8877 4655 324380
7281 4159 592829
6212 390 268366
2187 9072 824029
2301 8420 874799
5294 1264 798132
8376 6291 165439
9681 9704 570193
9250 2791 772019
9675 2312 167878
800 8004 94326
8755 5665 244770
2005 837 722930
1223 7490 349042
5591 1913 565998
8786 8144 321659
537 9701 553693
3534 6012 644410
1412 7634 254456
8798 9727 233402
8753 1762 751899
3787 8366 141232
6046 6462 43371
7028 6412 532205
2829 6529 912343
7729 818 760894
4907 7758 208795
4162 4160 692610
4126 7867 976999
783 5965 143672
8240 6277 433389
3232 7551 837348
2095 9068 997773
3192 1129 579353
4356 7022 794072
4845 5012 594558
9465 2804 153009
8378 7989 508480
1973 7617 694622
306 7176 404240
5120 3295 213714
2901 4893 179656
9370 9046 206651
6036 8682 586448
942 6417 493403
2126 8795 318215
1994 5695 95167
4924 2058 312122
722 4352 580619
9110 9182 311972
6723 8018 44212
9216 3970 339452
9507 6758 868501
9201 2539 650120
5826 5560 66511
3948 4922 316747
5665 3702 834978
4123 5846 210095
7316 7760 628922
