655 1346
472 300 865794
88 241 390168
93 630 376517
37 47 629869
284 151 805617
488 220 945569
437 512 992485
136 88 124589
364 525 550457
433 382 14089
525 329 681285
39 222 511472
139 563 668541
294 155 284128
145 249 787824
420 391 105071
16 588 744661
145 535 544048
330 595 245397
240 396 469611
488 495 811191
477 131 349096
200 344 213971
112 380 67636
538 518 450671
201 318 365277
144 561 439784
331 425 908871
156 119 677388
28 375 429681
67 281 380949
549 36 687820
414 503 526138
464 165 849228
34 421 196536
346 23 887730
597 72 812560
349 277 757625
42 143 299095
322 363 446563
495 244 667172
14 341 59138
408 121 721505
593 270 163331
81 1 313670
207 459 985509
196 163 235465
29 147 793622
279 180 110091
185 352 257627
124 411 215223
463 562 715688
594 22 574479
27 458 697886
113 589 779803
368 390 331909
13 524 902824
206 219 987513
489 295 909308
350 360 151915
597 125 790382
167 330 657001
652 351 6653
262 397 551489
73 567 964985
375 270 578376
121 158 597648
335 595 816520
284 350 213640
422 625 817273
160 25 815565
390 60 99567
176 316 344844
89 52 458407
447 389 781390
268 395 612712
616 30 500429
529 573 400625
375 103 492222
206 538 110875
78 75 965323
357 542 589902
421 64 802239
225 355 877496
411 512 217076
583 150 75671
558 199 570999
454 575 138018
205 298 460046
239 462 449739
516 392 326999
20 150 985153
519 491 309346
491 81 957509
593 213 272978
94 96 371350
395 601 533279
434 514 220236
90 241 332278
560 148 416518
519 211 99327
500 149 203527
186 490 120701
447 233 899625
48 577 226187
263 176 616178
572 53 424752
550 191 504302
119 129 421662
164 451 746437
434 509 254241
461 512 696105
219 467 80603
86 574 750240
184 259 651193
339 558 718777
246 484 476049
600 117 932518
105 315 308468
74 307 498420
578 617 965891
57 63 710653
378 158 627105
188 568 536977
72 57 408722
79 253 97739
111 372 170407
46 91 898023
29 512 76444
410 424 799467
201 334 498172
20 311 352920
338 448 883642
298 283 579108
543 167 351449
481 125 785290
15 412 81534
99 375 740356
604 641 740030
251 182 875870
192 601 466040
116 576 311312
540 252 956530
435 447 8742
201 519 69293
390 229 238676
108 23 765883
265 242 207080
101 377 169606
302 226 651627
214 466 349477
92 149 531560
437 33 475651
252 448 938040
271 63 649439
471 279 97645
219 99 839637
601 3 732316
29 505 993843
146 40 509576
182 258 835392
230 615 643165
15 481 740499
330 268 138745
419 202 998341
270 583 11463
170 630 703339
157 363 170253
434 92 566811
595 27 499232
289 41 613594
493 433 313174
393 118 686271
153 199 803628
359 240 949719
24 387 36647
635 443 810433
575 227 824228
128 288 191249
279 495 938829
66 607 152276
1 530 363367
488 99 128542
246 310 174411
258 240 187452
618 174 421906
648 138 822887
69 302 487025
129 593 158233
603 383 403441
495 373 604785
257 427 46259
142 642 311336
281 318 647228
355 118 557543
197 89 206710
396 368 623853
148 366 202801
244 288 606740
570 601 242464
7 14 538111
127 270 774871
136 324 659329
314 378 667852
98 427 91314
272 643 160396
191 32 65317
133 387 169321
283 610 205446
459 617 242644
117 536 374482
159 299 618168
84 218 38651
597 627 975205
44 343 843909
294 145 634682
144 412 250988
250 74 686505
88 565 186321
426 132 789111
388 640 873737
114 522 677489
491 298 169019
392 376 559727
247 129 158106
284 299 296449
31 225 519034
571 522 72553
613 148 847434
319 97 730877
147 359 462329
413 518 725211
542 343 106931
115 65 37937
443 590 240344
408 155 847064
78 6 142249
289 187 289430
394 154 821753
554 150 376528
443 638 520635
311 485 53055
352 478 30612
465 507 477451
551 89 216698
105 533 845748
586 501 568697
244 398 8579
320 87 985550
49 414 761543
111 101 128389
420 162 685093
193 194 430338
195 225 407604
452 149 371588
588 213 364800
499 354 421337
421 406 866267
330 579 421555
237 209 999284
402 276 229336
419 46 515696
371 305 705843
497 299 184354
395 378 140482
336 282 551986
363 60 451976
154 17 855435
510 477 247901
72 41 897290
465 616 418641
378 209 411512
212 242 191623
436 235 564872
142 372 148863
288 23 957098
379 449 206656
438 505 441587
267 554 519067
321 447 546913
4 117 393415
523 296 333815
100 308 13113
466 208 414670
45 340 503974
441 50 355315
147 105 270114
100 69 820905
646 224 642177
127 272 164165
34 275 288325
82 470 541160
316 621 86812
376 148 127095
161 288 505220
208 618 492517
361 522 448776
208 373 672345
128 355 368086
617 35 547683
600 421 104600
98 636 219327
30 470 981539
396 527 649169
228 208 396840
530 257 131384
220 252 966066
395 117 15060
553 450 18229
98 381 746218
302 164 669532
617 496 481159
566 9 905634
143 634 683114
87 375 572489
402 625 306340
647 285 375979
186 192 835499
406 588 780893
164 447 979154
254 109 946633
282 520 856585
519 425 284855
97 161 906124
648 43 501482
437 524 739938
62 556 112060
303 497 836122
108 326 842440
561 405 735917
365 187 320479
358 376 546056
583 62 788016
362 338 280221
163 610 646152
525 341 831110
264 379 175724
348 475 558593
10 643 157206
653 525 251699
80 357 123759
136 647 424379
637 150 120487
351 502 45279
647 266 711626
144 474 9269
403 582 330851
518 572 240871
449 88 256029
429 425 267583
339 295 10940
417 514 876918
426 437 331531
502 608 457666
212 398 559850
7 442 610462
646 559 425901
84 504 279336
285 311 151558
501 574 71543
365 295 375147
350 331 810271
174 27 486667
30 122 447629
122 634 752507
596 126 894624
461 510 493872
239 50 504021
499 283 380922
424 508 734720
227 157 344932
399 61 851795
70 520 136390
210 361 51228
202 174 710427
587 500 841353
526 441 509645
304 218 58619
102 63 545716
93 368 400965
201 602 728917
620 473 384569
233 479 194045
136 548 230631
537 400 391729
519 595 806814
548 99 375545
484 404 603918
329 90 557151
525 118 503464
622 19 12698
432 18 342289
139 291 89642
130 28 117229
459 456 645403
443 413 259525
69 52 202575
121 27 901073
294 572 152122
281 100 96929
269 427 28044
246 521 443142
595 324 184205
590 1 152995
307 124 314189
368 439 5737
176 27 395412
145 330 907195
379 400 4149
159 367 208358
152 352 847789
60 485 282901
579 592 600883
468 232 342389
114 129 472639
152 399 616491
8 445 661880
37 359 886557
549 602 582551
637 603 964028
439 92 667313
138 458 964588
365 262 405122
403 108 160753
361 380 888236
177 113 433447
142 560 379012
265 296 289001
614 23 83377
101 462 962192
2 384 84510
9 576 583942
305 647 810496
208 345 851897
363 435 281981
399 307 631168
473 365 246411
12 430 246233
626 366 967953
74 198 806508
447 544 294302
52 6 924272
639 243 140836
18 52 841421
95 103 746484
443 27 104869
56 529 877477
300 241 587460
586 421 414603
496 438 983344
252 84 590829
205 561 200411
637 218 974278
303 135 302781
161 439 17472
288 400 931349
182 283 272602
422 325 754562
133 241 218519
129 299 351455
26 29 514714
615 43 900314
623 128 817033
73 424 31469
205 10 456860
325 251 797833
54 247 695086
367 589 40346
82 248 75385
38 177 232997
150 249 419543
133 10 115098
424 158 732966
255 194 791414
412 161 9237
5 268 668162
266 378 806449
183 371 878340
271 400 381469
170 641 642638
234 581 234545
52 276 212395
148 32 287159
578 331 703007
264 515 58073
421 13 317762
222 438 455894
194 410 412070
632 482 254836
69 608 775414
375 329 104156
277 185 428260
513 589 173167
462 117 592306
167 587 902513
437 3 980420
2 429 686539
283 294 319411
315 79 500905
570 292 317658
482 574 624967
298 30 644839
304 577 350235
509 312 652511
458 0 271696
96 127 336560
169 394 322854
480 648 500476
298 100 897788
570 275 86345
537 454 946107
605 183 271189
300 540 756985
444 496 27474
202 109 184190
66 33 203105
58 511 559949
301 582 690376
599 494 486765
470 253 570110
261 25 415216
364 109 714681
643 544 444615
249 639 27064
338 444 268556
556 233 223378
93 226 31094
39 626 375386
218 96 330365
169 215 459901
11 214 598228
87 231 591344
72 427 943257
415 88 986125
586 36 685543
16 359 782852
157 460 236915
425 608 911562
501 85 503417
649 121 191522
36 411 18066
550 194 460054
342 549 944526
334 191 299653
389 56 410355
348 192 677089
183 28 97084
606 117 202086
73 99 79037
651 588 875037
433 243 253144
288 293 179707
108 572 476297
621 362 766568
350 407 374479
502 501 377440
429 111 958154
175 332 970557
446 477 345338
315 406 6166
25 398 124539
357 518 659347
212 583 429931
345 310 882925
638 246 922049
156 172 966058
268 564 352175
252 112 836979
310 566 307211
409 120 982705
252 485 116618
380 48 991503
281 209 462402
547 397 763865
379 287 761774
331 559 959095
312 345 767060
191 177 550887
230 594 679845
515 150 678052
26 178 879586
390 582 235808
533 582 25047
643 214 477787
166 505 257058
577 140 890125
302 477 816490
297 494 840153
310 541 988061
470 607 410795
624 284 559306
138 389 161334
476 479 617720
187 625 36811
291 300 858962
30 234 267374
117 458 870942
200 526 292599
545 400 986735
310 114 326725
366 48 764231
562 290 30638
96 556 209605
297 441 424463
80 84 452007
522 548 965751
558 86 219638
583 282 304923
446 247 571305
299 646 83848
25 233 541311
159 521 513085
293 55 620267
244 408 254294
486 125 446777
635 57 602238
262 307 946357
497 280 644558
222 2 111758
374 235 635929
323 488 497944
263 209 229287
567 617 284037
41 490 213325
325 386 560693
526 27 324319
503 305 974882
449 58 224324
593 281 728449
344 74 470915
6 16 54717
151 98 381184
600 52 161329
25 640 692682
386 299 761838
342 330 898034
277 623 236785
641 188 91275
510 72 290652
271 260 167387
649 183 160154
354 109 260080
499 269 307649
310 308 282891
138 393 469990
303 68 528414
185 32 941143
551 206 58389
317 258 160367
39 616 488921
86 60 453257
555 571 202709
398 430 923333
622 264 511612
606 458 499746
263 466 564886
518 40 596944
404 460 348721
86 353 924859
360 87 196916
240 14 292699
457 636 971284
305 107 894774
71 54 883467
69 421 191218
574 622 411735
361 211 377862
583 521 437607
287 339 67449
489 622 316982
591 355 832894
353 451 821199
128 90 174810
185 168 128470
495 430 78558
182 535 830761
623 536 729386
407 258 860207
198 598 103324
426 144 624639
239 127 906960
207 263 283781
314 343 883214
458 86 444788
435 247 355858
588 273 917506
254 493 854236
528 430 585988
271 278 78327
285 638 128346
162 578 659345
106 298 268699
0 1 589823
1 2 494779
2 3 299930
3 4 12471
4 5 900014
5 6 432984
6 7 210997
7 8 447104
8 9 330201
9 10 494783
10 11 370197
11 12 864471
12 13 655573
13 14 878361
14 15 430588
15 16 951536
16 17 189816
17 18 847740
18 19 576954
19 20 303544
20 21 78154
21 22 153713
22 23 824886
23 24 487720
24 25 75840
25 26 824170
26 27 946520
27 28 87381
28 29 243097
29 30 983962
30 31 874503
31 32 663110
32 33 255740
33 34 34290
34 35 117202
35 36 857589
36 37 398338
37 38 384721
38 39 272252
39 40 170101
40 41 26853
41 42 9146
42 43 985872
43 44 502584
44 45 982271
45 46 980318
46 47 273902
47 48 549029
48 49 745633
49 50 248636
50 51 275754
51 52 714566
52 53 396179
53 54 966137
54 55 973264
55 56 102037
56 57 944312
57 58 226595
58 59 643717
59 60 96990
60 61 259852
61 62 605191
62 63 80873
63 64 328817
64 65 442625
65 66 436559
66 67 371991
67 68 529262
68 69 545311
69 70 976642
70 71 111289
71 72 203053
72 73 536681
73 74 845914
74 75 831672
75 76 485428
76 77 60375
77 78 423128
78 79 517742
79 80 852636
80 81 622995
81 82 262930
82 83 200704
83 84 513327
84 85 27809
85 86 136294
86 87 566642
87 88 628543
88 89 136092
89 90 720390
90 91 909877
91 92 309325
92 93 567311
93 94 95665
94 95 458260
95 96 59683
96 97 699126
97 98 79971
98 99 556283
99 100 523170
100 101 371411
101 102 260076
102 103 305190
103 104 837324
104 105 528221
105 106 268494
106 107 348251
107 108 723021
108 109 223720
109 110 889751
110 111 741572
111 112 427570
112 113 598935
113 114 392264
114 115 640884
115 116 260358
116 117 856209
117 118 954838
118 119 600925
119 120 869324
120 121 605962
121 122 322518
122 123 24840
123 124 835772
124 125 524495
125 126 219049
126 127 398086
127 128 70321
128 129 487657
129 130 89271
130 131 728280
131 132 758832
132 133 439325
133 134 739840
134 135 648977
135 136 282307
136 137 848731
137 138 94322
138 139 263973
139 140 208724
140 141 44966
141 142 796137
142 143 889815
143 144 604178
144 145 896750
145 146 749241
146 147 626486
147 148 42863
148 149 905020
149 150 537034
150 151 461941
151 152 130830
152 153 317734
153 154 834170
154 155 325872
155 156 600308
156 157 908932
157 158 819711
158 159 789737
159 160 829545
160 161 747829
161 162 546789
162 163 215752
163 164 668930
164 165 996727
165 166 973184
166 167 676216
167 168 917989
168 169 211463
169 170 826606
170 171 807456
171 172 488349
172 173 619442
173 174 785864
174 175 989873
175 176 121757
176 177 526241
177 178 475233
178 179 8084
179 180 330683
180 181 906697
181 182 905296
182 183 628458
183 184 131498
184 185 342198
185 186 635767
186 187 373729
187 188 658317
188 189 473209
189 190 849785
190 191 368022
191 192 833896
192 193 513669
194 195 792213
195 196 313756
196 197 491038
197 198 539444
198 199 23820
199 200 108547
200 201 602641
201 202 883150
202 203 631873
203 204 911389
204 205 391521
205 206 50691
206 207 464077
207 208 613050
208 209 659190
209 210 6762
210 211 546571
211 212 556376
212 213 484512
213 214 964081
214 215 578521
215 216 923868
216 217 206858
217 218 30939
218 219 938723
219 220 691064
220 221 692232
221 222 244921
222 223 86096
223 224 182001
224 225 302922
225 226 192002
226 227 740507
227 228 168254
228 229 446212
229 230 762915
230 231 351276
231 232 85501
232 233 835146
233 234 744841
234 235 37552
235 236 225952
236 237 881976
237 238 137145
238 239 948292
239 240 292239
240 241 848407
241 242 908441
242 243 684553
243 244 206019
244 245 750983
245 246 766437
246 247 906603
247 248 640752
248 249 109853
249 250 604549
250 251 572890
251 252 326213
252 253 957416
253 254 747663
254 255 12334
255 256 989666
256 257 77549
257 258 886551
258 259 783670
259 260 690736
260 261 569438
261 262 137520
262 263 372268
263 264 335695
264 265 61643
265 266 359650
266 267 235450
267 268 639473
268 269 923141
269 270 948098
270 271 415207
271 272 579544
272 273 110099
273 274 276713
274 275 694668
275 276 976832
276 277 962163
277 278 357900
278 279 741255
279 280 979507
280 281 992441
281 282 575761
282 283 359963
283 284 442449
284 285 960779
285 286 210707
286 287 363294
287 288 167169
288 289 921914
289 290 153866
290 291 686008
291 292 143785
292 293 20527
293 294 577019
294 295 527367
295 296 485474
296 297 925018
297 298 691394
298 299 557651
299 300 360765
300 301 488157
301 302 673602
302 303 440679
303 304 466665
304 305 503766
305 306 562983
306 307 3263
307 308 487417
308 309 802751
309 310 861010
310 311 894255
311 312 260001
312 313 253730
313 314 259457
314 315 500555
315 316 616937
316 317 667985
317 318 26978
318 319 120396
319 320 856596
320 321 860241
321 322 322784
322 323 382009
323 324 120792
324 325 256217
325 326 661273
326 327 844165
327 328 981848
328 329 128868
329 330 677206
330 331 301973
331 332 614644
332 333 925741
333 334 632835
334 335 805985
335 336 448303
336 337 77443
337 338 374406
338 339 671887
339 340 56968
340 341 336838
341 342 90604
342 343 184417
343 344 351270
344 345 776398
345 346 265645
346 347 347098
347 348 806369
348 349 452886
349 350 927834
350 351 881601
351 352 797090
352 353 965546
353 354 711317
354 355 218173
355 356 196728
356 357 51978
357 358 849421
358 359 80340
359 360 555886
360 361 583348
361 362 707557
362 363 692842
363 364 805684
364 365 697852
365 366 582484
366 367 569186
367 368 333863
368 369 281374
369 370 296532
370 371 862734
371 372 899690
372 373 298838
373 374 450666
374 375 168880
375 376 884380
376 377 495085
377 378 954745
378 379 426250
379 380 174030
380 381 843789
381 382 849636
382 383 792531
383 384 307078
384 385 800917
385 386 752722
386 387 617087
387 388 290353
388 389 355712
389 390 508342
390 391 41431
391 392 344298
392 393 546658
393 394 409951
394 395 247227
395 396 196409
396 397 943722
397 398 591653
398 399 712519
399 400 488646
400 401 368114
401 402 704964
402 403 951200
403 404 532137
404 405 491586
405 406 863591
406 407 381872
407 408 726289
408 409 757399
409 410 698444
410 411 784449
411 412 230184
412 413 85687
413 414 261600
414 415 96013
415 416 654594
416 417 662192
417 418 829831
418 419 386913
419 420 298525
420 421 503515
421 422 761088
422 423 817011
423 424 184573
424 425 513835
425 426 346727
426 427 966717
427 428 659073
428 429 432564
429 430 854162
430 431 44492
431 432 234079
432 433 539534
433 434 276791
434 435 168268
435 436 639675
436 437 643214
437 438 711470
438 439 647614
439 440 320573
440 441 378220
441 442 332702
442 443 92417
443 444 847485
444 445 185088
445 446 700957
446 447 640520
447 448 88075
448 449 802521
449 450 718819
450 451 81488
451 452 649523
452 453 678170
453 454 954872
454 455 776251
455 456 90660
456 457 866682
457 458 316181
458 459 471031
459 460 955537
460 461 668904
461 462 149281
462 463 234184
463 464 957597
464 465 493247
465 466 334408
466 467 777032
467 468 300621
468 469 515422
469 470 937517
470 471 372061
471 472 552720
472 473 228540
473 474 730434
474 475 664354
475 476 803470
476 477 986785
477 478 76475
478 479 902685
479 480 645875
480 481 691403
481 482 13763
482 483 336698
483 484 567146
484 485 696748
485 486 542429
486 487 566452
487 488 943960
488 489 383850
489 490 500510
490 491 229673
491 492 424575
492 493 55369
493 494 842787
494 495 404923
495 496 848125
496 497 267416
497 498 929918
498 499 448735
499 500 813803
500 501 340241
502 503 236634
503 504 684765
504 505 871207
505 506 887978
506 507 893523
507 508 711103
508 509 920014
509 510 229112
510 511 171214
511 512 404231
512 513 533644
513 514 545893
514 515 169110
515 516 927259
516 517 11552
517 518 281598
518 519 42206
519 520 263892
520 521 73438
521 522 960942
522 523 648757
523 524 579577
524 525 184423
525 526 308802
526 527 979587
527 528 537622
528 529 76285
529 530 837879
530 531 309711
531 532 836076
532 533 574428
533 534 581015
534 535 534802
535 536 304536
536 537 782866
537 538 812324
538 539 973166
539 540 367493
540 541 307184
541 542 408938
542 543 15013
543 544 313021
544 545 534218
545 546 951966
546 547 618564
547 548 311579
548 549 193851
549 550 499446
550 551 589586
551 552 789693
552 553 8642
553 554 539425
554 555 410304
555 556 610440
556 557 224474
557 558 183561
558 559 562637
559 560 575241
560 561 189935
561 562 768932
562 563 317356
563 564 35746
564 565 620947
565 566 829694
566 567 77635
567 568 484673
568 569 736056
569 570 382227
570 571 6205
571 572 836180
572 573 427381
573 574 13194
574 575 334808
575 576 552637
576 577 782389
577 578 997772
578 579 232710
579 580 711834
580 581 332857
581 582 260160
582 583 559473
583 584 182837
584 585 577582
585 586 272355
586 587 134203
587 588 477744
588 589 153932
589 590 692378
590 591 52398
591 592 751596
592 593 136107
593 594 424934
594 595 83442
595 596 849948
596 597 3735
597 598 708148
598 599 430031
599 600 94092
600 601 602100
601 602 94623
602 603 66516
603 604 692176
604 605 470512
605 606 695503
606 607 842240
607 608 660235
608 609 745758
609 610 23766
610 611 820994
611 612 376566
612 613 714296
613 614 456741
614 615 270879
615 616 810307
616 617 466510
617 618 844678
618 619 746380
619 620 716972
620 621 192514
621 622 635695
622 623 929293
623 624 716785
624 625 306708
625 626 559961
626 627 384709
627 628 658451
628 629 975341
629 630 463008
630 631 525458
631 632 78817
632 633 72403
633 634 506350
634 635 761178
635 636 428770
636 637 908301
637 638 918515
638 639 980969
639 640 777311
640 641 741659
641 642 16963
642 643 14752
643 644 708602
644 645 295775
645 646 828697
646 647 720281
647 648 420998
648 649 587451
649 650 117245
650 651 416280
651 652 840373
652 653 427682
653 654 624193
