1807 6255
1136 1352 148948
1057 512 974812
778 1232 890610
1474 1639 43685
946 1712 939025
570 1539 889689
1013 1474 968888
935 1531 714802
286 777 49037
993 142 498655
1614 404 171271
459 1652 248982
386 1722 166266
938 912 957334
364 1008 229659
803 1098 455591
1015 737 555510
906 658 582876
1445 400 422112
1759 1119 896444
759 1621 188934
715 1507 694468
937 1210 582214
1522 21 222983
512 534 995623
422 1528 235493
1059 1431 343819
1414 1509 606099
801 4 966677
1704 320 827860
367 376 930762
531 199 155051
947 671 90391
895 482 860456
232 1111 914946
573 77 969883
622 711 264063
553 849 453196
1082 1374 857496
129 1646 632894
1089 727 513968
1038 713 486798
1351 1285 964579
437 1617 124470
1335 553 724307
816 1173 761126
1345 942 155044
55 377 343996
1442 1664 542744
663 752 527547
40 1658 996826
620 358 795114
245 127 365503
1709 15 250358
557 766 304026
632 945 959334
1612 171 980032
562 571 150080
916 1664 445172
96 552 389696
495 355 702248
1191 1253 299131
573 360 554193
1228 1027 532092
1400 689 462464
1163 337 893635
1204 1161 636145
245 318 29384
1438 1750 662343
112 1375 947443
881 436 785691
188 1151 858072
785 20 971555
334 1401 472537
1145 210 893122
993 799 96584
276 897 940205
1586 54 385869
1614 1485 953961
1062 63 918947
1054 418 402848
352 1741 955140
1723 1239 171610
1245 926 150203
976 584 736688
1790 1428 633244
1128 256 37578
618 293 564012
899 67 952455
1280 1152 12754
783 32 56286
1618 152 508681
687 106 207549
351 623 791814
35 213 281751
1119 1303 258714
584 247 427146
781 1324 679745
445 1059 929277
284 1222 378221
1705 532 395248
347 1723 441151
282 216 258220
350 1754 227270
1001 1356 859178
1331 1110 831801
1476 127 51010
248 1162 781050
1479 45 122244
1312 574 865665
1362 859 661022
611 1569 244393
39 1235 360969
307 1615 893102
983 1156 149499
753 133 516268
1659 32 218679
1745 1332 104587
1256 816 195505
762 1787 676070
595 525 397636
1514 1167 274654
418 1698 371445
916 758 20475
1479 341 695240
235 1694 238341
1713 892 234651
1056 1556 346868
672 1496 351764
198 227 958756
1038 300 916171
1433 762 484165
454 375 215513
1191 475 612220
1521 1653 721895
1264 1712 476960
1563 221 748974
1502 874 939922
1456 1109 452332
1113 257 477580
548 1208 97360
436 1717 299539
906 875 285378
201 728 669563
233 617 313043
595 1497 645050
1298 440 128946
857 178 186908
468 1512 63106
1335 850 242876
1197 1802 596206
1070 936 177217
854 502 979028
525 577 138690
814 1211 873130
1294 291 428853
1439 1034 362591
1086 748 160953
1180 924 137265
1013 683 500572
405 1150 488940
1571 707 440932
546 1465 666460
266 1353 277627
363 395 698232
1296 928 531194
1720 1629 653794
1227 229 240444
1777 40 702143
1346 1389 31416
673 448 950826
1386 732 237238
1478 1572 99222
1604 1011 468686
764 929 377732
696 1368 371555
878 7 825096
1571 784 267899
1746 1540 844189
687 880 931426
33 1638 770913
1766 463 817546
1127 1297 205294
1226 1098 330881
1265 1742 39731
1406 1207 822639
1327 692 510505
1642 1291 778759
782 444 822446
1303 1123 893761
1523 699 935536
1554 1178 100000
562 1578 177265
152 633 375973
1024 787 262643
488 747 858725
1087 363 900149
68 98 828911
669 296 863020
993 1044 883716
680 1142 221728
460 18 408310
1315 1232 424282
945 862 782719
28 1427 445001
1241 154 740734
612 1535 124753
760 842 793780
1226 724 727207
187 421 594129
982 986 704885
806 248 39433
1649 1530 605072
1229 122 527769
741 1147 212165
368 1056 173651
735 869 592945
1783 1721 321714
333 465 316141
343 1289 56180
1260 285 115773
1018 408 71637
1112 724 192392
1144 790 261220
1775 1136 712290
1207 82 884263
1628 1569 103228
368 130 348982
1641 407 399167
1765 1137 514251
1216 9 350234
1705 279 380608
11 1236 951835
550 895 307717
119 320 238645
585 1011 220055
491 197 701302
1546 496 334693
438 1537 425928
48 369 344817
844 70 344168
1217 316 293142
841 354 368690
1072 681 797421
267 278 211527
545 614 18964
1640 898 43388
1561 262 334886
935 588 191439
31 1182 229946
1499 783 107303
89 153 781995
567 763 185642
1612 1552 452178
740 428 736301
207 410 522882
1307 280 195575
101 46 150391
1006 1699 795517
488 605 702485
324 1497 222950
301 1610 326083
1697 1661 344228
1570 122 170218
1668 292 224825
1016 1546 377687
50 967 227156
110 200 995596
1321 825 869
1478 903 972791
1273 1073 864627
569 399 824416
1186 1058 408618
1405 1417 856891
1245 1576 479029
1757 1086 890428
850 614 286450
6 1054 606533
745 1152 843870
1168 250 486858
1465 938 120650
362 1591 994947
1804 1545 570985
1333 1549 712066
83 621 329896
1595 13 549059
171 528 56208
9 1430 681218
207 1696 609938
1111 798 914790
1399 320 670545
461 1328 185219
49 64 854416
1801 859 547682
1186 1139 322413
751 1372 991121
1128 88 953525
1161 870 843070
370 820 695455
1609 668 169199
1657 511 856945
428 1576 291489
168 1165 689177
637 286 120557
483 833 243784
1424 1003 819919
1301 1375 183072
261 520 615695
1674 41 954782
516 1404 113721
1092 297 102455
1626 942 378455
250 985 801535
1352 79 727176
18 1097 689578
846 1777 725247
499 519 462213
601 95 896381
1561 360 900867
322 819 271598
1393 1765 516543
713 74 634068
80 1472 437304
1194 1653 170701
1050 103 66881
447 840 584955
1613 1364 656308
102 776 807095
440 986 434706
1325 980 682190
1756 1571 916509
804 1659 201871
581 34 988686
829 1802 691094
1463 904 969303
415 1117 73248
1519 1199 169818
802 1459 866008
1231 1678 56610
586 223 827330
1511 784 617238
1174 185 271881
604 1707 795126
756 1604 440836
1152 160 840563
1627 1049 150996
1468 1569 256560
279 339 529340
888 963 104136
1576 1515 975097
14 1780 930427
31 1431 600002
1303 1629 207266
689 1212 774714
1388 1450 463993
1092 215 55418
1794 584 487374
1526 442 693786
235 10 290892
1027 604 174190
1111 603 919430
76 1426 876998
1692 81 325679
1774 1618 193520
1164 651 540469
1644 446 993549
1756 1770 833786
813 117 864203
1012 256 40595
917 746 207554
1782 1562 903209
1009 128 733192
67 890 510963
1302 1711 976542
1417 349 138731
352 943 157540
1219 1799 77529
338 1197 837950
1238 1546 984720
996 922 604086
211 1115 163002
1742 1156 404601
1677 1282 29766
980 1297 747018
1527 40 159820
1026 1730 697963
1290 1648 450724
322 1338 107488
182 832 549227
1009 1569 457001
374 1791 616851
683 1170 230196
1421 1705 397741
1688 1148 60850
714 1746 887004
1064 1115 858999
443 1010 714052
84 450 246977
331 667 672513
1773 1170 353314
802 1470 184712
825 276 145765
1019 184 422327
57 340 926233
1005 1135 48052
1259 920 495805
1169 161 70256
1762 496 584647
1345 1793 560997
1593 1666 975820
623 1454 888729
347 1077 679353
855 957 83988
1031 1772 585731
1280 1070 929439
1298 796 630563
412 961 682423
3 227 750422
645 1076 742018
191 1078 475970
692 591 314167
1578 882 491387
1773 954 473584
1158 129 864264
118 587 568858
343 603 444369
358 1015 321090
1739 160 691106
383 1368 97188
1523 1227 424208
1400 828 771353
556 1343 702524
301 806 958843
1413 1386 699791
199 1248 291436
1657 1766 674393
193 1559 847491
213 258 639038
745 333 286475
1234 1590 344103
1689 588 500875
516 236 333115
311 730 377022
1268 1133 275407
1785 1198 801393
570 701 113824
571 442 755936
1498 963 836707
140 52 99787
216 257 395304
1341 1788 120866
1462 24 492002
1654 522 30150
861 847 197758
390 608 906968
995 1590 317701
144 1668 111053
236 539 176560
1592 1182 328089
1131 1128 590199
1092 1429 96107
913 1545 66931
117 839 406065
467 436 519689
1577 1454 588143
869 900 510233
90 1102 451875
374 900 132210
1010 1160 939982
223 754 573114
352 197 918412
63 453 203922
1584 160 794236
798 1294 338372
112 251 476130
872 1506 85370
351 332 943323
88 1592 760552
58 1105 575011
876 97 165453
141 208 89349
218 1762 511338
1646 280 700345
871 556 607735
1671 1397 638614
1779 1565 682253
480 366 154053
585 55 648995
1056 81 329397
1645 90 834504
1380 1166 138654
866 1663 500084
113 1753 527024
991 316 887077
1712 427 787071
518 905 814439
1801 1086 228066
441 1775 575685
303 618 349255
226 1583 696954
318 1695 629956
1528 517 744932
276 1450 897356
630 590 470383
358 3 280495
1342 296 404251
1704 1589 10376
1793 1052 661473
280 485 270948
260 326 237054
900 203 348600
1037 1777 580378
334 1152 829621
339 1720 306871
233 499 370109
1776 1090 344105
260 1454 307735
1613 363 582594
1720 1628 771771
991 55 920835
1097 813 591848
1415 246 694370
1416 471 809552
1098 68 898419
908 1370 697516
945 236 418778
576 1537 429808
758 1719 883108
1672 1648 35309
1081 108 330997
1175 888 701953
788 205 17239
601 451 783964
112 1626 620932
23 874 716342
174 774 726987
948 1058 410766
1452 1152 309534
1477 1573 12279
397 83 116053
170 1367 292835
359 1743 600124
493 82 586518
170 1790 267300
1467 1643 961400
651 401 362256
1643 1400 493417
1705 1493 720426
219 599 191340
345 455 231864
1709 1075 598525
1500 1232 297653
1238 775 510117
1221 1277 447466
251 889 638768
876 633 864421
786 1046 626465
1273 575 271560
387 1115 426643
1354 320 185367
264 1224 334734
830 248 359561
1317 1792 481982
52 323 881643
360 858 705006
1570 1319 944895
92 996 743995
385 1492 213205
1402 743 116558
1348 1051 408656
756 979 536519
1806 500 839050
496 861 306659
1511 640 519690
1082 419 954961
1144 1637 548374
1023 610 730940
490 552 86488
335 272 210294
141 527 667077
732 1205 715658
381 321 36945
1663 767 683324
1052 46 208256
63 833 235007
1612 514 654362
454 739 63993
204 863 458611
1294 1405 961826
1490 1772 191759
64 1258 520419
1217 375 223249
1134 1149 123915
742 87 403901
1558 535 994046
1512 1559 642286
461 684 530923
45 1122 247748
288 1027 737383
819 641 886131
478 161 919354
1473 239 611420
1234 686 917560
415 809 639142
1420 1666 700680
1176 913 951452
65 1544 300850
272 1708 778029
954 712 235218
1453 903 345212
204 408 833188
1462 483 428187
1302 1717 270159
509 352 837361
1621 667 303513
1710 1268 532039
909 1600 887432
1321 1350 426285
1239 1571 94269
183 559 15219
519 62 313377
937 1287 687023
568 1292 119639
512 594 462963
1521 589 441772
1386 915 434236
227 1604 447412
19 1345 845
728 947 838599
644 978 580279
1607 788 27970
1018 602 376609
132 200 386361
728 984 470741
926 1588 210011
1764 1360 494882
1699 755 836419
185 1265 548621
1720 874 66519
1056 1400 476276
532 702 735967
1479 934 169106
131 1621 306990
502 1604 134440
1410 1751 228502
326 5 647987
1711 1310 853268
650 1729 142280
1564 1438 656165
1748 652 945624
1547 764 867295
874 1167 447360
156 1414 606829
1058 312 520115
547 916 160422
319 1460 629719
351 1089 812838
1442 248 433099
1023 805 887248
250 206 734342
1241 1348 484486
1269 956 248442
777 1422 994797
926 101 950963
377 923 731603
674 1496 31932
805 1298 804280
876 1138 637134
680 694 739448
107 1284 911983
249 1715 538346
1750 805 119656
1085 1705 225172
236 1252 282230
1083 1162 825710
1483 457 173310
1588 661 141071
1253 991 612046
1654 1114 574074
378 605 596976
1774 1611 91159
942 672 936669
849 756 220216
81 1223 761440
1369 1226 738344
28 1030 591064
1409 1593 622792
148 1670 576240
1170 810 871955
1356 772 112828
1547 800 227716
1164 446 169398
1069 181 666398
971 1789 122733
1714 893 73141
1415 1065 441196
715 1359 174022
1248 446 115204
260 154 547277
917 1459 287593
1115 919 534620
1481 929 690603
806 615 783038
196 1430 93806
536 259 904171
49 66 530325
1735 591 589121
768 804 12418
1543 960 419979
1127 1515 616851
612 91 898915
921 206 415729
723 1560 470192
1200 820 55307
860 1482 234471
984 778 955082
1482 1381 759686
638 52 884966
418 869 582596
1242 1514 207911
456 287 187480
279 1499 605335
617 1571 928471
393 848 226463
310 691 236166
1255 858 739657
678 782 967570
533 680 893010
933 1367 638753
290 1467 227115
66 716 17110
472 842 820236
91 412 552969
444 104 381673
302 351 879511
1389 212 285339
1574 1723 312858
1102 1658 575044
631 1639 439558
1037 1126 477206
1795 1282 760254
1295 1574 972490
1207 401 25097
1674 1785 424904
579 546 620571
1303 1590 751584
415 1210 821241
505 407 144849
1264 1065 818331
695 116 877777
469 892 32559
128 20 930783
192 428 426745
827 369 174507
254 121 585985
1017 128 172686
214 1755 821221
41 1576 393052
1360 1421 992820
0 1038 730376
1268 814 472617
192 169 299774
339 671 499928
465 351 352373
1516 779 64344
477 36 99872
1018 332 394846
1461 853 619033
443 1477 551200
1209 1667 912384
555 739 709579
471 407 17933
1170 1235 116670
1269 892 465753
94 581 860961
92 1551 238359
990 1326 691002
665 787 773416
1784 534 802478
722 40 32711
347 338 538071
1764 1747 189082
863 367 93737
1383 846 9597
1557 547 239666
1388 419 828474
1519 1663 763388
672 834 597512
1156 258 621254
1300 697 785923
441 1283 331352
1401 118 919994
1141 656 836538
723 1725 80192
973 132 379943
956 355 157185
126 922 31326
1259 848 224008
1499 337 531681
221 344 196778
828 1318 405762
1445 6 924776
141 1266 733255
626 1629 95933
143 139 365221
408 41 591065
432 333 422931
806 1610 203316
986 370 156034
1526 1362 345509
60 759 611553
145 1090 299037
465 927 192197
81 1202 343771
1019 1255 219662
362 64 742568
140 157 206171
1011 767 628971
28 366 60253
1202 1167 598318
1101 473 221904
693 729 40414
1334 1072 655394
379 191 152705
61 62 569533
165 1346 839113
336 265 822187
1698 1087 603932
1364 1095 227679
506 431 762776
377 1266 924502
676 841 444895
726 778 889514
1251 1743 66289
307 1311 677083
23 787 390582
992 211 70949
1108 1258 340114
1694 847 390116
543 435 62507
52 676 567756
1236 386 885474
1244 715 986494
139 1163 329842
725 1530 713775
1675 412 429560
446 20 818892
1100 1109 501100
1298 1141 386485
1655 625 665350
6 1342 962334
471 1744 198349
1396 180 353165
1513 1558 781370
849 773 353354
1416 725 581583
1204 175 688785
1266 221 311649
119 1319 245486
589 362 287385
1547 928 269940
1556 1148 484323
334 1486 118379
451 1778 417184
627 1183 304634
1550 1245 187236
69 60 106414
867 1365 439369
1254 695 680554
405 582 800380
878 1563 478551
1785 117 682247
926 645 313654
706 626 468746
1725 1408 187994
546 673 210595
1288 1602 638812
1560 460 796775
863 888 618728
1465 609 86799
924 140 525231
1436 22 11993
1382 1534 137174
341 944 238694
1559 988 692820
1542 1505 800568
1680 1804 240802
1183 400 113963
1187 279 515244
675 1492 98677
1132 1514 399424
1105 493 563249
858 336 589963
371 1405 838081
537 1445 725068
691 651 136149
749 1313 778915
372 1335 824104
590 386 156563
922 660 254529
1090 364 465814
154 952 597207
200 1011 650067
578 427 619959
1195 1170 272492
875 13 391849
140 908 904723
211 659 797825
1193 1580 427846
1207 483 700905
47 1697 496500
444 1614 613864
1515 229 122903
858 179 979214
868 515 434945
186 868 405381
576 853 595068
1658 645 129243
1047 756 406559
1081 1569 289317
1607 1092 609559
345 1522 914007
608 1501 584693
1310 145 372582
499 1187 788808
689 1443 412313
419 1032 143048
541 1537 823991
1318 905 751479
742 1779 446330
1660 280 844966
1343 1747 57279
119 480 622096
1416 152 294739
1439 1507 565801
86 1423 916046
457 307 717089
279 427 927633
527 1727 990059
849 579 859274
329 65 228239
1080 589 429410
909 146 52269
608 1097 268852
87 906 672961
529 1088 795742
271 1775 127339
707 532 396968
1150 661 226409
1270 269 901414
1140 1147 593602
849 768 590325
1381 176 167829
1218 186 971479
811 1464 504968
1791 1334 247721
947 5 162061
1256 285 205843
113 1201 399549
1675 98 911854
1325 364 701781
361 173 516273
1694 542 652883
712 1107 598253
988 430 440731
844 1130 42326
977 135 273928
599 805 462339
1751 603 441353
549 1792 871399
822 1475 302007
484 185 188433
341 655 741377
1149 1185 518531
116 575 192996
659 1527 823024
1263 468 107357
113 1546 954654
1639 16 304867
613 1022 217535
1205 1683 713565
850 169 7302
1480 1683 484076
1350 1332 974548
1602 890 231601
869 1483 969211
277 1535 762924
1359 1450 357663
657 804 83784
696 966 652219
788 513 711439
448 352 654684
1755 1365 423233
878 1658 692286
773 163 867711
1216 116 252646
401 1108 858631
647 882 711743
1402 1619 33539
227 627 906299
1434 1529 744153
1747 1181 189879
540 1169 592539
975 1074 874624
819 1439 338900
493 825 541184
1321 1015 950444
1636 776 324596
1095 530 980478
583 49 104805
1756 1074 684736
1531 1305 788086
777 1797 118933
241 1114 944404
1110 681 23845
280 1541 628887
1110 1775 875601
1607 340 767496
415 945 958607
738 1752 221962
818 1327 873308
1271 1741 137237
520 32 945614
210 748 476431
633 1556 61083
859 1264 19880
1331 143 544782
721 641 677624
581 1784 1218
732 646 504779
1101 21 666278
1470 183 782215
1307 747 570644
944 1137 980168
229 1230 400037
511 1788 709644
1707 629 295580
236 525 598043
1584 333 80837
1157 1616 710833
0 1217 926263
1705 1092 365392
440 544 950674
1750 1688 746792
1196 1150 658544
1534 1300 25808
1430 386 135590
1226 841 677923
595 1526 759028
1337 766 85466
1208 97 453521
204 889 900783
1449 1082 68629
1509 138 733391
636 1497 176306
1353 1253 362098
586 396 583001
889 1246 611734
1541 1003 299809
929 167 549394
523 238 323409
506 1220 139757
844 729 114818
878 935 792737
37 1709 892182
820 785 205420
503 853 140285
1733 336 913931
387 1137 70768
1443 1137 970431
1131 1291 749561
772 606 441932
1044 390 962898
1111 275 920746
285 1563 61338
774 403 218200
769 428 663718
1752 263 889710
566 1430 81562
1555 11 639167
230 845 190756
145 1336 236294
93 1394 839818
1555 1363 1444
1101 1099 23953
532 515 274111
1525 562 36577
211 1078 469193
1280 1591 996045
35 1527 786433
44 345 245827
314 270 692819
1486 1155 610525
1671 1762 852034
82 1243 875603
1014 726 317851
1199 297 239302
1598 996 305902
623 35 62048
1039 771 17240
16 630 969573
532 1596 492994
1173 1741 953178
1046 1789 405849
875 70 417784
1302 1660 471494
1556 513 136534
360 1773 372091
1646 181 383556
1328 185 76917
493 280 578789
555 1535 457709
1614 1128 423836
1382 94 241926
257 1777 315780
327 1289 738612
118 1580 63658
1083 1394 59687
590 202 476512
762 1356 306694
1231 1287 836100
1125 1558 405656
440 1206 214583
1705 767 525580
444 1674 431762
926 32 983511
943 565 290821
665 1484 27561
1104 1591 496876
1524 414 598082
259 1652 377058
820 1488 246432
1749 1646 687955
1479 104 30948
1548 726 741689
648 1781 261662
423 1239 102495
1476 1250 646312
610 444 46039
15 1579 645331
311 343 362517
22 878 605678
1070 1230 104642
804 631 80355
71 1661 324137
1179 1381 336365
605 1337 7746
1021 597 657121
1438 1591 756031
1070 623 136967
1309 1331 497793
1520 412 930086
1453 550 849433
491 316 444665
491 1628 977306
990 1693 195921
1508 1584 477438
72 496 606426
643 1070 4973
949 1524 776657
116 969 992668
166 1751 897814
914 439 29065
1355 121 169628
569 956 473325
746 1174 734546
1522 1084 762010
1591 166 547582
397 1770 436843
513 373 517715
99 1342 653692
73 1620 464435
372 405 912291
1430 705 940915
968 1301 265291
1325 1306 604581
921 1248 544326
868 1291 404935
363 1752 116513
231 1181 956280
420 962 930859
255 1259 480844
669 450 98999
1421 398 472947
1668 303 599530
1445 949 650295
1602 918 406691
1215 1481 878163
1785 1704 469239
1786 1678 12230
788 870 142532
734 1389 48850
1346 717 691293
80 1502 180608
1075 225 102121
1415 689 184424
401 1638 190469
16 285 837213
514 1445 461449
1767 289 200905
1133 253 72325
1188 494 723944
1202 261 888925
908 1781 873230
1447 1217 832871
185 1569 553503
94 1201 671490
921 836 194221
390 1213 624396
517 413 27751
433 1731 283285
442 544 492832
1476 1757 549231
1563 976 659064
1142 856 267273
282 1734 135883
129 1 950482
683 1638 467791
1107 674 649141
12 812 271426
1371 1787 333053
1112 192 272978
670 187 412446
1529 1621 600285
1742 1737 149025
1147 53 440067
1333 892 383199
433 396 230642
1131 639 537772
1127 855 305786
606 1681 567847
301 809 49673
1739 1018 22604
1425 506 630826
487 1016 212231
469 1203 743305
288 1559 96471
259 692 910038
721 1596 724382
647 1044 981029
161 1378 929075
501 1560 111562
1130 368 294146
1538 223 21788
1736 264 211317
1101 1031 35462
87 224 593129
352 443 982463
128 24 386153
1282 748 782927
1649 1601 682584
1470 154 782544
1173 298 850250
1295 601 431981
1648 1605 232306
62 354 224594
925 1521 954387
1391 648 322881
596 1269 773336
884 1570 287756
1007 1073 283448
284 1077 394285
140 283 639819
1586 1403 978442
1787 1682 900326
519 673 697595
604 4 87296
456 526 277579
58 1416 691253
1047 1524 79108
1218 326 977932
193 581 604335
1106 1241 217515
1552 230 270311
421 614 845274
1501 688 126751
1673 637 779566
1276 92 552274
523 203 417632
419 313 690933
414 1000 378581
784 1309 565110
1591 1194 187555
1276 748 704285
825 870 538988
696 58 264896
148 136 382495
823 1116 755516
1458 505 525049
307 1206 910509
147 568 416748
1716 96 781391
959 170 920597
288 168 255427
1212 249 293772
83 630 229272
782 395 302392
1664 1363 937787
672 1318 805832
606 251 525989
1047 842 940995
158 1543 797632
1078 1503 338569
237 1737 840144
1035 1211 331671
1629 268 527213
1652 1655 284672
1351 572 630542
50 615 228158
1446 562 790342
1638 375 818171
1179 1417 108797
1322 899 102096
133 1095 469513
673 1696 585627
955 211 306907
627 325 957120
1090 577 820237
784 1032 795212
1289 410 796640
352 38 986094
1632 1294 915227
1327 1383 422171
1706 154 892186
460 39 904430
1664 1474 242597
1600 757 341128
42 784 382695
1757 1210 661344
148 131 114500
1351 75 814496
306 75 244269
611 1601 517864
721 1770 789433
1338 594 256540
463 1241 257760
1549 953 620472
985 1666 688262
1211 435 105471
562 1769 6101
1072 1446 732414
501 64 979498
11 20 592989
1280 1484 373300
1194 960 750890
1426 430 300794
1526 1445 665376
466 499 953597
287 952 756239
830 422 110646
971 91 982730
1574 1153 283292
322 1788 917391
1617 981 549602
1028 1352 696283
217 1663 157414
103 1459 160676
1410 636 880526
1126 1426 590881
1363 552 292584
1353 1562 642341
603 1232 991121
804 1071 296999
233 1151 277137
1259 633 163779
1500 1701 789657
1309 1370 442010
527 283 957473
1622 1242 480088
1299 562 429780
518 559 779959
878 537 681571
861 575 899730
659 832 938322
1454 1252 638520
418 843 35367
931 1212 163389
728 1336 524941
1685 1541 553644
512 159 805979
920 788 416624
985 1124 719708
1786 594 704884
748 319 319348
376 1377 620794
769 1772 939410
1482 893 188423
1380 1152 806848
1530 772 449570
759 1784 931016
777 1068 114919
1338 787 110673
944 454 459581
600 1235 969625
619 1702 621498
1342 870 903488
408 1332 775266
131 1673 732004
27 1684 599206
1395 498 621065
263 1691 463392
1323 1408 521687
762 377 530027
1290 684 124772
875 1693 404131
980 1759 924146
1459 318 749763
1761 485 742020
1384 1387 981007
1178 831 415529
1611 401 787319
1614 702 154606
1606 1535 488612
1200 1674 851822
917 377 801741
1088 1023 142858
825 661 680671
1492 641 902550
167 1435 302793
1381 668 493617
1353 825 814785
285 208 744278
6 678 471077
1062 835 391987
91 1273 230235
189 278 387229
760 65 358207
1041 619 34782
1173 871 531903
1211 942 873100
1694 945 564303
1411 557 306638
896 1071 241035
234 733 419275
968 1015 977584
501 1784 655660
589 485 246795
1552 1367 193324
651 1488 323967
696 446 923788
637 971 907057
869 1376 702471
127 664 558391
1350 272 616029
1705 1612 303958
1625 238 134398
1289 1374 357681
323 623 362883
1751 852 115490
1717 858 415338
518 318 535086
717 1644 852169
1786 70 270626
1021 1794 540700
1118 434 954939
112 720 310479
590 347 741307
1797 1766 991111
1017 651 489072
156 689 672850
1665 1723 819220
1252 1238 496335
676 279 160247
1557 213 807116
625 628 186242
369 402 72819
1733 1518 785212
206 1213 365754
610 595 419562
32 1501 84257
410 1072 838320
918 45 229774
671 13 410320
1003 732 581754
1301 1206 534553
1393 4 129212
1157 458 713071
1732 357 156590
1527 1669 602916
1081 525 644890
603 1636 356701
924 1169 566433
1781 123 195403
1797 728 702129
777 1802 968327
379 1418 605869
771 1673 646272
1247 1487 16739
639 1150 822107
103 1295 840054
246 335 566729
377 1660 427086
68 1151 560230
1129 1105 360616
674 338 421781
894 607 111662
759 184 102533
1700 1761 976072
1066 1311 699935
255 1452 61010
631 554 622550
1613 1070 46111
216 722 794849
480 1367 897651
999 1458 546504
382 626 602533
73 1301 674629
1450 924 233095
167 1039 713356
1632 916 768158
1275 366 858280
353 148 818771
1758 1513 718831
1 1098 869898
839 1451 452063
1456 1411 760149
804 710 470942
1568 256 565725
386 835 600366
366 1236 252651
253 627 766269
1002 447 695481
1141 1281 912644
791 1530 277940
520 1762 276548
1430 324 660724
1508 575 332382
902 1041 491599
350 1329 275580
353 795 344755
1109 1268 770747
222 265 80912
1638 1652 843951
435 600 355669
1447 1577 821037
842 37 43056
1475 128 211604
48 249 384503
775 1170 203837
1793 838 907640
1189 422 647177
1057 1305 245510
1089 1799 455248
1563 517 208467
1638 1515 748809
1078 1681 551793
452 1568 12832
784 134 394948
542 1073 206091
838 1637 860861
363 777 74526
1710 212 872247
80 507 814270
1392 887 216787
302 879 100924
999 166 149095
210 775 798140
1260 1098 28551
167 735 82177
1297 1135 762797
335 1130 890089
1803 1632 744117
1030 1702 601581
1122 586 817085
1026 765 237889
389 1720 392213
807 894 402876
1502 205 978947
1481 687 85686
103 1626 534459
1390 1174 380890
535 49 348323
1017 1465 698820
566 1782 512055
903 1629 694943
817 253 101296
1362 1310 942153
1433 650 55618
1609 20 344993
185 282 985267
68 1606 617791
1445 167 827371
195 1031 131087
515 1691 369783
1496 836 419073
1236 240 251802
255 1276 334807
487 1155 897787
223 1168 796984
826 710 880318
1344 183 988262
1222 1673 842756
34 1090 369738
603 1070 159398
1298 751 820486
1095 361 556702
1424 215 760971
535 879 55770
769 238 590779
195 699 180661
343 121 113630
952 931 314722
1438 1234 694698
569 612 512109
724 971 391454
476 865 560491
1795 3 954089
375 1420 988534
891 680 105833
700 462 358102
475 137 959978
1245 580 948273
422 714 122565
459 1039 695879
1347 740 331250
617 1757 842648
1691 1235 146283
1547 1264 568408
469 37 269107
1344 678 657518
1523 340 498069
1524 1266 138502
195 1277 416525
871 1471 544748
679 1060 760359
1691 361 839274
365 858 869446
1717 378 177027
1557 1036 191194
931 76 52764
710 1644 608642
1245 378 859744
532 482 729910
500 876 709120
679 1438 103839
470 969 982852
75 946 193742
297 86 328326
1711 1712 891832
1463 552 799003
1676 784 439093
1170 761 377924
324 1001 790983
1453 1307 838202
1759 269 367779
1231 1172 512550
851 43 725739
1420 1288 42536
1451 1747 973396
1240 41 809164
1218 265 309341
1631 819 62935
286 679 136069
196 532 676377
439 874 529265
1031 1435 154979
252 1750 854888
512 40 446379
1025 1690 14852
1058 1513 94721
696 1783 801274
1685 363 403686
1084 153 648447
1340 320 137449
1038 1063 286730
1162 1492 385364
645 144 402202
65 145 848655
1401 1593 891493
270 1298 109453
1699 1710 323095
1239 1063 808340
1056 1170 93889
1760 359 291624
1636 1474 673300
824 1284 976241
423 1180 994343
606 1714 336873
1664 1635 359526
681 687 773239
635 1147 681410
668 1529 352463
1180 743 450130
866 1391 346243
308 377 786032
1405 1129 317889
526 1012 318965
486 653 19212
1143 1510 753313
252 1026 362618
39 1512 729855
834 1747 649242
1639 567 924082
951 1763 692040
1132 1802 414414
429 1534 897487
438 561 964570
344 668 132336
1683 1497 89830
579 1498 825844
292 628 322765
605 1656 636892
1231 602 575769
1048 1455 617354
181 1458 497357
170 111 304651
1694 364 808500
1375 563 697290
1677 631 232480
307 1359 213824
534 1091 809166
11 1349 895881
750 84 892008
693 1739 643800
1469 1538 560439
694 302 471889
1233 269 584933
915 291 233228
195 648 942204
1719 723 619155
713 494 887942
1441 282 314547
397 1740 302368
80 341 532964
1651 847 694932
692 1152 437617
704 438 237417
763 766 18971
511 337 837910
957 745 303225
1211 1173 988565
512 933 195451
1155 48 844904
1265 1572 128433
122 1017 649067
1801 152 364431
673 1624 306951
1804 1443 364012
1340 1753 851838
319 980 436811
946 1321 81638
275 488 112054
1125 1138 653816
751 1271 171929
1493 1636 589371
255 1576 583180
1502 390 464389
153 7 682416
1543 1085 213742
915 325 455859
1142 625 252060
1051 756 712464
812 685 639965
1557 806 144008
1196 1412 707935
917 1431 82799
1367 190 118116
771 1413 497349
1424 1663 676129
617 965 155721
974 72 906413
925 377 503117
504 1782 634810
318 189 455575
1481 1526 528921
456 964 419428
1215 713 149866
1269 621 825773
1326 1037 626806
1013 1462 915893
119 1254 871741
954 1377 231731
16 702 305602
321 43 103312
1544 1348 108663
1060 778 687063
1725 1152 188305
1002 304 23727
802 1370 665162
725 1729 569809
630 1479 682747
114 1480 718773
1456 936 522027
421 929 529166
185 1631 576713
1046 173 382768
889 537 434432
1019 98 942020
1234 390 327809
937 1407 6412
6 249 336073
702 1395 762338
1666 1229 288252
1133 644 461910
34 348 242664
214 556 181977
43 1239 596322
102 800 224125
1790 1786 520398
1236 408 895543
1068 1529 718051
535 207 810126
1796 577 301447
36 1126 226241
1149 63 583996
1778 57 726769
1583 263 225230
312 1207 279618
810 534 793065
33 1284 555088
1133 1729 977070
1691 152 506237
1438 760 124789
1644 296 391088
172 1597 930509
1447 292 723085
1584 692 417836
578 701 228708
1722 401 253196
579 939 265696
17 1600 618135
752 602 656748
56 488 123014
1722 1201 940694
1272 1675 863941
561 1640 984082
1103 397 424765
344 940 304831
949 456 120517
1231 242 297340
477 393 669019
20 1526 317817
758 118 731596
669 899 579221
1466 698 278629
315 1400 816623
1476 1198 722454
1384 1529 102819
730 753 965684
1471 1254 797021
752 1594 209508
402 934 125544
1529 1562 146572
163 1376 358165
968 1497 804364
1605 509 119305
1722 1063 50180
1539 1555 483626
1681 17 260775
756 1514 878776
1331 1369 563843
203 173 388635
435 764 704565
528 1751 516010
135 1606 544059
1477 774 985130
1154 445 733078
1510 1200 291645
350 523 683005
1191 1544 496004
273 1410 105631
1719 800 595091
891 257 329599
327 1706 596936
1374 1631 30671
557 328 365971
1464 108 67196
412 605 624159
1428 968 447723
1205 1359 100063
1292 978 162728
776 1139 662377
1514 1656 933911
923 453 219483
628 513 354367
538 602 46836
898 976 750955
1532 1200 921080
194 487 205715
682 254 165037
1163 104 950639
1368 1759 751548
1007 488 423594
333 1394 954803
1689 88 981396
750 1330 482715
42 948 331260
454 1585 878672
1149 1705 439759
1659 343 67383
1259 1268 459672
657 1421 582569
1697 1070 515914
965 1781 309475
1701 1031 493729
1601 503 695077
535 1133 129860
3 869 128364
1358 1172 715128
828 1799 424223
1614 1314 678876
1393 1055 493167
1187 1420 460740
844 1119 763225
728 223 261311
82 487 888501
634 701 336316
1295 1223 723364
63 347 557520
611 1335 43304
913 1466 32678
1047 1751 404384
489 922 66103
1198 1413 583445
1530 1356 195111
1444 672 826201
1100 669 765850
1343 727 548870
1547 733 479323
1619 18 788812
686 678 543734
1217 412 97006
1688 1057 732180
1115 822 548553
383 1491 101330
1502 1364 302439
1383 1078 859859
1651 1 834919
1223 1480 313811
1357 905 84976
1258 488 446229
1550 1003 483985
955 1518 68913
1085 250 276881
1255 1340 199785
728 1029 370204
681 370 912209
322 421 602833
1644 1509 67838
1139 239 365698
1742 1084 958515
1324 1646 758367
74 885 287078
1151 1381 150542
43 638 855300
1528 332 64842
1400 1642 570069
659 58 950985
1563 102 868509
1014 435 965175
463 1795 577240
117 729 716983
1187 1782 576062
302 458 535341
1260 1641 114946
657 302 851834
147 1387 628619
443 1525 396463
175 1189 193163
1146 1218 363691
566 261 832987
1239 72 210925
104 1696 882938
411 681 681701
304 1160 491342
795 1542 515110
310 50 198916
63 1501 556946
1638 69 543760
1780 978 84740
723 1258 639090
1115 968 5317
929 590 799872
1565 1292 569833
185 26 544914
1653 1425 179555
888 461 411672
606 1182 255972
933 1637 117135
661 213 809602
756 852 702920
1018 1447 508918
562 1100 873630
217 556 914066
243 794 879364
890 170 39313
610 575 889889
590 1425 279467
1134 72 959014
1362 968 645839
1297 392 320164
1190 926 696631
136 500 63875
160 246 516940
778 1395 427117
1242 1435 642617
1710 1696 885464
891 1128 635340
433 941 479006
128 428 281336
431 1262 604855
1249 875 573951
1239 1676 779846
343 1762 692359
1297 1250 715391
45 754 134051
1566 1615 116442
1251 1036 772303
533 1068 471960
1633 850 455038
1000 1394 794549
1645 668 762005
1613 719 400432
481 361 776328
1661 1611 958509
597 930 419188
910 223 616817
1245 107 77966
1393 914 770823
245 1285 817262
691 1380 568085
548 1759 325018
1076 897 56003
1414 1616 764339
1228 112 56794
939 502 271963
1741 1356 578498
560 502 586394
837 220 76651
1453 1265 577914
435 28 416168
228 815 141847
1394 1634 609730
1371 428 162999
621 1723 551095
1195 278 892186
1533 854 525318
1798 1017 955446
491 291 408301
1216 1307 902820
1404 975 790635
1744 23 775614
716 407 85117
187 989 187847
73 290 519897
319 799 579573
1178 1092 741157
1724 323 45382
1394 770 399412
486 493 795372
1790 1190 786860
583 704 465619
475 661 130145
725 349 805091
641 553 969782
666 300 35679
518 566 802373
207 1253 280779
1332 852 619437
213 1027 234948
273 851 679065
1233 1129 386012
928 1255 521088
687 306 932207
1354 1118 508086
1172 782 100837
963 1363 199403
972 866 683800
1596 1173 784381
434 1512 898424
26 798 13000
1232 459 184586
320 1802 361898
1687 275 788894
244 861 35136
1481 1512 650869
162 509 34285
375 46 401423
1455 443 631184
101 1363 551499
339 1677 253977
452 1010 684249
1678 1679 501067
1002 384 162431
432 522 166516
307 835 986119
501 99 301443
418 1409 432820
830 513 506924
334 1676 333795
1130 1239 187734
953 1605 838857
659 1107 914674
172 1422 759291
1178 130 477583
939 1292 924710
599 1471 894611
1023 1156 878360
1274 317 697063
1101 1442 449911
1677 414 843473
649 1157 49040
131 1035 837348
60 942 830845
488 856 408402
736 1313 895870
1060 1379 260044
490 273 917141
233 1044 184721
789 1106 581278
1307 1509 470458
1327 480 238967
421 263 845590
1082 556 370855
1162 864 201394
1033 1419 308700
1683 1104 71680
920 263 379020
591 1538 758708
1717 1087 644835
221 1083 244975
573 1414 190587
1591 385 246409
1366 533 85676
572 1656 455602
171 733 249069
787 359 575685
1457 1519 340187
1363 1199 407455
1222 1135 640443
119 457 473960
1543 687 560289
1169 982 318494
100 1348 721950
1580 155 169724
1014 1326 119002
1067 797 460377
1186 347 291431
482 805 722368
83 663 716517
516 1576 58409
1601 1020 732625
734 284 23751
853 323 852762
905 1642 265544
795 75 224700
205 651 595347
1013 381 775167
366 313 243035
1212 1694 519740
1032 264 494622
956 1169 321337
454 423 934864
1246 36 71064
458 1426 366343
1006 596 16654
717 1635 474431
1369 689 325170
1205 544 573220
617 144 556734
1773 943 206327
1133 285 10800
523 623 67803
1158 583 961441
1481 1028 239570
597 785 998831
1618 1336 602764
986 1354 524432
916 1281 484106
318 1337 295066
426 688 52764
1516 279 148042
264 1477 210692
380 764 617277
1255 1171 136789
868 847 194802
650 1111 202369
1266 674 502196
889 565 496349
1060 876 373930
1608 656 497468
1752 1500 996522
963 1242 514500
1775 856 110634
1075 1607 77195
1029 1372 296622
934 355 796688
602 977 922665
624 1175 278514
1130 1571 282504
1596 1395 437459
1445 607 54119
499 81 73970
792 544 793331
881 337 796032
366 171 202826
1529 1725 690787
1746 656 542977
309 370 554981
536 734 396490
875 1485 535626
736 711 777623
1786 1098 512693
1604 485 492616
563 1170 714582
1740 1321 652691
232 995 378707
212 1407 307839
178 1233 84037
1281 1053 369713
1048 1454 352233
373 69 753921
276 1517 396932
1033 134 246733
657 1385 389290
1039 1380 958432
1573 270 204365
1594 613 656298
1109 80 666348
102 672 802169
1561 1488 326411
1099 1079 691728
591 466 588344
423 627 473823
1776 1731 282792
1230 1103 588294
743 648 47419
1735 1138 164334
1211 1331 623041
1169 1478 738836
918 1148 486042
56 1552 850854
1375 580 907689
383 503 988583
1436 1548 585552
1513 586 800432
240 1014 865713
192 431 726222
868 1767 622742
172 1796 64746
267 1603 755085
1600 826 568554
694 403 584026
1742 1761 614671
1043 1392 811774
48 1730 906211
90 1599 70260
1425 162 485010
1580 1159 586240
876 1440 858549
1243 823 821898
437 212 399539
1291 106 680398
488 814 232162
1376 990 206147
425 624 301550
1309 1273 587205
567 1067 29129
1416 1262 819540
1586 515 500909
426 420 642379
1170 1617 985764
434 417 511268
955 386 817335
342 547 97374
1264 1050 800029
464 293 26665
1650 36 316137
1641 387 304192
578 984 824191
1280 664 171601
1048 993 528321
637 925 567429
491 1573 656247
339 1790 683747
1553 716 703885
1179 515 633199
815 587 157031
697 1733 684748
1192 127 526476
843 288 475434
1017 1320 149415
1185 127 523549
1631 1666 724724
1301 951 833062
1439 1803 687409
1051 1689 794509
1214 187 155975
913 137 364124
929 751 332758
1043 1395 49849
815 130 364290
1577 1506 623915
577 383 556742
240 881 957952
1197 961 252653
1237 856 659878
132 191 774513
1592 219 640248
109 369 97502
717 768 743491
441 1705 758164
675 358 657981
995 69 13326
589 1044 670842
1526 998 449742
900 182 476765
1673 1533 266785
1374 741 447412
1233 949 131655
1247 139 264453
407 1225 8304
482 1509 209651
73 1245 253220
885 1600 688270
1127 683 543463
1056 509 758657
680 1335 244902
645 180 996534
1228 1048 491533
300 586 444687
1482 1497 929043
1503 746 981191
784 97 326384
397 1227 171590
355 1020 199772
842 143 845656
707 313 414970
1492 1237 128209
226 847 700556
466 231 48202
1789 525 994837
8 28 880902
1113 631 607719
234 729 568401
208 543 523913
64 1346 861916
1005 901 251952
1577 27 126395
1715 595 769908
771 1531 130459
889 1263 325079
308 779 616223
803 1802 56385
1750 451 424297
1397 857 130176
222 197 736333
805 829 800233
1636 1208 710059
70 1641 617551
817 1003 411838
1145 592 737563
516 495 438039
454 290 16350
1699 350 253364
1093 1327 110416
40 285 800887
351 977 194956
1666 1437 756073
1547 1470 402485
1470 1458 347546
1064 1075 403577
658 80 166266
828 421 481979
1074 1467 422213
435 1580 926422
275 259 100090
1142 1106 143165
1030 1102 804327
390 163 87732
1449 391 573494
149 529 413281
1003 486 680171
818 978 1806
231 1442 237878
1581 1618 86717
318 959 327915
1427 594 755346
394 699 236911
493 1741 148909
1297 256 280975
1458 75 581390
864 224 312691
1264 1736 87772
390 1332 476303
140 684 237329
305 1636 104557
78 703 560063
908 789 783257
556 102 12656
135 1713 596805
838 719 346168
184 1368 251489
838 1007 124251
604 1702 31028
102 1184 296079
40 254 402314
902 375 67862
240 300 356996
1058 1795 289727
244 1504 949602
553 1739 985438
1754 335 305898
1078 268 400961
47 1082 932778
1059 598 520483
1019 1334 500719
734 454 730210
209 117 748907
539 1586 880983
172 710 468834
524 1621 563003
1220 358 232394
1234 478 5211
1643 1060 215157
702 1670 559156
1033 898 695498
5 1802 759534
772 111 881914
638 959 290324
55 184 980349
945 318 357667
304 105 924159
1091 954 295156
1051 468 197861
250 726 357093
1080 1604 778065
438 1624 518695
1415 453 614515
1592 165 856837
1613 124 330841
33 1750 466718
1548 1325 262813
139 1319 171222
247 1057 428442
633 614 392463
1714 1522 345780
1308 358 693707
275 1712 407783
1642 365 257718
1672 91 60565
1341 278 374625
1255 1549 361533
1010 552 49180
311 754 536325
1551 1152 414476
1360 1248 813769
140 1222 382531
1394 512 60136
1591 1710 167792
4 782 869808
443 79 864174
731 1574 60201
1092 1634 328155
904 915 992598
337 483 655380
1150 1589 82983
602 516 763253
41 510 377729
1039 165 861617
635 446 325690
1560 809 723005
1322 530 585634
491 356 585048
1593 262 676034
330 1275 51687
908 1427 935667
1288 1176 153536
1256 650 132423
820 147 693278
609 1685 813529
517 134 618990
14 878 983179
1622 1633 743618
1735 1661 652631
141 57 945803
1374 1595 959997
839 1213 46744
6 663 95846
873 540 691959
43 885 502883
1524 725 195418
480 1478 852165
1738 1411 591028
170 474 932017
1192 1048 230539
613 595 967880
270 228 444849
1720 241 450064
122 1606 431518
1585 1005 315716
1354 1087 582613
518 1778 430698
1675 570 986586
1076 1702 697131
1008 1506 852607
761 1175 741920
609 1243 309944
1341 534 658720
1410 1635 672565
143 1018 543443
744 1504 101660
1146 1518 444595
212 1357 278110
131 886 387655
1144 589 988867
307 779 317889
1405 923 85238
1093 1149 952912
714 1806 216512
1798 928 369310
239 1258 715397
99 578 119302
1321 393 426719
1229 31 217200
236 1311 322356
328 601 411942
904 1793 426086
303 1615 178581
610 1599 159887
272 1255 82271
404 1710 558091
1758 1289 933126
1353 1405 268008
1398 552 169134
477 1094 962045
422 161 422091
659 1635 996331
1020 515 669341
722 540 95468
1197 1134 160647
570 1117 547880
1061 1722 137068
1129 340 687887
670 585 972962
1181 1288 908348
1655 933 566418
1368 1269 741720
687 637 957405
133 1295 990231
17 282 28998
968 989 715863
1719 114 70015
1141 1079 305468
426 739 235487
309 1314 499760
1635 1264 101025
375 1770 609996
656 1803 637149
1583 899 166248
1393 1074 322756
1389 1413 613359
363 1483 416887
1704 556 380588
1114 508 563442
1620 1247 887338
997 227 24590
1671 837 939020
1295 865 889977
1725 714 533427
21 1255 786036
713 1461 222102
181 741 879917
63 713 374767
972 988 875790
122 509 435566
1595 770 275342
1802 842 394875
452 1358 793879
654 64 669129
1588 1180 510023
970 139 100865
1059 48 371199
297 526 717031
1398 1648 273113
118 1610 833801
304 1747 226942
1450 991 579495
195 723 443611
867 573 136959
577 975 277425
653 348 187082
506 11 35191
1391 1591 758351
1343 558 53680
1284 1259 764044
679 43 357468
255 34 159881
1776 1212 777475
294 445 708964
885 974 891170
1622 1800 871476
551 102 251322
156 1760 816750
1469 1688 704282
605 755 76964
700 1745 841678
339 261 938587
692 1357 312462
1605 861 130769
1595 851 271145
725 120 684495
1652 35 52241
438 130 788733
1515 591 164895
1680 721 571501
1140 1118 960818
1197 93 593999
1109 1271 326988
1308 457 731183
1047 1451 354167
1306 411 335228
706 1552 568070
153 178 889441
1252 621 184460
1441 579 655932
28 1471 617736
1312 848 146312
1447 1695 493501
1357 998 342041
719 613 561817
433 1319 84283
1112 253 459116
726 330 995595
827 991 761780
1175 1610 422436
1001 209 90748
1281 1740 174246
1090 680 135352
389 1241 875858
1180 1429 630626
358 67 587340
1665 650 950183
746 1669 41405
382 1235 204736
1147 86 138690
235 1186 182585
1549 1331 559822
1683 1390 352211
1683 222 704401
1332 1520 467587
763 1022 739976
331 1012 350935
1779 603 400078
330 1715 304561
277 308 42704
1076 1655 453529
1710 1350 777111
1407 1635 524756
17 773 36826
1650 446 379827
532 267 186443
596 1186 718564
1268 1010 837754
1723 372 432594
714 1497 598089
1192 1311 93246
553 945 823165
143 137 93743
1007 974 86819
18 578 844008
1541 1035 870712
1361 1237 842491
175 635 616116
1790 1067 983127
1777 939 11798
372 1176 102682
1467 568 721921
1276 1660 120439
1684 346 133474
901 413 391197
362 306 772778
85 59 330849
1514 1730 880743
1744 1497 947225
486 1133 560508
874 301 219226
1042 205 389496
170 1221 626955
157 611 173818
785 621 951923
1342 1429 622061
1558 34 333146
1069 466 807425
198 837 185887
1399 727 293708
790 623 598655
1174 253 407909
637 364 864261
1269 683 540759
107 858 496179
1429 122 268283
840 998 168408
1514 176 12463
901 1780 888389
1000 1202 212618
415 824 646016
334 170 225910
966 1470 277569
538 594 447715
915 484 263428
64 1231 312136
1620 130 932910
953 904 509643
779 1095 734831
450 1081 762466
987 510 901402
949 1218 881161
951 607 923824
1274 1 527253
194 1091 394630
483 350 898539
1296 1556 648187
949 508 583732
671 1471 297780
1689 280 856899
761 276 97536
486 1633 924864
185 1309 707069
456 35 812867
1694 962 292468
1658 557 954086
158 1500 959955
25 145 135542
18 794 517604
256 1009 844351
1108 1012 570762
470 1356 167632
1455 23 433388
1500 1783 451501
987 453 321086
1231 798 258674
989 558 372889
243 1463 416130
558 270 178569
348 703 280657
446 225 254475
1426 989 577639
169 620 165059
789 1288 242656
548 1096 449827
455 895 350725
788 908 415827
1557 460 921350
1307 645 739238
57 137 707055
500 882 556482
1209 425 738016
1631 516 113262
857 404 30405
1141 1671 43281
1366 823 831421
744 474 978789
1411 789 86134
142 791 166590
1415 1514 598277
1187 1400 611276
1677 497 348415
1214 534 259064
159 1497 741911
793 625 965079
1138 271 367624
1351 1060 336282
888 1674 752969
1193 1720 520394
949 255 485946
1103 1249 89453
1139 350 870516
657 27 996553
1455 73 266750
1090 1468 487793
1645 34 255395
894 1455 540609
625 257 615466
1525 516 481833
1241 1362 878007
726 576 547426
321 348 66565
845 795 437283
227 1152 976221
1759 272 157001
1605 1634 941953
407 956 942982
1106 1091 218842
1753 658 71555
1425 1136 791648
483 400 382133
1219 1735 856950
440 29 696062
400 1432 484620
922 1630 318888
1801 1097 734832
1457 203 285254
506 1404 839179
1096 68 534427
1404 869 971360
843 358 333459
1592 804 804086
1018 854 41510
1331 167 894711
1580 657 197995
1469 447 400327
1174 1723 811898
1640 1760 415844
137 875 23008
1630 1614 80026
1177 959 390946
1229 286 904245
695 1585 628537
1350 226 544131
131 867 875220
638 1731 328768
1331 512 9802
397 1804 701000
1046 1362 421667
70 1775 783689
262 1190 698131
295 1509 92547
1273 111 858162
95 627 993309
1617 25 125628
916 1170 716398
709 406 495039
1543 370 517972
757 1455 918438
624 1237 841070
407 1530 571088
212 958 538164
1028 1651 951311
994 970 324095
319 1258 897911
182 579 230145
854 1456 409238
174 1514 244481
412 1272 312907
858 715 145494
135 1381 80404
1149 687 536617
1370 393 292573
1287 1549 600249
983 979 182507
758 1545 784637
677 1271 509780
1403 79 207744
1643 328 623879
17 95 47102
649 397 656250
192 950 765988
1699 1351 889758
979 1596 933525
209 1633 170400
110 145 209980
1729 843 212574
273 237 922934
1481 1224 794950
1087 907 633141
1435 69 895397
373 1670 502608
1168 1718 933792
698 351 361294
1387 318 710805
77 1721 720423
562 290 381896
18 551 95112
745 1311 625554
1336 87 638333
152 1402 522806
512 1525 139176
1578 1241 23608
49 1411 225514
30 1041 843443
912 1119 710777
283 1238 336759
267 993 829973
430 1713 95008
49 1712 579082
1379 1367 977844
797 350 118206
987 1057 284556
40 845 814753
888 1033 933788
715 1599 823483
997 749 104292
1364 1329 104629
907 684 967297
1631 453 465516
1121 1429 237956
581 891 792244
563 198 531783
1345 1423 899683
1654 1102 187948
1414 305 215483
708 1801 696022
799 805 898132
1192 673 181039
51 1574 490133
335 518 964268
1252 283 639635
255 1716 726803
1370 1676 346
39 1420 535805
1283 99 977865
1737 1014 815223
815 1250 795723
1235 1403 520662
502 1201 814796
788 1510 255468
754 1149 633284
418 535 907936
951 128 274575
365 1721 76559
944 233 598499
1556 1366 27018
711 889 549330
0 607 665574
870 1026 438628
973 1155 701068
291 481 580567
947 105 308292
738 1637 686517
825 1098 147611
570 1214 927185
1733 662 815659
66 283 534586
1078 1361 56411
995 148 361283
92 1550 592713
340 211 197330
1671 765 654928
198 266 120698
119 693 38072
1474 389 93182
1532 923 948667
1590 1082 702819
1054 522 879103
509 1515 914556
1016 1116 844157
162 1134 393321
488 1397 770742
18 446 837951
531 1340 939039
1409 1022 95359
1802 730 740807
222 629 647906
1409 137 306129
925 1413 832799
1696 335 901223
128 1323 875609
419 1034 179614
1026 1487 608195
171 1537 771212
858 778 477480
79 22 358464
55 1580 768334
711 1577 321661
1778 1256 362025
1302 1066 98151
470 597 809054
1711 1221 877654
810 1077 928427
1458 1023 617930
1653 1059 551188
440 184 609149
495 1545 251672
433 786 410113
184 273 901611
1515 64 117340
212 775 982545
561 210 920798
1118 1526 524240
1670 476 766836
1557 830 861437
248 761 94049
1487 622 907327
106 148 241871
1332 1632 508095
466 710 562685
676 871 921318
611 1202 98005
951 1217 70863
1487 1192 63279
985 87 946317
60 881 227805
1675 297 441914
1400 784 362189
1517 1487 631310
1033 1426 725182
1182 1587 40716
1771 82 931057
899 1685 539103
329 1595 209395
1699 593 140910
1165 1150 56465
289 1328 914494
1579 1363 966150
584 1477 547244
777 1598 572835
1119 176 385700
1155 1005 733163
1105 1351 633198
1697 605 537181
476 1697 348682
1483 1725 709766
61 1540 960227
1028 220 41330
751 1100 607558
320 531 956021
42 92 518017
1240 427 58179
540 1459 235557
1648 599 53815
756 623 326599
386 1515 739936
786 1279 284249
1548 280 120751
1221 492 709894
1086 354 774925
1118 299 382281
1788 1281 463750
1253 794 335859
516 288 153237
342 323 225545
681 449 514456
1361 90 397727
219 290 272760
1047 697 830852
239 1092 583324
305 785 978648
1710 78 370724
521 970 332165
147 886 214749
1355 404 958964
980 1085 525328
540 892 938444
1160 951 233790
1145 651 752263
960 1376 644144
1342 1456 343886
1375 237 212814
1490 637 940009
794 1777 820828
493 1475 51884
836 1262 705154
131 1438 443298
655 938 869617
635 1526 762927
916 152 368611
258 609 599195
375 54 499035
32 738 929636
793 921 972655
977 1219 767576
77 1079 437889
286 1561 143210
1280 841 61858
832 1422 13668
189 325 891667
332 405 590975
789 1377 67398
723 1661 80778
331 741 981515
231 537 990735
371 606 65451
1390 277 198289
885 1143 599348
854 507 634768
982 1223 993730
186 223 81857
1053 32 132339
1379 67 764403
1275 1618 881770
1677 402 21233
1582 993 912639
3 1294 411786
63 965 187712
168 561 546089
388 1051 161878
543 424 83423
796 496 897066
419 346 509321
1450 212 152614
56 806 465491
1409 925 774006
1223 1029 129711
120 1657 66615
868 629 369502
109 207 95762
1330 21 155601
1164 172 615844
673 1509 995361
207 899 276218
986 1502 953190
1806 1304 360410
1308 1686 813462
889 227 929960
1355 1479 885690
668 254 377162
487 666 287137
1149 1796 555273
455 1730 113586
419 388 832249
1210 1483 430214
937 1737 647254
282 1502 561504
1608 736 140387
747 452 201671
263 1254 403160
570 371 237566
492 675 693504
23 43 889752
1301 1179 907731
1711 247 993793
1706 621 900601
72 1763 251703
364 706 928360
258 1627 407704
173 856 841562
1191 514 776210
1006 1578 157936
964 1246 32007
158 20 31789
898 683 531448
1401 454 725242
654 1355 338245
1362 1599 886882
32 629 740035
487 1360 661230
1191 318 682245
1109 492 175828
1062 152 105239
1348 516 552037
1695 473 325953
850 607 303179
220 1594 808929
88 275 509476
165 1714 923302
554 1563 56191
975 1562 354026
932 1029 879934
1559 1075 147833
786 817 143047
919 1477 730264
893 1443 484586
1132 1724 620101
1451 322 689436
938 782 198068
1304 1470 183604
1430 1313 395955
565 958 88204
447 1015 2992
856 692 94059
1268 629 802538
633 410 264576
852 1606 137400
1048 827 79843
973 1545 901548
1045 86 38162
993 245 858771
193 213 363783
517 311 813292
829 469 421816
1478 327 138508
1621 1272 627648
1426 1263 948028
673 702 51721
728 23 17014
1008 129 517889
1231 1113 68934
1775 336 777281
1187 1501 963849
803 1394 172322
874 1375 655523
1282 770 630521
597 115 979410
288 1803 974698
55 1657 23416
830 1643 916683
627 1572 256589
551 1762 114155
1063 810 480657
1576 1104 762111
1256 1571 24500
469 1198 475967
1631 737 392194
953 12 228389
1516 277 528711
1051 429 638596
1440 865 36410
354 522 313366
1784 97 886851
1624 867 697893
1460 554 437169
1764 656 482844
1028 901 269094
1555 680 120055
98 1305 937714
1631 344 284086
315 1647 845302
1005 184 312619
1547 1109 986569
1072 1708 632681
110 605 570157
459 527 295812
473 850 57129
380 176 755277
623 607 777327
130 1740 464501
1755 427 468320
1207 1791 35270
1678 223 316244
847 401 143521
299 1592 83272
1700 655 168839
463 321 709864
633 1713 138080
1276 1279 676480
1164 1399 282454
1764 1432 526948
1020 1176 623416
1058 1720 846812
1711 978 370978
1063 83 461952
1455 1122 668414
1500 1026 349821
206 1183 183891
1013 1619 51834
505 159 432005
8 1386 53371
669 492 498165
448 1215 798514
292 1455 478956
803 331 715145
813 878 923562
1710 1128 304527
448 483 140100
1329 856 153603
757 1106 307948
1650 814 923669
743 36 578445
1125 946 145932
303 1589 911755
507 293 776726
952 166 425865
1247 687 943416
103 1710 630538
366 219 30048
61 1741 433442
1293 1533 655572
1621 235 435460
1340 1256 936977
544 1378 126115
1715 887 794700
835 374 769834
714 968 505955
590 1264 22944
219 1583 930636
42 1209 738355
1197 713 90820
531 1047 566295
421 502 994056
953 182 707826
569 1749 397593
1719 219 520318
1721 873 265496
596 429 948893
37 847 688670
1124 986 892213
1556 1495 290761
902 1786 258669
919 861 691056
1064 505 921813
1196 446 133917
423 219 896877
413 660 134266
865 146 214409
589 262 565025
1705 362 46886
1368 443 100528
1436 1219 790030
113 243 281231
1695 755 395094
1443 678 200019
537 1804 457601
1626 1080 42620
982 1523 992497
388 1017 827194
591 793 359768
513 447 127162
1721 1460 228576
342 666 848046
350 154 24943
1431 1015 964879
1280 966 873064
845 528 587339
110 1569 231143
1015 1439 912462
190 625 152448
1472 1657 509878
527 289 343994
1695 1297 612141
510 897 572225
1681 335 954433
868 855 778185
1104 1772 22164
979 1344 835481
1137 844 789742
450 387 595676
834 1082 232581
827 1727 27192
1291 1077 784125
342 276 842412
1350 409 564553
380 1226 983610
317 1143 919425
343 1159 501780
288 125 703587
644 50 947266
706 1317 996269
1167 123 436148
1784 464 539039
788 699 411826
1042 1646 689408
782 802 789809
24 1033 785394
1144 1217 404693
690 1520 89970
198 844 160132
1484 731 790411
1493 339 252222
1250 408 215789
507 26 235424
1776 849 804271
265 27 287490
741 355 706605
1173 1401 15186
714 1789 288131
523 1234 740740
873 297 492428
1562 462 111379
1675 1407 403948
861 926 308922
1541 650 980656
117 1161 50343
1168 720 931605
333 36 509245
474 621 301578
608 164 179434
585 851 723742
140 1013 98347
1327 1282 382378
338 344 468567
812 1311 954385
1146 218 153143
975 639 239340
100 1657 347931
854 845 324031
165 1239 147627
1223 1575 107496
786 752 545575
737 1678 214527
967 1295 96163
454 833 804929
377 1539 173769
103 1628 815190
5 1312 294797
150 646 51915
609 1514 38796
766 450 589225
1195 677 264680
652 509 908658
816 136 835493
1405 384 200286
1524 1377 285354
1754 109 256936
58 1048 52833
799 27 431420
1003 1469 305307
971 448 910439
479 240 486958
1732 960 988915
43 523 179433
222 1455 490150
925 1085 882327
1787 656 190486
1492 1402 84567
160 257 373132
174 1 21989
473 1317 411068
750 317 53230
367 319 625948
1766 1236 326019
174 1511 855173
377 1671 112196
1111 1470 209739
1565 1030 813845
98 1644 805521
1685 506 971880
70 1559 556105
723 1765 967295
1736 1577 7803
404 69 126874
1457 604 58368
1772 1059 405491
1217 458 63065
673 1042 340756
1529 823 859289
1342 989 819925
64 979 974385
765 1556 353561
718 81 104756
943 979 589315
920 1249 825899
1690 1541 824728
1650 1371 435385
726 1513 596295
1561 1209 297799
1419 910 702095
82 1365 790899
1500 219 730573
1791 1446 166159
676 138 678950
1374 918 966483
1424 245 113400
1 1785 448817
739 907 907017
1699 1779 603660
535 651 369718
1378 1640 336135
1480 264 976780
1162 1661 48811
426 1038 821530
919 995 654827
624 1312 394678
1060 1330 980588
431 1593 104981
1023 1175 519975
197 529 411759
6 652 166725
1192 986 804758
566 1122 110936
556 1071 967147
1308 333 311775
900 1336 164954
604 1339 3042
438 9 724596
1276 637 591120
1706 229 611915
1208 648 578036
689 398 465908
103 1189 201454
159 154 851594
1073 438 142883
1251 435 676911
999 199 761752
1341 5 599663
969 84 623926
1555 308 57045
1120 1478 934520
1338 121 687233
1605 1337 860997
240 223 687747
623 1116 19100
850 873 454246
1284 631 446643
1170 904 750235
120 1046 45961
1574 766 450185
1242 740 199651
530 61 908726
758 1629 82932
940 62 840034
23 1483 512732
1200 1362 684979
928 362 495266
147 326 288734
1617 1018 868023
513 1242 926013
1041 337 732694
436 1669 936787
364 761 328652
1729 1022 999396
1321 712 840386
252 323 167400
1219 693 148460
705 407 990595
947 116 701545
1372 1370 64068
937 334 556297
529 341 440349
936 1252 327612
1556 1512 987105
1207 353 345323
422 866 279872
833 1340 325834
720 1276 660872
747 1587 726323
586 657 461117
195 215 978459
1061 1524 656829
711 1525 994093
1150 879 771549
719 1266 167440
635 119 665306
523 1025 406276
439 443 801393
1191 451 454616
1290 427 975732
541 1095 237606
1057 1365 167384
1581 992 388408
1731 1678 100681
1224 0 900784
793 1430 897736
1298 1761 18913
342 584 82449
798 18 561867
1103 736 484073
385 779 400676
1613 871 289090
865 1471 401165
511 793 176977
1311 668 490124
1561 665 892778
542 452 358257
1340 1180 911799
1340 1443 413906
253 167 887868
1308 424 767622
1723 343 222669
135 1334 684068
1346 1025 331569
1539 454 829141
270 171 330571
137 18 440492
1672 1641 579587
1195 1251 755295
1154 1766 466791
1269 567 800885
306 1532 75906
1124 1499 1924
966 1633 70693
1416 1021 583796
1295 1495 148139
232 980 959504
1587 539 549550
850 175 823041
1102 3 628315
786 172 929636
288 787 298595
1461 1676 813102
1316 822 704598
868 687 258559
1721 443 15716
306 1415 931749
1028 298 998344
258 1317 783229
755 645 266640
284 1028 908381
548 1792 823589
261 209 597493
358 925 663201
376 1182 307487
1257 214 461571
1347 671 813153
1563 1330 594722
1609 1525 700877
1479 1006 160279
13 763 411997
784 59 73963
1752 1798 802904
879 1437 704483
416 863 72234
1511 318 606531
1568 1244 12347
1294 1756 141033
443 1658 753069
426 20 426626
1669 651 441688
561 1277 852828
1134 614 913520
1468 1523 719331
1340 779 261190
990 747 712136
623 467 57932
955 273 524617
1030 247 92238
1452 1330 816638
1248 1227 333494
761 1378 761650
49 676 190978
240 981 69636
667 1706 246193
1332 890 335988
1350 852 269116
1161 1394 335699
727 594 543014
1190 1705 831033
1581 1569 551125
816 124 876308
1772 119 19761
1779 335 753219
164 91 406060
568 100 271728
863 1755 767967
1326 354 567405
893 1263 472875
295 247 292316
83 1696 344033
1124 1564 762072
395 1713 751612
1732 563 176278
1120 744 654295
1803 1499 190681
78 1459 702333
294 1545 945590
476 234 295193
1502 1672 372711
1801 1576 35002
1058 1461 263380
198 794 683008
273 658 402507
532 265 320558
951 1058 220954
737 1151 22360
425 1474 427314
911 108 47504
1498 1439 617994
70 1773 538843
420 1563 607787
1604 1468 182284
881 161 947092
1793 565 477383
1661 1220 712908
890 1019 793079
184 1344 183273
1200 1243 750600
30 804 60506
1054 396 375618
283 499 139477
1534 557 671210
1787 653 764183
310 1368 668768
956 1549 656269
1046 1116 341280
990 309 741090
1217 305 900092
1147 515 729255
56 513 59786
588 1550 372746
192 65 214457
355 1658 121121
1277 1167 217827
1448 865 911573
823 1091 900997
176 96 238236
163 1758 399068
355 71 45066
1019 317 49240
1186 859 442979
33 1384 441004
75 1040 677146
879 1739 993644
1012 589 513453
1237 966 444044
1657 565 276212
753 36 959778
806 511 188365
1200 294 6353
1679 1543 563081
108 987 451860
1112 414 256855
1363 431 95104
570 412 965047
1575 262 374862
189 805 501685
222 104 622189
1500 354 642807
441 1251 607075
233 2 776863
1178 519 508127
161 819 592499
730 817 619957
784 783 164140
1231 407 127582
1474 1062 897777
643 883 60391
5 1245 193302
475 1763 89304
576 1538 3344
958 208 942269
475 652 511077
102 561 941232
1266 425 492834
1563 1337 106758
1804 1283 102401
1159 490 412729
159 558 525538
1533 13 42472
1622 674 848172
1079 651 176947
1425 1660 620043
579 710 671247
208 1634 108145
1703 1744 553074
177 1353 708746
1534 598 178704
805 556 327846
946 1117 837266
207 619 136136
762 1166 247648
1611 611 97430
1508 1084 296333
880 1574 628541
114 1131 545363
11 1540 180598
860 707 702538
1037 1703 79390
1009 10 907319
49 1790 575464
1652 1728 317876
103 1199 793589
959 1303 569227
1765 1466 198933
866 235 101413
1326 98 94218
208 932 255451
1257 823 925556
1604 509 165566
342 201 150936
1018 355 4750
1637 155 104337
20 1794 943221
756 1011 670093
1109 1158 79415
438 498 356567
274 513 23199
425 1499 920431
218 335 564274
12 908 22794
631 358 571301
1535 471 571037
1022 374 77829
13 82 377116
360 332 603584
457 942 532528
686 1659 818801
1023 92 603773
972 83 735476
1568 1583 682876
1550 1053 372070
567 908 948891
122 1367 435185
905 61 172211
1592 553 232542
850 249 884488
1034 629 710822
1270 1342 154348
582 1531 399734
855 1370 75228
920 786 798135
550 446 443353
453 750 83848
328 519 795862
1702 652 343401
1203 1623 105937
324 870 402332
1798 1469 218364
174 1648 627649
603 727 674425
875 1574 633425
514 751 454257
327 33 293430
1210 325 964230
1164 494 761381
397 274 672426
1713 1331 353592
1053 1479 299955
641 881 474864
630 252 217106
722 581 500176
222 535 158851
1527 712 45658
1164 1709 751685
670 448 328616
104 1626 766730
1559 529 114771
1741 1336 907905
571 452 274436
154 165 859834
134 720 655242
235 323 528427
724 28 545912
744 336 819873
113 352 491448
1229 843 729519
825 904 459715
1613 1795 78559
1105 1162 178314
659 390 844373
536 288 800082
982 1789 929817
955 1302 973345
1774 338 792634
233 161 871527
286 1055 214183
1527 1061 639793
701 1527 358017
481 248 693905
405 273 903798
229 602 978799
557 48 384342
1486 810 19641
812 727 710414
995 479 866696
1524 790 254648
1753 1480 465005
329 551 477429
914 172 191293
878 672 91099
723 596 461885
106 453 888850
1115 210 329604
952 491 362288
273 65 133122
237 33 499747
452 734 486226
1218 1131 186778
47 1057 866167
1230 903 670604
478 78 123460
189 1311 564577
911 1181 11486
902 1671 113317
1792 632 20803
23 520 130971
75 1575 875115
977 255 830367
982 211 193848
1478 1416 625777
1747 1546 939328
148 114 803301
1456 1221 498664
377 159 23316
897 941 163208
1360 475 676197
581 219 574916
1712 1447 181552
523 948 871225
71 538 189801
1367 1195 595433
1092 1169 819155
1532 1462 499647
803 1115 231303
248 296 164013
810 1616 604374
154 580 746814
44 1242 572169
253 1758 337534
785 373 47013
497 205 190645
567 1461 730170
1665 1163 388957
229 1617 706745
219 880 862136
342 1202 684361
1487 472 93685
684 424 88874
1199 1749 661584
706 736 628991
933 673 735899
1576 1794 125180
1522 286 864162
1393 1041 712630
1722 1169 990358
623 1718 583061
361 1497 840728
201 1063 803650
493 1341 212645
1427 1157 841611
696 670 448823
761 1544 946170
1571 973 138612
980 1145 293731
958 1051 968791
1511 1103 379342
366 384 382049
198 1410 544437
103 94 741069
1199 539 185276
779 174 361847
1046 308 846930
811 867 942518
674 612 430809
225 76 442315
289 597 9943
920 274 289846
677 1114 877090
942 810 196702
1478 1685 254740
1666 614 481974
644 1024 586039
389 491 797203
1418 1137 189240
119 170 480391
283 1749 638745
1121 1605 264390
1799 1411 620565
1718 413 647496
518 426 725373
274 898 739845
48 855 315484
1102 713 829381
1783 1798 821477
453 667 890508
1543 1606 405271
1453 1661 642945
1065 1561 427887
687 1064 868959
346 213 606616
246 1401 609072
1623 18 67798
1111 596 588146
694 1618 885620
624 619 475709
1337 85 432354
414 560 93914
689 408 142734
477 768 561144
1270 133 412842
1226 531 975351
1598 1233 660529
1276 1508 903461
863 1414 200084
671 1286 985198
586 1156 488130
287 522 254756
1216 668 32004
1348 835 482388
1243 235 784460
1799 1437 278786
1691 1047 487997
1523 599 255265
1307 312 832442
825 754 950900
195 289 304832
920 1729 864496
698 1083 832821
1097 1397 266509
25 822 97828
807 1341 700552
1805 242 801153
781 1397 371800
629 1201 518640
651 1048 453037
264 767 507187
93 465 456374
1391 1496 934353
174 624 932343
1514 1623 957956
932 1739 726330
1031 222 643578
25 855 468926
1439 1419 590174
30 94 787182
103 385 577931
668 995 664306
604 297 760856
332 431 286196
744 1683 705699
673 126 449283
1044 1247 337052
1756 960 884112
245 878 347047
976 633 636483
818 1699 35921
457 117 676939
1796 128 954577
981 495 244371
1226 1613 505426
1748 1101 170892
686 719 24525
371 1442 959255
601 920 701388
1523 268 674765
1271 1765 189272
605 884 564019
1262 736 839197
1795 1174 604879
1760 1475 272061
1260 9 603469
1191 1732 625359
1745 323 800650
63 1781 714029
1184 831 785428
1251 1530 130373
512 891 253174
1556 1405 696396
791 1628 261069
705 354 132432
654 398 922343
490 1274 562121
1586 520 414180
184 1717 136420
801 1091 788735
1493 1055 756093
193 1095 610507
1772 1729 486424
365 482 234410
1655 1209 147953
344 1507 599069
164 235 733675
948 15 785070
81 1554 243985
799 892 475950
1603 1361 878308
1039 875 375218
691 486 768045
1252 1412 799037
161 177 347569
482 560 933452
499 184 928594
1312 1350 968313
1448 869 900804
55 142 564861
1401 571 16265
1425 1175 6972
824 571 938826
1139 714 9498
984 332 914780
1551 796 502786
1635 573 567739
57 1679 535745
611 65 139147
60 853 744909
722 1615 555052
778 1140 339664
1680 1109 761547
275 1217 897320
144 705 161751
620 40 11480
148 1491 911824
580 134 75471
340 1152 564109
1413 1793 547507
496 538 569857
284 1584 174241
969 1558 501899
112 405 726433
1165 81 292436
974 806 893536
303 917 47893
1646 1239 16380
1043 223 369554
1149 106 510986
1134 686 442029
1009 601 314603
768 840 188368
755 349 277632
1200 1401 535436
1052 421 573653
1333 1116 824230
1730 161 189441
145 373 186669
729 1013 757379
1440 310 376676
1664 462 277697
305 501 820988
1387 422 768041
593 1240 770679
1121 333 156569
1437 1695 334632
977 967 596606
1584 891 299272
1321 127 362292
1065 75 424755
1477 744 372324
1486 1310 509975
305 1060 603540
1758 681 927744
199 1237 524462
648 48 994910
1232 1457 585841
879 928 885600
63 350 121845
1475 971 435738
868 1749 805147
1425 669 117766
26 1570 676112
504 1162 509972
6 1779 920227
1356 1554 176507
1289 1633 910701
45 1553 445238
1564 547 511446
587 1055 378166
1596 1103 416133
354 1720 361811
566 1588 439013
968 371 933977
1413 902 565077
728 650 875777
1296 335 542549
1320 372 80231
1793 315 24372
1609 497 974020
819 932 770317
1657 1006 133897
867 1203 20688
697 1426 124852
1427 1521 76888
1557 1612 894830
1450 355 99881
155 18 911189
320 585 174912
809 984 951273
744 536 599976
757 882 496486
1771 433 491607
475 48 228445
918 897 584189
315 1232 415658
673 84 798451
1801 1068 481315
1581 130 480963
680 1499 945495
1707 1509 32918
373 632 413498
300 1362 45384
842 1336 768787
819 463 526459
1061 957 574595
1106 898 884964
1717 1478 328157
1790 483 725420
462 499 775428
1714 1050 62262
1505 1038 835304
1579 780 365024
897 1130 991018
906 1670 942374
1126 1399 720965
1405 423 548937
237 1711 428258
356 539 999570
783 924 716690
1010 1316 530453
798 1647 724073
1338 555 831542
458 40 771667
1110 1099 297351
275 1787 501513
1182 192 429819
1296 570 489322
191 1695 256535
355 1688 523365
825 1127 626290
1289 1561 889013
1664 32 715892
699 792 848166
805 590 345073
1769 1171 836487
307 672 382787
992 299 295445
271 759 188963
1155 43 976422
1269 1745 417011
1161 25 947950
1357 161 362844
554 352 227330
779 342 394064
1548 1552 292762
703 166 754789
883 1023 729234
1637 1618 422223
817 869 939041
641 733 742323
1523 220 687931
1556 752 619496
695 1752 853702
1773 541 619576
773 329 346054
810 960 595875
1417 1324 162220
557 546 728285
413 1367 843180
1082 1499 644638
546 1755 142139
1799 1743 811382
435 233 678214
384 1618 288062
609 205 826091
315 143 36771
352 1436 901499
655 1209 223529
466 1282 7346
520 921 79822
664 254 182111
1306 387 29442
902 1070 968867
1569 1573 726432
384 121 90862
1438 1483 282650
323 848 649163
1423 1592 231393
1361 992 221107
765 1427 283009
1096 941 232127
374 520 133752
888 217 779266
28 82 370722
501 461 336850
694 1571 276458
257 1531 388528
1587 1696 979400
1633 834 797603
1046 930 894457
287 748 795080
1440 1282 790044
559 1009 440273
1063 1662 731871
1557 70 468974
1798 817 76943
233 641 771675
1755 509 863145
1200 1457 98641
1434 1130 839176
1460 1156 70817
524 365 428174
1371 1765 40928
529 1166 132070
630 770 100402
717 1442 895013
68 167 755783
934 513 355962
1342 339 928178
1445 1725 876300
298 1077 19769
779 1487 501018
1750 550 602496
503 437 952315
696 719 171131
222 1804 202986
1176 1253 95179
1001 957 28914
674 1425 186958
568 1369 363933
186 1368 541146
1340 289 990578
1169 653 485057
979 1548 332299
339 739 876009
1229 1246 131349
1274 974 58152
722 57 422280
1245 1292 818515
1201 86 486108
1099 1373 323614
1509 1111 389907
1756 41 472070
948 809 789086
1452 894 322738
1191 143 868672
278 514 864512
1351 1010 796664
1555 135 310293
1589 1534 344244
1650 139 522018
147 1451 411967
1623 391 622864
1103 470 555617
32 1237 896147
1725 298 443279
1096 1245 867350
1304 1139 240887
1119 1405 21936
290 1609 936905
1226 86 918770
488 1743 43123
1405 745 48199
798 1328 549569
537 399 416599
792 160 101185
62 215 265690
1772 870 510141
1715 35 153043
809 480 336407
1646 1413 695950
1317 233 88796
154 1279 334705
1649 159 339865
1025 620 337379
315 679 787993
1098 1510 368844
1754 589 936437
1216 659 993609
705 241 358126
405 1135 803720
1133 415 229949
149 698 93534
498 687 727930
1118 924 320028
142 1252 115607
70 388 517610
1175 1796 848615
522 1379 509263
434 1338 893376
1643 616 143067
516 864 262489
196 655 567764
1304 1561 82144
1705 776 96989
1515 1196 892428
1272 1111 654701
1675 535 647527
1558 1305 690132
1214 203 669935
1428 1050 683269
1770 789 789907
1799 506 394729
1479 473 98182
1426 755 693939
711 1054 603424
904 170 496372
1008 413 69476
481 849 185112
838 1735 601309
1458 430 615241
660 1447 23586
489 875 651134
1440 1561 635064
1527 1565 649458
5 651 613355
1059 1628 536262
607 458 286467
209 349 717323
1601 410 820409
801 729 402466
1535 712 22145
1553 853 273104
1360 1624 7089
114 12 449916
96 1790 592182
690 824 735547
610 963 845003
1445 603 552022
1685 1778 556642
1505 469 1953
867 338 774128
1545 260 803373
234 817 841037
250 964 28823
1013 563 226380
471 1292 38144
1425 432 481639
649 631 797992
1398 1266 297113
287 428 674374
1389 95 372472
514 1063 412583
1652 1107 154866
1381 263 822707
370 1706 428276
498 1086 104912
1196 1139 775878
1312 825 519576
1487 985 259655
478 1020 95215
1145 193 829977
1283 996 97649
493 431 584491
1519 459 508728
1255 733 623252
1146 1034 854590
507 1210 843713
730 600 709391
395 976 559333
1574 891 905946
169 1070 424559
1406 1041 613912
175 811 70720
409 110 685126
894 1086 394117
1017 437 608267
1658 1424 293205
1392 397 263250
1139 212 241609
1540 1099 167679
1207 440 479712
520 505 874968
545 322 615154
439 1541 699822
1597 1061 736472
460 1626 40381
1750 868 874379
1011 358 317783
1414 1132 855707
584 779 38201
1351 1183 163675
1264 1361 280314
1190 1395 303956
140 551 176778
1395 1208 778880
932 1067 804190
973 697 229670
408 770 516093
100 1732 296511
340 381 786926
1626 661 433864
582 1047 312419
758 272 166843
1767 1741 252136
328 694 525002
651 1412 742556
1544 374 558020
1004 930 189100
962 576 133862
542 1481 615077
1774 0 903021
1171 849 56056
1288 1266 397152
593 166 156258
450 798 158637
579 1147 769173
908 1685 317547
90 1188 659660
1486 1378 300571
1441 1062 690684
1569 1020 31587
120 1348 530205
201 1739 111328
787 1675 665282
1491 1256 453396
165 1069 792293
831 1672 633750
859 543 769811
1457 661 574162
870 98 107167
541 775 837544
875 183 870674
631 1599 385389
1536 599 847159
1767 1630 170450
1677 1379 386475
425 918 969457
170 1567 501662
968 1508 130270
376 422 24614
937 1524 346086
886 987 634486
0 1 903534
1 2 956855
2 3 780513
3 4 774712
4 5 773180
5 6 788206
6 7 48571
7 8 574770
8 9 993100
9 10 225032
10 11 413438
11 12 448065
12 13 731304
13 14 785555
14 15 433972
15 16 694363
16 17 109015
17 18 614009
18 19 797607
19 20 342859
20 21 519468
21 22 207493
22 23 517073
23 24 781133
24 25 897874
25 26 215755
26 27 701699
27 28 881779
28 29 752061
29 30 566637
30 31 36159
31 32 940427
32 33 223042
33 34 421018
34 35 674318
35 36 267792
36 37 638647
37 38 801181
38 39 153326
39 40 767003
40 41 926037
41 42 209335
42 43 720453
43 44 584171
44 45 799317
45 46 481360
46 47 440341
47 48 121059
48 49 610236
49 50 125080
50 51 401336
51 52 713868
52 53 337183
53 54 464213
54 55 850615
55 56 723831
56 57 395248
57 58 295791
58 59 74031
59 60 807306
60 61 581208
62 63 901968
63 64 585981
64 65 653
65 66 863963
66 67 7156
67 68 26219
68 69 601809
69 70 577678
70 71 392776
71 72 441913
72 73 340637
73 74 68027
74 75 414972
75 76 86906
76 77 637802
77 78 440643
78 79 880129
79 80 792281
80 81 115951
81 82 839678
82 83 550729
83 84 73684
84 85 15181
85 86 737564
86 87 397977
87 88 232059
88 89 290567
89 90 351972
90 91 404463
91 92 267618
92 93 854874
93 94 684539
94 95 500902
95 96 181752
96 97 584276
97 98 778774
98 99 91337
99 100 71698
100 101 517056
101 102 200284
102 103 726000
103 104 958008
104 105 855909
105 106 575567
106 107 739582
107 108 682417
108 109 684969
109 110 664216
110 111 60993
111 112 848597
112 113 142375
113 114 503254
114 115 236022
115 116 83931
116 117 494998
117 118 621002
118 119 126284
119 120 351123
120 121 155214
121 122 580030
122 123 968570
123 124 245445
124 125 85970
125 126 126457
126 127 636708
127 128 815246
128 129 902459
129 130 764649
130 131 590997
131 132 719189
132 133 142551
133 134 968617
134 135 419280
135 136 647926
136 137 24353
137 138 756604
138 139 447652
139 140 363006
140 141 411808
141 142 604955
142 143 973383
143 144 117825
144 145 775866
145 146 914193
146 147 298947
147 148 804820
148 149 827394
149 150 928108
150 151 578641
151 152 245956
152 153 184061
153 154 696703
154 155 942684
155 156 330035
156 157 784433
157 158 380886
158 159 549789
159 160 620883
160 161 399550
161 162 531661
162 163 643339
163 164 880213
164 165 649031
165 166 138846
166 167 577742
167 168 126494
168 169 909655
169 170 473357
170 171 956465
171 172 496754
172 173 816834
173 174 830054
174 175 60841
175 176 156010
176 177 276579
177 178 392275
178 179 933216
179 180 792366
180 181 23503
181 182 696283
182 183 140298
183 184 545447
184 185 793340
185 186 489147
186 187 504315
187 188 162135
188 189 8469
189 190 204692
190 191 917099
191 192 842171
192 193 898878
193 194 43754
194 195 279154
195 196 609587
196 197 545141
197 198 186276
198 199 886368
199 200 67826
200 201 886587
201 202 581613
202 203 947615
203 204 350393
204 205 404902
205 206 193753
206 207 260128
207 208 846724
208 209 570662
209 210 702598
210 211 76375
211 212 115031
212 213 498722
213 214 345871
214 215 738057
215 216 768569
216 217 969421
217 218 905349
218 219 834370
219 220 988441
220 221 542087
221 222 98248
222 223 644814
223 224 807815
224 225 557138
225 226 53986
226 227 83257
227 228 485707
228 229 904413
229 230 844006
230 231 646485
231 232 95026
232 233 335444
233 234 369706
234 235 370929
235 236 997077
236 237 390230
237 238 87754
238 239 788282
239 240 79868
240 241 26746
241 242 614180
242 243 587313
243 244 503626
244 245 812508
245 246 591110
246 247 410374
247 248 149489
248 249 187846
249 250 487910
250 251 887095
251 252 643692
252 253 800336
253 254 21592
254 255 414313
255 256 255554
256 257 396029
257 258 36431
258 259 580400
259 260 456176
260 261 207487
261 262 589257
262 263 305267
263 264 348998
264 265 540013
265 266 793726
266 267 630992
267 268 261229
268 269 165979
269 270 940445
270 271 568124
271 272 61231
272 273 956847
273 274 153919
274 275 698373
275 276 595959
276 277 267615
277 278 663646
278 279 526815
279 280 451489
280 281 243518
281 282 655231
282 283 351266
283 284 656626
284 285 181389
285 286 961344
286 287 47446
287 288 218976
288 289 907272
289 290 545980
290 291 772582
291 292 193635
292 293 43495
293 294 833388
294 295 710192
295 296 176244
296 297 728624
297 298 595568
298 299 252576
299 300 147786
300 301 193062
301 302 783803
302 303 634168
303 304 656997
304 305 951283
305 306 62061
306 307 285916
307 308 200259
308 309 377
309 310 836072
310 311 86349
311 312 519141
312 313 637348
313 314 32925
314 315 753922
315 316 401333
316 317 64164
317 318 821041
318 319 169400
319 320 976146
320 321 616546
321 322 641281
322 323 618427
323 324 73328
324 325 416478
325 326 3011
326 327 500922
327 328 821337
328 329 736945
329 330 933150
330 331 968146
331 332 899984
332 333 241050
333 334 164523
334 335 564751
335 336 354463
336 337 428865
337 338 284249
338 339 539956
339 340 916015
340 341 561656
341 342 380712
342 343 201387
343 344 278991
344 345 59263
345 346 244367
346 347 52791
347 348 8511
348 349 703924
349 350 658141
350 351 956097
351 352 152253
352 353 691455
353 354 734795
354 355 182518
355 356 245712
356 357 412265
357 358 59461
358 359 511608
359 360 848099
360 361 587158
361 362 598750
362 363 174187
363 364 516169
364 365 979377
365 366 468069
366 367 730001
367 368 884777
368 369 684630
369 370 104334
370 371 503097
371 372 330299
372 373 956638
373 374 381614
374 375 550409
375 376 735179
376 377 28258
377 378 366078
378 379 908442
379 380 684457
380 381 685908
381 382 439702
382 383 128514
383 384 291478
384 385 669471
385 386 229126
386 387 847807
387 388 450627
388 389 820976
389 390 243843
390 391 708918
391 392 478483
392 393 254620
393 394 842613
394 395 955253
395 396 865538
396 397 476243
397 398 554211
398 399 356762
399 400 691557
400 401 966303
401 402 754108
402 403 767674
403 404 185457
404 405 51182
405 406 267346
406 407 271614
407 408 976893
408 409 149431
409 410 225180
410 411 573781
411 412 419605
412 413 819624
413 414 285977
414 415 731038
415 416 962565
416 417 649200
417 418 349120
418 419 781399
419 420 794289
420 421 185697
421 422 347927
422 423 666667
423 424 145339
424 425 242623
425 426 577925
426 427 241510
427 428 390591
428 429 272278
429 430 348306
430 431 497718
431 432 791196
432 433 590321
433 434 750780
434 435 195248
435 436 201145
436 437 603057
437 438 830997
438 439 852097
439 440 930363
440 441 704248
441 442 4564
442 443 135069
443 444 924947
444 445 777303
445 446 704977
446 447 285437
447 448 323371
448 449 217810
449 450 379852
450 451 973633
451 452 939631
452 453 359860
453 454 963965
454 455 936125
455 456 512728
456 457 487630
457 458 145957
458 459 988957
459 460 903701
460 461 965054
461 462 653024
462 463 932077
463 464 670419
464 465 711450
465 466 595510
466 467 943950
467 468 683799
468 469 444188
469 470 98656
470 471 888571
471 472 938090
472 473 843361
473 474 62273
474 475 102091
475 476 36190
476 477 118560
477 478 320489
478 479 318108
479 480 185861
480 481 519223
481 482 153168
482 483 695062
483 484 871987
484 485 528634
485 486 943735
486 487 510720
487 488 911398
488 489 13170
489 490 216287
490 491 481884
491 492 655664
492 493 549379
493 494 187137
494 495 194264
495 496 313492
496 497 537410
497 498 895461
498 499 705854
499 500 215219
500 501 121980
501 502 838586
502 503 978372
503 504 464367
504 505 528820
505 506 249273
506 507 111997
507 508 385067
508 509 251424
509 510 763100
510 511 444915
511 512 901880
512 513 923265
513 514 561645
514 515 483742
515 516 950659
516 517 85722
517 518 492868
518 519 127871
519 520 609766
520 521 521825
521 522 877830
522 523 298962
523 524 587150
524 525 20817
525 526 932150
526 527 485468
527 528 512838
528 529 741625
529 530 64394
530 531 205996
531 532 879620
532 533 628207
533 534 55003
534 535 521663
535 536 674247
536 537 174204
537 538 2129
538 539 721184
539 540 808413
540 541 22241
541 542 749794
542 543 438403
543 544 71850
544 545 716950
545 546 530266
546 547 532641
547 548 947487
548 549 709763
549 550 419372
550 551 928177
551 552 728096
552 553 581878
553 554 818766
554 555 905838
555 556 68841
556 557 982463
557 558 43488
558 559 971768
559 560 447893
560 561 699158
561 562 625983
562 563 216048
563 564 548553
564 565 879771
565 566 499838
566 567 301567
567 568 905269
568 569 370269
569 570 303477
570 571 564779
571 572 790784
572 573 530908
573 574 302176
574 575 338382
575 576 406463
576 577 475716
577 578 15777
578 579 699307
579 580 855036
580 581 96799
581 582 94349
582 583 292929
583 584 641643
584 585 453769
585 586 634786
586 587 110657
587 588 847139
588 589 410541
589 590 21544
590 591 999106
591 592 154078
592 593 950551
593 594 166037
594 595 804085
595 596 610255
596 597 962975
597 598 106809
598 599 49183
599 600 779627
600 601 295635
601 602 463297
602 603 650993
603 604 649729
604 605 943582
605 606 713156
606 607 317477
607 608 137542
608 609 887694
609 610 994127
610 611 645382
611 612 293891
612 613 708717
613 614 995460
614 615 602238
615 616 209626
616 617 721433
617 618 366182
618 619 956747
619 620 998431
620 621 621003
621 622 788086
622 623 591207
623 624 179861
624 625 87289
625 626 565553
626 627 999121
627 628 8293
628 629 734395
629 630 970496
630 631 979724
631 632 10368
632 633 967143
633 634 717265
634 635 806169
635 636 867789
636 637 327210
637 638 957449
638 639 178864
639 640 808350
640 641 568776
641 642 217467
642 643 593534
643 644 700271
644 645 61515
645 646 906678
646 647 892164
647 648 131773
648 649 289439
649 650 43109
650 651 274820
651 652 463737
652 653 549872
653 654 542476
654 655 732814
655 656 58697
656 657 152875
657 658 199257
658 659 991395
659 660 219135
660 661 57079
661 662 236928
662 663 651089
663 664 943815
664 665 184292
665 666 590725
666 667 982564
667 668 98513
668 669 631008
669 670 623498
670 671 729369
671 672 582410
672 673 34966
673 674 921388
674 675 902569
675 676 613884
676 677 897646
677 678 648003
678 679 188578
679 680 826121
680 681 925682
681 682 201199
682 683 576303
683 684 326824
684 685 670543
685 686 124404
686 687 666632
687 688 609772
688 689 265518
689 690 914568
690 691 505938
691 692 540132
692 693 934234
693 694 527820
694 695 559939
695 696 398049
696 697 446878
697 698 600001
698 699 606217
699 700 118799
700 701 152302
701 702 507225
702 703 561481
703 704 444821
704 705 192579
705 706 729442
706 707 190737
707 708 123072
708 709 910088
709 710 282253
710 711 535339
711 712 946057
712 713 216693
713 714 536053
714 715 509113
715 716 888296
716 717 377875
717 718 154701
718 719 152697
719 720 844414
720 721 855263
721 722 38668
722 723 204163
723 724 685026
724 725 355489
725 726 949454
726 727 506843
727 728 110105
728 729 667516
729 730 822690
730 731 387831
731 732 99194
732 733 20621
733 734 495475
734 735 829939
735 736 454195
736 737 897030
737 738 510227
738 739 425812
739 740 403877
740 741 698213
741 742 667506
742 743 764239
743 744 799147
744 745 719882
745 746 581540
746 747 736156
747 748 884214
748 749 488768
749 750 160398
750 751 334221
751 752 716379
752 753 272886
753 754 51488
754 755 11752
755 756 154207
756 757 59443
757 758 310140
758 759 894852
759 760 727394
760 761 612356
761 762 395352
762 763 71787
763 764 605075
764 765 167680
765 766 244478
766 767 443821
767 768 929339
768 769 351358
769 770 312107
770 771 883701
771 772 757736
772 773 933655
773 774 291345
774 775 333883
775 776 492676
776 777 701793
777 778 208649
778 779 227164
779 780 569469
780 781 638690
781 782 556651
782 783 736612
784 785 425210
785 786 309643
786 787 133308
787 788 627113
788 789 372516
789 790 124551
790 791 77170
791 792 312633
792 793 528633
793 794 872360
794 795 447090
795 796 378535
796 797 385697
797 798 712550
798 799 590531
799 800 645399
800 801 826513
801 802 163455
802 803 974094
803 804 94978
804 805 958508
805 806 574839
806 807 382422
807 808 869439
808 809 779329
809 810 938721
810 811 862039
811 812 63877
812 813 118095
813 814 741829
814 815 80451
815 816 296513
816 817 205745
817 818 350186
818 819 623533
819 820 418475
820 821 918749
821 822 471112
822 823 468486
823 824 376301
824 825 267627
825 826 829943
826 827 943282
827 828 219469
828 829 763775
829 830 279565
830 831 763644
831 832 642886
832 833 24521
833 834 604329
834 835 619540
835 836 782144
836 837 905575
837 838 120195
838 839 890254
839 840 863360
840 841 256296
841 842 378160
842 843 52864
843 844 477095
844 845 539846
845 846 442155
846 847 379275
847 848 642361
848 849 637711
849 850 978298
850 851 353770
851 852 639288
852 853 345202
853 854 212437
854 855 792606
855 856 520770
856 857 339889
857 858 109596
858 859 58799
859 860 847474
860 861 666089
861 862 181852
862 863 623808
863 864 69818
864 865 74352
865 866 663981
866 867 115346
867 868 428425
868 869 108479
869 870 237632
870 871 560645
871 872 998653
872 873 302371
873 874 777298
874 875 786075
875 876 340770
876 877 613723
877 878 907734
878 879 650219
879 880 217753
880 881 802345
881 882 185430
882 883 185465
883 884 650457
884 885 508505
885 886 729895
886 887 731131
887 888 713084
888 889 841513
889 890 814019
890 891 210222
891 892 547578
892 893 185116
893 894 602658
894 895 420816
895 896 566076
896 897 207768
897 898 746055
898 899 937916
899 900 51768
900 901 694983
901 902 620986
902 903 730524
903 904 861727
904 905 927712
905 906 213804
906 907 358215
907 908 370841
908 909 495780
909 910 547266
910 911 730216
911 912 785022
912 913 572084
913 914 73041
914 915 905411
915 916 293448
916 917 308691
917 918 31795
918 919 353216
919 920 638009
920 921 352479
921 922 953016
922 923 692658
923 924 214409
924 925 635338
925 926 935269
926 927 439557
927 928 368729
928 929 384668
929 930 107068
930 931 973389
931 932 235067
932 933 172701
933 934 586056
934 935 111857
935 936 899315
936 937 904089
937 938 430275
938 939 12772
939 940 16960
940 941 681512
941 942 17445
942 943 736427
943 944 293708
944 945 509664
945 946 899528
946 947 32344
947 948 219163
948 949 745835
949 950 229867
950 951 287803
951 952 656798
952 953 476796
953 954 191058
954 955 570209
955 956 101674
956 957 316954
957 958 394758
958 959 201357
959 960 107701
960 961 178715
961 962 596276
962 963 497779
963 964 601669
964 965 677671
965 966 869898
966 967 48592
967 968 191271
968 969 779925
969 970 43081
970 971 351626
971 972 91459
972 973 344934
973 974 383130
974 975 234972
975 976 266234
976 977 112928
977 978 527085
978 979 994131
979 980 475422
980 981 737318
981 982 889042
982 983 586138
983 984 340533
984 985 118118
985 986 258757
986 987 137864
987 988 833778
988 989 585735
989 990 869549
990 991 619538
991 992 331307
992 993 133337
993 994 955181
994 995 314822
995 996 561260
996 997 629347
997 998 516492
998 999 97859
999 1000 444669
1000 1001 973693
1001 1002 840175
1002 1003 395228
1003 1004 748264
1004 1005 255071
1005 1006 790950
1006 1007 631081
1007 1008 56782
1008 1009 374354
1009 1010 290425
1010 1011 764512
1011 1012 481027
1012 1013 113187
1013 1014 956769
1014 1015 501523
1015 1016 29344
1016 1017 866295
1017 1018 890548
1018 1019 670200
1019 1020 136863
1020 1021 279245
1021 1022 885833
1022 1023 163639
1023 1024 116752
1024 1025 706912
1025 1026 869059
1026 1027 959375
1027 1028 176266
1028 1029 77244
1029 1030 263252
1030 1031 814482
1031 1032 922294
1032 1033 315681
1033 1034 133335
1034 1035 111488
1035 1036 625558
1036 1037 875819
1037 1038 153605
1038 1039 474605
1039 1040 5672
1040 1041 831528
1041 1042 882430
1042 1043 854011
1043 1044 412260
1044 1045 805770
1045 1046 174808
1046 1047 913171
1047 1048 476961
1048 1049 165740
1049 1050 867803
1050 1051 411449
1051 1052 546058
1052 1053 928441
1053 1054 183018
1054 1055 796857
1055 1056 120979
1056 1057 942763
1057 1058 563077
1058 1059 715379
1059 1060 977411
1060 1061 438718
1061 1062 675037
1062 1063 522114
1063 1064 783240
1064 1065 688323
1065 1066 195425
1066 1067 778968
1067 1068 67323
1068 1069 759105
1069 1070 339768
1070 1071 777950
1071 1072 63396
1072 1073 120403
1073 1074 245157
1074 1075 97682
1075 1076 895598
1076 1077 994175
1077 1078 833264
1078 1079 719947
1079 1080 655243
1080 1081 992498
1081 1082 846397
1082 1083 683281
1083 1084 687065
1084 1085 304385
1085 1086 89847
1086 1087 287647
1087 1088 211657
1088 1089 99767
1089 1090 189518
1090 1091 590792
1091 1092 453800
1092 1093 229783
1093 1094 531966
1094 1095 35216
1095 1096 662076
1096 1097 725885
1097 1098 666071
1098 1099 826631
1099 1100 20126
1100 1101 926932
1101 1102 152650
1102 1103 617604
1103 1104 551855
1104 1105 887833
1105 1106 922834
1106 1107 902182
1107 1108 368241
1108 1109 303574
1109 1110 359016
1110 1111 806030
1111 1112 806564
1112 1113 421767
1113 1114 517363
1114 1115 121190
1115 1116 753147
1116 1117 226014
1117 1118 527159
1118 1119 15254
1119 1120 643019
1120 1121 385623
1121 1122 390046
1122 1123 417412
1123 1124 798082
1124 1125 344618
1125 1126 26239
1126 1127 217507
1127 1128 171833
1128 1129 451185
1129 1130 520618
1130 1131 827783
1131 1132 465407
1132 1133 379755
1133 1134 277505
1134 1135 170860
1135 1136 782089
1136 1137 507814
1137 1138 622868
1138 1139 952595
1139 1140 803366
1140 1141 858267
1141 1142 868853
1142 1143 478079
1143 1144 832561
1144 1145 160576
1145 1146 789721
1146 1147 167453
1147 1148 47346
1148 1149 510840
1149 1150 583864
1150 1151 3081
1151 1152 528797
1152 1153 909972
1153 1154 721756
1154 1155 939290
1155 1156 660497
1156 1157 329287
1157 1158 38416
1158 1159 73302
1159 1160 960588
1160 1161 636798
1161 1162 496236
1162 1163 527897
1163 1164 91495
1164 1165 884169
1165 1166 326370
1166 1167 182233
1167 1168 282477
1168 1169 405860
1169 1170 338146
1170 1171 624265
1171 1172 351424
1172 1173 226471
1173 1174 387054
1174 1175 479689
1175 1176 774721
1176 1177 234617
1177 1178 632650
1178 1179 400146
1179 1180 95279
1180 1181 156001
1181 1182 924110
1182 1183 279062
1183 1184 962303
1184 1185 673060
1185 1186 957887
1186 1187 363630
1187 1188 554268
1188 1189 136637
1189 1190 91719
1190 1191 457754
1191 1192 53688
1192 1193 313515
1193 1194 369134
1194 1195 192101
1195 1196 827901
1196 1197 717343
1197 1198 183013
1198 1199 868382
1199 1200 518238
1200 1201 971949
1201 1202 317687
1202 1203 16992
1203 1204 251924
1204 1205 884894
1205 1206 527971
1206 1207 703801
1207 1208 481083
1208 1209 42044
1209 1210 939638
1210 1211 348086
1211 1212 552845
1212 1213 664009
1213 1214 940517
1214 1215 315621
1215 1216 683882
1216 1217 14174
1217 1218 407706
1218 1219 401048
1219 1220 894670
1220 1221 920814
1221 1222 28876
1222 1223 860110
1223 1224 793731
1224 1225 976475
1225 1226 366542
1226 1227 675399
1227 1228 131446
1228 1229 783421
1229 1230 129043
1230 1231 83206
1231 1232 964024
1232 1233 101682
1233 1234 212156
1234 1235 223252
1235 1236 500098
1236 1237 74471
1237 1238 736091
1238 1239 478401
1239 1240 336049
1240 1241 169828
1241 1242 893208
1242 1243 638739
1243 1244 121980
1244 1245 830737
1245 1246 187989
1246 1247 196626
1247 1248 145173
1248 1249 882882
1249 1250 727779
1250 1251 12101
1251 1252 523722
1252 1253 261818
1253 1254 761442
1254 1255 843308
1255 1256 291569
1256 1257 605729
1257 1258 156558
1258 1259 713647
1259 1260 833469
1260 1261 588966
1261 1262 197526
1262 1263 91879
1263 1264 691302
1264 1265 309225
1265 1266 671542
1266 1267 138714
1267 1268 690033
1268 1269 546753
1269 1270 266817
1270 1271 838816
1271 1272 436617
1272 1273 699581
1273 1274 629934
1274 1275 376959
1275 1276 553625
1276 1277 435091
1277 1278 149907
1278 1279 754574
1279 1280 101846
1280 1281 418898
1281 1282 201304
1282 1283 431307
1283 1284 453103
1284 1285 412036
1285 1286 603348
1286 1287 267313
1287 1288 428190
1288 1289 877658
1289 1290 653000
1290 1291 482937
1291 1292 631917
1292 1293 581640
1293 1294 930031
1294 1295 512776
1295 1296 920125
1296 1297 637801
1297 1298 378476
1298 1299 54103
1299 1300 353316
1300 1301 689479
1301 1302 437592
1302 1303 939470
1303 1304 184865
1304 1305 547413
1305 1306 212511
1306 1307 191803
1307 1308 190833
1308 1309 605464
1309 1310 98511
1310 1311 276252
1311 1312 711490
1312 1313 575659
1313 1314 399261
1314 1315 35968
1315 1316 448665
1316 1317 302979
1317 1318 314308
1318 1319 684840
1319 1320 823011
1320 1321 393662
1321 1322 941677
1322 1323 826516
1323 1324 217900
1324 1325 620686
1325 1326 195576
1326 1327 36214
1327 1328 2723
1328 1329 936424
1329 1330 749337
1330 1331 227436
1331 1332 946977
1332 1333 853133
1333 1334 482614
1334 1335 735118
1335 1336 730632
1336 1337 194051
1337 1338 261409
1338 1339 413224
1339 1340 687740
1340 1341 931160
1341 1342 971157
1342 1343 386324
1343 1344 406220
1344 1345 229307
1345 1346 143379
1346 1347 194684
1347 1348 443159
1348 1349 62582
1349 1350 181397
1350 1351 213907
1351 1352 805166
1352 1353 917995
1353 1354 758454
1354 1355 314977
1355 1356 421698
1356 1357 829552
1357 1358 387933
1358 1359 458173
1359 1360 549725
1360 1361 329933
1361 1362 688305
1362 1363 405629
1363 1364 596174
1364 1365 708672
1365 1366 431405
1366 1367 513930
1367 1368 692555
1368 1369 690696
1369 1370 229013
1370 1371 97542
1371 1372 969467
1372 1373 291505
1373 1374 637406
1374 1375 873000
1375 1376 916098
1376 1377 87103
1377 1378 247974
1378 1379 909482
1379 1380 870746
1380 1381 886205
1381 1382 316763
1382 1383 693201
1383 1384 373961
1384 1385 86867
1385 1386 437730
1386 1387 307111
1387 1388 95200
1388 1389 790518
1389 1390 910685
1390 1391 19685
1391 1392 770095
1392 1393 878923
1393 1394 44120
1394 1395 945018
1395 1396 548634
1396 1397 733901
1397 1398 41217
1398 1399 892208
1399 1400 654107
1400 1401 972929
1401 1402 613776
1402 1403 119283
1403 1404 793324
1404 1405 635262
1405 1406 242297
1406 1407 631403
1407 1408 419971
1408 1409 915586
1409 1410 755033
1410 1411 169093
1411 1412 843517
1412 1413 922545
1413 1414 706736
1414 1415 53063
1415 1416 932187
1416 1417 341775
1417 1418 463078
1418 1419 178115
1419 1420 596854
1420 1421 326531
1421 1422 220530
1422 1423 949570
1423 1424 444309
1424 1425 975105
1425 1426 446791
1426 1427 998647
1427 1428 406410
1428 1429 384625
1429 1430 388780
1430 1431 24890
1431 1432 795921
1432 1433 64773
1433 1434 692165
1434 1435 404548
1435 1436 196982
1436 1437 793671
1437 1438 738772
1438 1439 824258
1439 1440 124086
1440 1441 37706
1441 1442 658414
1442 1443 448248
1443 1444 515001
1444 1445 679942
1445 1446 415792
1446 1447 853743
1447 1448 95747
1448 1449 501299
1449 1450 31853
1450 1451 560709
1451 1452 802097
1452 1453 870326
1453 1454 777562
1454 1455 655886
1455 1456 369105
1456 1457 683815
1457 1458 499064
1458 1459 774062
1459 1460 601671
1460 1461 421783
1461 1462 86321
1462 1463 307424
1463 1464 708496
1464 1465 757175
1465 1466 375310
1466 1467 842590
1467 1468 737257
1468 1469 13978
1469 1470 75595
1470 1471 613556
1471 1472 845164
1472 1473 283589
1473 1474 685626
1474 1475 628893
1475 1476 151548
1476 1477 995640
1477 1478 642407
1478 1479 973857
1479 1480 580096
1480 1481 412741
1481 1482 6026
1482 1483 20687
1483 1484 26356
1484 1485 252184
1485 1486 762670
1486 1487 731012
1487 1488 894889
1488 1489 995772
1489 1490 925447
1490 1491 667651
1491 1492 294475
1492 1493 277054
1493 1494 706403
1494 1495 393034
1495 1496 848193
1496 1497 735035
1497 1498 981338
1498 1499 616221
1499 1500 489492
1500 1501 998651
1501 1502 764909
1502 1503 489666
1503 1504 113810
1504 1505 947285
1505 1506 275782
1506 1507 162403
1507 1508 938512
1508 1509 289868
1509 1510 203946
1510 1511 163544
1511 1512 340688
1512 1513 170872
1513 1514 31191
1514 1515 706656
1515 1516 624000
1516 1517 324737
1517 1518 449547
1518 1519 869641
1519 1520 144867
1520 1521 463519
1521 1522 286338
1522 1523 370063
1523 1524 589042
1524 1525 171672
1525 1526 650988
1526 1527 639026
1527 1528 721256
1528 1529 279939
1529 1530 468791
1530 1531 362808
1531 1532 596749
1532 1533 537476
1533 1534 851977
1534 1535 24067
1535 1536 501903
1536 1537 690928
1537 1538 509051
1538 1539 902546
1539 1540 767970
1540 1541 232607
1541 1542 173481
1542 1543 507436
1543 1544 565061
1544 1545 560871
1545 1546 395372
1546 1547 734230
1547 1548 884886
1548 1549 594263
1549 1550 513063
1550 1551 552897
1551 1552 195342
1552 1553 643770
1553 1554 372774
1554 1555 22985
1555 1556 830360
1556 1557 138164
1557 1558 839646
1558 1559 33895
1559 1560 623590
1560 1561 400129
1561 1562 872410
1562 1563 866156
1563 1564 668492
1564 1565 622148
1565 1566 569655
1566 1567 675165
1567 1568 133612
1568 1569 277831
1569 1570 910765
1570 1571 507914
1571 1572 136014
1572 1573 756071
1573 1574 185725
1574 1575 274433
1575 1576 43232
1576 1577 144854
1577 1578 159085
1578 1579 166759
1579 1580 177117
1580 1581 179638
1581 1582 749181
1582 1583 218569
1583 1584 376320
1584 1585 240465
1585 1586 865364
1586 1587 170965
1587 1588 602502
1588 1589 726730
1589 1590 212201
1590 1591 936115
1591 1592 166805
1592 1593 510981
1593 1594 519603
1594 1595 888137
1595 1596 546500
1596 1597 229112
1597 1598 181384
1598 1599 969836
1599 1600 440119
1600 1601 322115
1601 1602 796936
1602 1603 459892
1603 1604 723720
1604 1605 750768
1605 1606 841648
1606 1607 379647
1607 1608 138098
1608 1609 286336
1609 1610 67110
1610 1611 747336
1611 1612 108237
1612 1613 416548
1613 1614 353012
1614 1615 186381
1615 1616 573923
1616 1617 406291
1617 1618 193834
1618 1619 761290
1619 1620 928393
1620 1621 333713
1621 1622 731726
1622 1623 836813
1623 1624 197633
1624 1625 525770
1625 1626 859299
1626 1627 512569
1627 1628 346297
1628 1629 863674
1629 1630 198875
1630 1631 369019
1631 1632 149839
1632 1633 767624
1633 1634 952414
1634 1635 575268
1635 1636 892042
1636 1637 941154
1637 1638 172719
1638 1639 349593
1639 1640 336596
1640 1641 674717
1641 1642 637391
1642 1643 399099
1643 1644 674140
1644 1645 967503
1645 1646 757670
1646 1647 954379
1647 1648 746251
1648 1649 232038
1649 1650 805778
1650 1651 1038
1651 1652 429650
1652 1653 35705
1653 1654 182213
1654 1655 277638
1655 1656 1204
1656 1657 440793
1657 1658 574611
1658 1659 31889
1659 1660 708798
1660 1661 42511
1661 1662 511744
1662 1663 653159
1663 1664 488960
1664 1665 965508
1665 1666 56464
1666 1667 639006
1667 1668 158567
1668 1669 34100
1669 1670 234056
1670 1671 442929
1671 1672 21351
1672 1673 224061
1673 1674 225276
1674 1675 708445
1675 1676 36840
1676 1677 504178
1677 1678 764610
1679 1680 426737
1680 1681 329530
1681 1682 753311
1682 1683 508862
1683 1684 117016
1684 1685 543497
1685 1686 93136
1686 1687 407782
1687 1688 852466
1688 1689 861527
1689 1690 327431
1690 1691 220532
1691 1692 609208
1692 1693 31084
1693 1694 963784
1694 1695 873688
1695 1696 326370
1696 1697 477754
1697 1698 572691
1698 1699 423471
1699 1700 184077
1700 1701 772904
1701 1702 385115
1702 1703 543341
1703 1704 728672
1704 1705 654346
1705 1706 122821
1706 1707 771492
1707 1708 770226
1708 1709 66071
1709 1710 516193
1710 1711 885366
1712 1713 196289
1713 1714 986405
1714 1715 316861
1715 1716 310739
1716 1717 909316
1717 1718 677865
1718 1719 772230
1719 1720 42756
1720 1721 340319
1721 1722 646571
1722 1723 631780
1723 1724 105597
1724 1725 240301
1725 1726 613938
1726 1727 674140
1727 1728 388809
1728 1729 88451
1729 1730 305953
1730 1731 463223
1731 1732 300117
1732 1733 174266
1733 1734 281245
1734 1735 58540
1735 1736 478583
1736 1737 39780
1737 1738 891250
1738 1739 864485
1739 1740 525126
1740 1741 666457
1741 1742 992421
1742 1743 325485
1743 1744 825974
1744 1745 51487
1745 1746 20615
1746 1747 141385
1747 1748 999095
1748 1749 110665
1749 1750 823037
1750 1751 617943
1751 1752 290804
1752 1753 230121
1753 1754 762447
1754 1755 854928
1755 1756 379302
1756 1757 590433
1757 1758 266583
1758 1759 41816
1759 1760 871631
1760 1761 920062
1761 1762 260558
1762 1763 883777
1763 1764 17760
1764 1765 148948
1765 1766 888051
1766 1767 54511
1767 1768 145879
1768 1769 590351
1769 1770 234999
1770 1771 524814
1771 1772 833843
1772 1773 79156
1773 1774 732119
1774 1775 269858
1775 1776 583584
1776 1777 610296
1777 1778 415828
1778 1779 436480
1779 1780 303669
1780 1781 67255
1781 1782 956739
1782 1783 693612
1783 1784 988029
1784 1785 109138
1785 1786 40336
1786 1787 645589
1787 1788 439060
1788 1789 158976
1789 1790 288265
1790 1791 287268
1791 1792 502642
1792 1793 704265
1793 1794 653581
1794 1795 105219
1795 1796 726562
1796 1797 216039
1797 1798 308731
1798 1799 877438
1799 1800 659062
1800 1801 163935
1801 1802 824529
1802 1803 769087
1803 1804 945030
1804 1805 393682
1805 1806 163505
