384 1590
3 65 819603
51 275 635013
354 158 519495
18 68 369743
251 49 746198
192 313 442262
171 245 286788
180 327 577090
61 213 733523
208 14 394457
221 337 889542
184 169 599612
45 142 764416
328 92 987106
116 288 692238
29 312 521484
167 114 446189
141 4 272664
152 14 26767
185 21 548988
294 189 984161
289 243 251726
220 258 644014
56 279 638605
152 333 165212
214 36 255531
54 43 295993
186 131 799286
35 335 420816
15 140 281946
349 122 779229
86 33 918176
216 187 594898
198 63 355512
266 339 403674
202 98 599166
220 107 49042
345 214 943290
183 13 387699
160 94 145939
282 39 395310
193 140 509666
87 156 999255
300 341 202722
228 219 322677
92 23 193014
250 268 391991
313 113 116569
246 205 894943
9 251 779047
74 309 21557
57 221 674894
16 22 404284
242 154 410526
27 26 453609
17 166 259396
346 289 72120
286 47 726592
217 176 579280
264 365 280335
228 320 731477
78 139 229033
108 153 496629
360 80 484825
96 1 738160
346 198 733152
84 290 578004
57 316 116424
254 45 762742
94 140 953303
254 281 311896
169 147 450655
246 137 13761
276 25 663419
223 71 483709
315 2 169643
250 282 670535
154 118 361685
59 5 481457
211 15 617720
309 48 288830
179 19 471692
264 63 3136
172 222 565420
211 94 120031
86 26 483352
267 143 697606
298 160 108281
101 243 985799
300 140 672182
289 82 2457
149 364 441690
297 325 319704
18 296 775381
40 34 777704
229 366 846013
161 216 438319
320 244 780078
142 318 72428
12 287 391893
322 269 757956
20 0 812185
292 359 433061
126 313 225568
175 55 364758
347 232 177748
53 341 577428
227 379 385435
19 7 396300
221 70 167546
289 133 914090
123 222 517311
298 137 307574
300 321 697769
303 230 465639
50 189 591198
376 320 995875
287 175 96587
64 70 183888
54 153 502392
34 283 98271
98 306 627694
5 62 741181
307 84 976985
54 237 664397
133 345 301938
35 342 255454
301 304 576770
49 151 680823
142 357 589032
0 16 89278
139 309 342822
40 351 974431
168 212 107129
121 289 702908
13 269 523456
184 144 956993
147 293 281708
340 184 542960
140 84 965283
321 95 10115
246 201 194405
240 155 946286
338 250 252824
3 374 790266
1 366 159311
363 198 329315
347 123 847497
202 281 932837
140 228 120421
152 284 548588
375 71 82856
125 255 169614
59 180 118787
256 318 721589
224 216 584970
265 313 474391
210 209 883509
132 138 761300
263 2 442112
327 245 649004
282 264 920489
209 311 920352
196 12 476699
167 13 922030
164 159 899335
242 318 510620
33 332 757025
321 113 554946
307 348 363380
178 247 340477
1 226 470916
283 374 941098
292 180 1092
104 251 951756
288 308 14189
147 350 86975
149 93 790049
262 225 30136
303 346 914316
368 127 412427
380 322 498029
234 294 115122
88 368 264382
145 17 866019
349 354 490595
177 240 166336
324 89 522817
86 112 741393
260 349 18495
164 284 597174
173 258 543790
175 15 438053
94 247 815819
316 356 841909
77 163 239716
266 346 82021
245 133 207784
129 215 746970
318 267 728565
277 13 896453
25 326 552610
340 7 818087
306 95 538521
350 157 401849
247 348 487499
34 287 219061
65 96 868353
122 245 601342
270 88 908100
151 245 403076
131 10 664359
173 166 382434
356 334 574320
162 141 53520
38 366 524026
164 261 39527
74 109 699535
304 80 331247
287 382 93604
289 8 960241
213 170 386918
124 379 176260
356 376 914408
43 241 766877
354 376 868324
64 347 643880
108 66 19477
103 209 451398
145 49 848504
49 246 869236
299 335 32985
294 5 627981
159 107 26895
346 190 12119
288 165 147073
369 139 621485
289 305 145439
251 117 580763
21 366 664381
90 196 36120
73 111 565292
290 248 100040
326 243 284065
331 334 640592
297 1 125961
230 353 592948
363 289 432992
365 127 460380
305 26 938551
376 179 679753
1 120 583537
324 83 145241
42 141 634048
362 147 556184
20 136 533918
320 286 690868
327 281 374458
138 383 570594
131 134 31305
172 263 385007
146 195 408780
183 270 249889
81 185 815248
41 201 405151
110 213 574317
343 376 890288
136 177 255984
79 240 938602
305 28 925955
159 37 11841
62 304 66494
164 143 388596
234 365 92613
206 210 96585
308 355 112248
142 348 14947
368 164 755109
59 232 293135
274 318 370097
245 1 69437
171 322 606958
326 360 677294
116 361 662032
383 110 910319
12 222 904329
88 83 46795
321 195 734459
267 209 533657
220 15 386854
178 79 667626
357 210 794413
369 359 809916
133 72 876486
16 314 135860
305 79 811061
38 94 780740
107 118 742790
15 255 197809
306 212 848392
194 104 451256
383 174 50380
311 7 263028
21 271 755425
78 138 237500
377 356 865559
186 372 235657
165 87 448733
12 274 355391
200 4 917349
89 132 972054
330 343 150922
332 154 676183
357 65 69
187 87 735655
163 66 490398
160 225 198425
248 245 85776
35 325 161184
191 55 17724
269 199 139176
250 350 586494
263 236 852243
88 189 912904
171 195 753113
97 359 700170
14 315 680687
119 229 57939
123 83 256387
58 32 57788
209 351 56630
342 203 838970
276 105 763646
322 50 164640
344 79 539523
207 217 495921
168 279 77958
239 82 157414
196 40 420888
225 38 61564
139 275 204634
29 284 547126
228 40 528700
38 188 779635
301 300 715799
275 362 207256
179 17 875417
76 259 531157
74 61 528140
10 199 827879
366 239 552238
6 36 839650
53 378 188460
172 175 879992
221 224 984015
52 308 926796
87 91 681979
278 143 510703
190 286 370298
213 25 875252
178 245 891222
128 121 300241
193 262 249702
206 13 51664
78 317 902358
350 321 558090
44 157 231094
100 346 161944
212 208 220404
11 164 486520
297 355 408895
190 124 737489
19 96 948684
269 135 653558
173 309 943324
246 57 677573
257 357 497934
175 243 599331
115 152 165078
219 153 419980
72 269 916641
146 291 522876
41 180 316134
59 325 681428
316 370 174576
45 326 698759
243 21 714434
255 383 386518
128 127 278612
40 274 694368
99 58 54424
226 66 170645
173 18 387964
174 176 464907
121 129 838039
334 257 168368
355 38 67336
196 28 857712
355 82 485657
133 175 108700
66 366 258168
88 370 67349
294 155 459104
20 268 505663
123 180 259158
8 360 506245
92 165 199116
178 66 948276
52 379 217199
22 29 40108
70 180 366212
22 268 307952
178 118 511098
149 141 728683
25 145 515423
181 106 928796
216 101 427262
47 153 260678
196 226 850033
209 346 7655
101 164 163862
150 122 347063
285 376 561330
188 77 702448
142 80 929980
54 181 906043
308 76 818278
335 191 379210
360 20 436740
57 92 721967
166 84 22473
141 22 37381
33 54 556299
20 99 591155
185 275 784439
15 342 374297
87 185 309990
32 90 902743
82 123 591935
213 172 413058
213 324 270676
286 155 511838
146 136 283828
247 75 607115
238 259 583435
25 216 849631
273 72 143711
125 306 927576
18 191 116754
189 211 839438
287 71 207249
323 249 364392
127 73 949707
196 316 874580
89 286 360824
160 238 231761
339 114 543832
375 87 733976
230 299 192241
38 356 114428
116 115 40823
364 323 538434
164 162 142788
193 2 609280
48 19 460516
228 87 827672
241 172 39648
38 212 168096
230 78 881808
95 104 807590
367 32 966876
249 173 169151
127 8 991135
144 374 761672
356 306 321610
152 27 552491
202 153 532896
98 191 219204
290 307 393740
133 145 160406
230 17 411353
43 253 614358
163 99 984613
16 26 934692
238 133 260378
210 195 492887
219 185 192705
89 140 458179
371 132 742942
143 274 990523
22 32 340762
298 86 326979
237 262 686053
161 141 674520
156 252 591651
251 315 96672
101 33 406774
213 38 281957
314 374 304103
11 47 192066
179 165 642072
151 356 976439
15 236 694787
214 279 895458
17 56 151491
230 1 814283
67 361 516882
231 380 989805
185 181 200450
17 114 647182
97 298 710996
62 86 647856
343 74 10462
275 126 631176
159 326 174283
272 359 624441
7 349 42697
263 331 555432
16 213 652736
370 303 508808
209 220 807670
156 125 408277
126 106 697157
225 232 12408
334 274 675644
15 176 722555
102 326 635133
253 173 583776
370 176 924782
121 302 513468
260 242 364958
244 288 322378
83 199 182821
174 85 150841
277 141 554479
264 47 99802
65 199 83246
132 206 108482
267 105 676535
50 232 343436
206 223 500600
303 302 733154
373 92 518465
304 168 893759
16 34 663568
380 31 811952
134 223 196118
282 0 718324
85 91 977462
337 364 202808
115 90 635967
48 220 771810
138 203 977298
134 163 444713
138 171 935918
17 300 620878
140 11 789329
269 167 403913
261 320 691539
18 15 773675
86 150 738483
369 375 254200
280 352 352810
151 367 241245
99 182 262624
115 179 237907
74 347 463874
2 144 875366
245 195 111165
273 240 65939
103 45 277057
365 113 769931
160 210 364411
57 229 504639
82 303 316767
36 120 747471
141 76 799475
89 337 280695
83 302 348813
354 132 287658
42 348 895795
311 276 617990
68 222 476127
230 300 719961
145 307 243884
63 254 376807
115 291 271786
177 300 864965
131 75 246310
245 265 268655
287 53 208813
189 316 286939
45 341 35531
256 354 202338
194 111 978442
347 177 399391
19 145 295099
92 25 762735
25 192 553916
14 362 903646
78 374 276721
10 215 345494
261 236 78113
210 116 997022
153 50 603021
32 282 527082
321 132 673739
54 115 979093
258 283 183712
294 97 922059
277 76 56900
353 265 12602
155 349 625694
99 283 360789
321 236 540608
14 330 747092
246 158 713219
154 383 397796
383 70 666818
232 197 226256
148 173 319980
283 104 791855
298 132 646170
138 166 378547
279 377 852896
194 314 211904
36 0 701083
201 217 946681
185 236 656315
20 13 711462
207 26 530327
186 264 789713
254 230 400795
78 62 723146
254 107 246866
34 80 619507
243 359 235541
81 8 765528
158 143 755123
20 262 679044
169 360 721154
266 220 507394
46 32 824687
244 344 13132
316 41 34767
212 143 874706
188 232 880963
192 159 1250
306 197 909534
177 317 268675
133 197 114114
6 74 958398
54 139 729915
19 366 569046
227 44 950207
227 165 907484
5 61 342338
179 299 797858
23 130 355523
207 12 54065
325 196 694908
62 371 585094
196 67 31563
146 197 626782
44 350 781430
9 236 97441
9 313 302258
41 149 913194
221 274 264515
263 107 338505
334 193 946099
333 85 192957
105 236 626861
210 280 860340
365 233 268164
50 142 773789
84 100 653694
199 87 501728
352 176 467909
104 272 681523
175 245 218795
270 99 4145
100 123 903928
51 355 184556
265 264 3879
217 279 410971
167 191 771296
139 149 90528
331 335 392513
301 219 208840
221 236 408666
209 272 796577
135 128 215516
7 124 61206
280 11 878936
122 94 311376
249 202 252209
126 137 311315
113 297 629445
234 358 27378
219 47 332895
6 106 257678
325 311 427927
259 224 225160
289 178 702356
342 303 54710
86 4 363345
3 313 659401
292 27 655935
328 206 522230
176 274 899899
310 290 353280
323 20 993578
95 160 608524
253 308 797422
121 100 124112
185 279 977514
315 32 408735
327 103 616492
41 90 369662
156 223 562743
251 17 690749
57 116 838772
163 160 377809
185 91 887511
263 230 896034
49 133 930857
235 87 183336
149 81 569310
132 76 64579
158 17 961501
180 124 426773
263 252 298361
31 86 106871
100 234 46703
350 304 763692
288 356 546463
72 93 933908
222 103 545317
73 200 301645
113 52 743875
75 281 177218
268 277 993478
89 171 225757
8 156 240601
299 349 574343
174 280 482390
11 257 127411
148 141 825686
287 200 949471
232 286 371759
180 331 387677
353 310 941214
201 329 866623
20 138 571282
161 95 283085
320 133 500802
367 237 257250
55 216 700030
96 251 374478
209 97 360152
219 56 760861
301 228 360599
36 76 85825
122 364 670032
241 356 801838
187 28 75900
318 54 759885
135 3 36937
249 359 478630
292 340 18396
177 254 711851
17 51 407768
381 315 664269
186 158 806833
241 42 794901
121 61 965954
76 157 429902
124 122 21677
166 297 181803
62 198 715255
165 302 36856
37 68 912937
112 339 252436
46 380 388194
240 58 151125
275 290 755033
285 190 369675
267 171 642428
90 144 88857
210 216 819842
11 30 829213
191 359 867932
73 307 908866
52 380 47623
61 273 288967
63 291 277100
36 361 570984
322 319 528387
6 202 666706
197 177 530827
312 30 291667
22 168 967298
375 150 245603
325 37 348505
303 288 641071
205 159 475561
234 246 460841
262 341 379019
229 167 533040
378 247 843645
50 45 403171
61 284 574575
299 21 405320
61 128 915794
15 121 676150
42 68 920768
262 310 133148
17 67 786298
133 151 328260
313 324 634562
332 244 283421
62 166 520300
248 14 274984
21 334 977166
130 329 462083
275 205 262665
84 251 636568
66 229 906323
373 238 584830
248 220 732201
193 171 379556
223 73 149616
157 297 401311
345 231 185753
165 348 961840
356 36 790270
46 116 437145
100 361 200551
206 294 150252
185 262 828480
346 59 173364
288 112 173969
178 82 598076
67 59 497001
68 213 420665
162 149 807917
12 10 376576
321 17 634887
126 353 44529
340 1 82218
151 246 556639
243 129 623958
168 17 271781
89 34 728052
85 354 180416
349 53 381833
331 124 262988
135 335 848045
370 79 154512
84 366 433737
239 177 955347
301 132 435047
175 125 907217
333 134 354554
175 13 108979
357 374 55200
278 292 814218
107 186 153035
212 34 208696
111 131 877424
224 149 32756
374 286 218424
337 290 437656
346 219 834226
276 243 156927
124 35 676962
171 165 409513
234 235 997337
128 188 771251
259 23 478037
127 63 987160
258 44 291138
207 21 953196
155 38 841319
313 147 648694
79 241 665860
195 31 414532
74 159 240868
100 158 592291
183 8 416497
153 264 910306
99 118 157276
163 213 967068
330 301 182108
129 353 234649
162 326 195768
357 27 727201
60 7 466002
150 311 514207
255 131 744886
57 147 345043
15 369 826618
367 324 731097
201 315 666087
197 291 221272
247 337 165714
104 257 433165
36 365 253388
173 252 569437
177 315 772808
305 81 881036
188 321 154782
377 213 274839
25 242 548145
78 292 544342
259 110 827912
178 207 450070
247 356 420650
289 24 735026
147 148 489217
272 356 61006
257 103 293438
228 197 27189
234 119 956631
185 25 844948
316 225 575057
13 342 139541
77 24 917499
244 242 983922
338 133 210139
71 273 516238
24 21 617186
182 155 626842
196 377 446837
163 93 437854
286 17 65439
98 257 456872
279 261 436750
126 233 169836
71 22 943112
302 308 422100
114 283 418765
292 3 711777
175 261 527740
44 221 619738
304 216 639659
105 159 669405
260 42 231729
17 227 491842
12 17 743788
46 60 432205
53 314 354037
202 218 132123
265 282 476851
55 210 657610
375 321 143726
127 130 731679
302 339 377801
371 79 335272
88 199 299007
292 132 351943
209 98 30184
235 23 100659
243 288 784797
376 189 190972
248 277 219594
369 249 938628
318 175 36865
201 27 683937
276 119 792496
11 230 132580
286 352 483436
161 338 947605
51 222 352801
123 79 998751
305 175 198073
140 114 878857
381 275 854456
90 82 575682
149 70 270992
54 169 689344
53 14 184168
190 344 421592
80 109 414905
320 90 799692
180 273 690325
231 64 195731
210 263 182859
362 343 484263
220 337 121648
273 2 190457
149 228 337476
101 182 611607
369 372 729082
374 90 101358
351 238 38378
380 155 585464
150 263 496319
16 161 804568
104 222 64321
51 11 997195
198 172 463394
365 19 569265
6 123 118165
303 178 442942
247 358 922263
290 5 859111
191 284 798978
326 100 325919
314 350 733231
355 89 393436
120 67 393097
346 161 317770
303 362 776800
258 360 645999
280 175 197129
226 220 473289
317 226 252636
368 213 468636
161 195 265227
150 170 659874
9 82 387965
195 65 261795
333 73 593857
287 100 284087
235 86 6001
285 137 653882
202 96 964
164 13 938869
336 121 994389
106 147 853413
310 271 474168
105 328 868173
44 275 410491
91 290 590126
183 202 18242
3 112 955657
236 125 824771
327 193 732155
352 17 536847
277 235 503605
95 189 173817
368 67 755704
9 341 865996
183 10 719053
263 80 983092
176 118 936358
66 253 875604
344 211 66189
291 313 413435
202 86 580632
313 35 753580
276 10 229233
283 373 244743
153 303 667789
338 81 365403
92 8 847087
258 209 405801
162 65 330894
172 303 253930
77 32 781611
41 127 489397
350 78 301757
302 276 96739
16 304 829818
310 120 146682
357 377 565538
317 44 530247
381 236 524149
319 13 622968
215 86 352466
353 222 299682
110 69 288203
171 310 454127
124 302 998962
368 381 797479
232 191 82859
316 185 950426
88 152 7649
160 355 879916
287 273 601883
324 172 636350
171 292 182884
344 316 862104
2 33 125719
196 23 940124
302 217 864073
286 103 329655
202 379 489522
203 63 619509
255 65 485706
340 358 231609
151 350 817159
0 372 130439
276 184 923421
208 150 983724
5 361 379689
140 198 888218
44 231 590786
36 58 334975
257 233 528626
222 135 878069
332 309 18511
211 179 556235
182 375 910250
349 55 363995
323 152 165162
232 8 907532
364 192 244301
322 11 619210
338 128 636106
2 95 594781
187 380 46362
191 200 411430
197 189 296917
306 219 894103
125 338 346164
107 123 623398
94 295 90514
381 101 505778
293 74 41714
332 191 531788
270 70 244014
31 49 966890
333 295 445863
249 47 756164
363 197 312622
144 111 17440
92 140 946336
67 292 545861
45 322 931084
351 186 808902
148 172 180429
305 5 794650
159 89 538979
126 90 627629
156 67 221236
93 106 751748
342 78 156680
39 312 649050
360 21 854987
311 159 728994
38 301 7053
236 178 135980
245 370 576093
206 352 829118
10 366 6622
62 173 600072
47 125 307086
378 109 281336
379 145 259550
43 375 852291
371 374 79600
169 348 941288
89 254 107097
124 249 4133
382 131 182706
329 221 28400
72 89 610386
272 82 386438
43 221 883558
39 211 177826
337 210 339056
202 80 929790
290 204 587972
381 13 970948
273 190 200989
312 50 117860
91 217 620676
106 60 80993
303 173 302425
172 210 263821
17 377 658159
111 310 298264
55 258 617480
117 32 964808
245 317 569238
94 153 93640
163 119 923966
207 279 735644
301 87 993737
364 299 904349
139 79 622393
175 316 491912
149 32 759674
2 313 95245
63 106 34735
365 57 939389
223 287 327835
276 158 622874
215 165 957533
158 294 47571
5 263 864535
156 113 35473
74 102 657256
282 346 986934
47 231 660807
154 273 836589
308 221 675214
343 33 549184
291 250 180670
237 108 114151
370 177 659455
135 332 217097
42 374 38173
188 317 664873
0 1 178823
1 2 859406
2 3 855375
3 4 669496
4 5 75231
5 6 123500
6 7 142690
7 8 574875
8 9 462806
9 10 201853
10 11 231955
11 12 910553
12 13 213444
13 14 240829
14 15 473254
15 16 776296
16 17 728635
17 18 253471
18 19 198224
19 20 125927
20 21 752439
21 22 974517
22 23 649955
23 24 412560
24 25 111643
25 26 734465
27 28 380508
28 29 343201
29 30 274654
30 31 248059
31 32 333914
32 33 949713
33 34 841048
34 35 606601
35 36 228378
36 37 158524
37 38 145448
38 39 971869
39 40 822697
40 41 734905
41 42 613016
42 43 949782
43 44 270755
44 45 280769
45 46 989329
46 47 297666
47 48 948541
48 49 797596
49 50 101877
50 51 978200
51 52 790825
52 53 137060
53 54 134044
54 55 315573
55 56 668622
56 57 637118
57 58 7315
58 59 618153
59 60 682079
60 61 430098
61 62 720756
62 63 65094
63 64 419541
64 65 303126
65 66 354347
66 67 584975
67 68 774668
68 69 296811
69 70 540168
70 71 468155
71 72 858907
72 73 405231
73 74 782274
74 75 270287
75 76 987516
76 77 133551
77 78 890631
78 79 160674
79 80 708090
80 81 957039
81 82 471021
82 83 479836
83 84 304465
84 85 742183
85 86 873011
86 87 126964
87 88 873880
88 89 496463
89 90 765515
90 91 965317
91 92 425326
92 93 670626
93 94 971715
94 95 232658
95 96 772697
96 97 280303
97 98 642515
98 99 562418
99 100 665599
100 101 754192
101 102 412367
102 103 162023
103 104 95158
104 105 133357
105 106 808387
106 107 382011
107 108 330904
108 109 250755
109 110 204330
110 111 231345
111 112 661808
112 113 709544
113 114 613896
114 115 742928
116 117 332040
117 118 405286
118 119 81791
119 120 250761
120 121 928613
121 122 742600
122 123 72447
123 124 929336
124 125 57632
125 126 231344
126 127 847
128 129 5915
129 130 88562
130 131 967310
131 132 22744
132 133 485321
133 134 115328
134 135 309923
135 136 971507
136 137 816590
137 138 496634
138 139 335073
139 140 768042
140 141 414646
141 142 364141
142 143 495471
143 144 386160
144 145 811437
145 146 413818
146 147 786228
148 149 43073
149 150 750461
150 151 983021
151 152 606647
152 153 598698
153 154 187262
154 155 854929
155 156 856491
156 157 793420
157 158 249693
158 159 189045
159 160 635331
160 161 958444
161 162 443123
162 163 311318
163 164 963118
164 165 826105
165 166 431930
166 167 559838
167 168 371729
168 169 354557
169 170 152321
170 171 280422
171 172 129152
172 173 729534
173 174 816203
174 175 947447
175 176 429072
176 177 754093
177 178 380435
178 179 300758
179 180 717478
180 181 58234
181 182 133501
182 183 886459
183 184 99034
184 185 942348
185 186 775865
186 187 677399
187 188 742407
188 189 491895
189 190 588808
190 191 812364
191 192 755719
192 193 457162
193 194 815088
194 195 466858
195 196 421843
196 197 962541
197 198 298219
198 199 73711
199 200 447407
200 201 878383
201 202 998484
202 203 205860
203 204 970842
204 205 781356
205 206 330818
206 207 352013
207 208 967308
208 209 181577
210 211 452653
211 212 695448
212 213 271838
213 214 254628
214 215 251998
215 216 792977
216 217 840057
217 218 797264
218 219 264605
219 220 18644
220 221 978511
221 222 479246
222 223 78078
223 224 177502
224 225 657591
225 226 268866
226 227 285590
227 228 644405
228 229 926650
229 230 94140
230 231 580314
231 232 836369
232 233 116430
233 234 191905
235 236 742279
236 237 270954
237 238 362197
238 239 453091
239 240 581154
240 241 799774
241 242 221405
242 243 590662
243 244 60381
244 245 22604
245 246 658732
246 247 197110
247 248 981622
248 249 682095
249 250 572932
250 251 774496
251 252 614059
252 253 644196
253 254 378816
254 255 687185
255 256 340640
256 257 309887
257 258 15596
258 259 294682
259 260 733303
260 261 358870
261 262 784249
262 263 769532
263 264 75802
265 266 288531
266 267 558284
267 268 104224
268 269 730880
269 270 222908
270 271 708428
271 272 549697
272 273 299893
273 274 593912
274 275 964613
275 276 648924
276 277 439430
277 278 507532
278 279 902058
279 280 88833
280 281 938002
281 282 90574
282 283 750187
283 284 704512
284 285 210024
285 286 599035
286 287 322697
287 288 851938
288 289 127929
289 290 234957
290 291 465897
291 292 350222
292 293 346172
293 294 611515
294 295 378844
295 296 90508
296 297 265347
297 298 199382
298 299 205696
299 300 188879
301 302 100537
303 304 616566
304 305 552535
305 306 634459
306 307 818871
307 308 969291
308 309 980243
309 310 40158
310 311 686989
311 312 660203
312 313 148812
313 314 124295
314 315 110740
315 316 322183
316 317 351066
317 318 777718
318 319 210493
319 320 663015
320 321 267409
321 322 128787
322 323 248621
323 324 577745
324 325 342396
325 326 229941
326 327 108091
327 328 128559
328 329 365001
329 330 798488
330 331 822864
331 332 342143
332 333 24091
333 334 482295
334 335 777893
335 336 77994
336 337 752192
337 338 370972
338 339 661510
339 340 721079
340 341 831203
341 342 673997
342 343 501020
343 344 649827
344 345 316597
345 346 908393
346 347 841605
347 348 943631
348 349 431495
349 350 136417
350 351 740962
351 352 986585
352 353 346539
353 354 442944
354 355 745265
355 356 313474
356 357 245109
357 358 485916
358 359 418543
359 360 362961
360 361 220512
361 362 439152
362 363 229155
363 364 813341
364 365 736252
365 366 163386
366 367 439337
367 368 808039
368 369 649967
369 370 841061
370 371 987673
371 372 383759
372 373 5318
373 374 135668
374 375 419393
375 376 697726
376 377 492142
377 378 952653
378 379 914080
379 380 186484
380 381 938380
381 382 1757
382 383 470133
