2420 6193
415 175 236743
2076 2078 939713
1955 2254 147217
689 1895 399774
2284 1324 450044
1236 1937 74577
16 273 911943
1729 2265 238312
2215 1454 373963
1420 1660 480217
426 2100 695227
1213 1233 970966
30 1480 161813
725 2354 414932
1458 2028 672784
1371 1386 304163
1113 63 634237
1217 1193 43650
375 103 556603
2394 1396 937284
896 355 387278
158 2130 166493
101 1678 825417
1026 2010 519
456 1332 318401
920 955 658380
214 457 689795
2413 1861 298357
125 1866 426526
2216 2186 310669
1175 1961 341857
636 1748 184385
1960 2157 255941
968 52 253761
1619 1233 989034
1338 1002 26848
462 147 596930
1212 1617 367178
1027 859 852501
2352 2070 85223
2388 1829 466612
2402 2097 649009
870 532 899415
1338 1791 293477
1752 274 875243
1937 2205 637929
1432 1773 187805
1825 1204 195144
1020 924 473962
971 2272 711755
293 2131 760606
1395 2144 742103
623 1113 63385
1508 837 556046
84 844 385478
112 807 328082
163 1526 215022
1328 1169 985250
212 578 215097
1906 1486 180062
1143 396 125712
1884 141 311201
1925 253 352973
1152 118 696004
1517 1889 196149
1444 140 834074
448 2305 909885
771 783 177227
1825 186 352438
552 1718 830868
2382 12 781358
885 322 397187
850 2118 626796
1157 597 417526
318 2368 598257
681 1531 853310
150 206 827260
24 2196 659778
1126 1173 445926
794 2 887533
2408 126 13047
1751 227 389071
1090 753 458298
1109 511 930103
1167 420 726113
172 1830 723828
2065 1241 479776
232 454 690869
1414 639 101743
2059 1870 950442
2042 872 869351
1050 627 787355
566 2248 334108
448 117 642392
2134 1389 667677
253 1844 625381
454 1721 948331
245 1515 623271
1201 2352 596935
2031 683 524317
830 967 76052
174 2075 937113
2195 2190 837277
14 376 265254
1410 1182 119072
1673 1553 366381
956 1095 560106
1169 1700 892006
78 1298 444454
1230 1121 622054
1331 2160 468682
2374 1196 361732
1375 304 585829
288 1128 696373
756 69 546346
2337 1748 79913
430 433 936551
917 1736 831597
1638 560 147675
707 267 442258
1326 970 951202
1642 752 155642
898 721 145927
1680 1047 2639
102 2296 400775
2406 529 800620
425 1888 953110
2323 837 757072
825 872 497197
1740 1240 433978
677 1793 13298
1672 784 98077
1939 1928 860048
2312 61 571384
884 1841 989243
1619 1161 243153
338 399 864845
1988 1542 579611
2228 364 947431
1694 1404 928543
937 2357 764103
2399 163 163670
1106 1850 151093
2085 476 742
841 1743 736650
1647 2391 156261
803 1402 26487
149 98 143171
164 2361 737575
692 496 881484
249 1970 67912
788 668 858543
15 425 228084
1451 691 554301
1860 1389 314709
2017 110 620939
857 609 336051
1325 729 191780
2092 1947 175228
1377 1705 448892
2064 93 241632
2352 734 950206
1871 973 411176
722 1239 573036
1097 1149 128845
441 1044 470106
1411 1475 462137
1319 1261 432053
562 1741 521635
414 364 264839
1835 953 822887
2356 1297 57303
96 1482 171775
1575 1899 178283
2292 1302 998367
479 2261 188604
1522 1062 612323
1801 2228 717399
1825 255 682862
1901 822 812480
560 259 511503
1336 45 477738
1487 2070 518214
2209 236 37312
1991 1833 466379
1298 1956 361829
1706 1819 576851
1875 212 778197
1799 2074 991369
2241 2413 586681
1224 158 655040
962 939 587613
14 2046 426681
654 1610 525223
2322 1518 180010
1037 1910 368001
1030 1059 987876
887 572 159243
2090 487 809187
1257 1805 385088
1734 648 484468
941 1059 483552
609 2003 940724
2137 2127 698207
622 1927 56855
636 1660 229854
626 980 502558
184 1948 79814
531 2230 293999
1121 1260 357535
160 100 710420
187 1455 345371
2196 2300 570753
11 1707 569992
193 1144 417521
1094 1120 282342
456 2335 396026
1217 240 830044
953 2090 283347
519 1288 924517
207 359 57282
821 2341 391853
995 76 129190
427 2026 615548
656 425 800498
2238 129 194316
1434 147 649198
2009 2296 774401
2406 1342 478176
1297 1459 120950
1176 1757 720657
1610 245 746332
1924 1536 150256
1037 1958 568763
2224 1259 775934
1351 2180 999388
1853 341 169306
622 325 905225
328 1280 557850
917 710 719320
1375 721 394122
653 1382 299189
2055 511 738851
2167 522 825455
792 1882 441768
182 256 305986
879 2081 484889
152 661 903394
377 564 108575
1272 1558 361710
1334 1100 418835
863 1011 48953
199 2 384283
208 2169 170646
1098 871 139921
2403 461 86353
114 1885 572691
1694 985 15163
288 1647 610942
2232 1444 853630
411 1315 451872
203 187 412643
1255 1931 798436
457 2283 164822
1112 884 81884
1146 1779 70685
1939 577 288561
2359 785 641192
1431 1074 175322
1339 2409 976064
1071 1454 879993
1484 575 682699
1636 2180 97462
918 1689 297520
589 54 514135
369 1206 614594
2417 322 771128
108 1403 110241
306 1445 417500
52 1418 638819
369 918 821243
108 2231 719749
266 1710 74243
2140 861 284931
2411 1938 230126
992 636 39235
1932 1703 833425
1783 1730 972885
174 2366 857125
9 313 801470
44 1943 45130
621 1182 10582
1154 2024 965602
1847 2373 810069
280 224 711586
844 680 917937
471 1417 439871
225 192 652263
1576 860 793502
238 1962 39144
1035 1325 668063
1588 1773 601684
1889 845 565616
493 1980 36328
433 475 890500
2192 483 279411
1500 2284 196971
2169 598 914458
629 2115 603146
1467 915 728794
2156 1728 221107
1382 1883 718642
2175 874 966240
875 591 119607
289 1141 692108
784 540 579882
1100 2352 126263
1798 1622 234246
205 488 187622
2078 1429 666396
1650 918 180295
1241 966 691675
1646 1327 131274
1830 2279 72426
1337 1565 971642
839 1752 422692
1239 2413 885384
2055 1283 380523
1591 1366 331724
789 1956 35689
163 152 89335
52 162 714867
223 1826 578418
918 27 867692
2044 2106 815655
667 1174 612026
2161 1342 344110
1414 1007 241668
1308 2307 726654
1186 1131 862954
1944 2409 573626
227 989 586138
2390 1610 432976
1742 1629 401589
136 2308 67871
1247 826 879017
2404 1380 722631
2005 1995 787302
179 605 306554
2010 1483 261693
1146 60 426648
20 2311 240074
2272 443 855264
785 2317 844354
842 439 129734
611 443 53278
257 1115 643085
1105 1516 932539
2405 746 566703
1667 2355 16963
487 2404 466199
1663 1389 594909
1149 1388 430083
1294 1683 506092
116 1910 43491
1165 759 676540
1277 2231 740138
79 1518 797958
903 441 160424
1805 2086 878476
1749 504 164572
907 1190 163093
2406 40 658969
1186 2338 945940
2054 1622 973310
1745 660 298268
1262 1595 672013
594 2261 963092
1767 2202 724885
125 1039 147804
1876 1460 85166
687 2206 927867
2065 105 833680
1525 1611 13552
2338 1074 488981
283 1198 328899
1543 291 156676
1240 211 832319
585 1141 476063
1667 451 72696
1215 1171 108865
1356 298 821573
2158 391 315371
2229 1472 818476
2178 1029 706284
922 590 738390
832 505 672872
1190 2077 534802
93 182 4191
1397 1232 636416
1675 2051 640400
1888 549 223501
1189 1390 906186
424 1009 635409
426 1338 543950
2264 1401 431748
2047 1895 142733
2115 1920 86494
581 619 739634
417 875 901104
560 2293 585906
2359 1054 174191
1165 332 923749
37 1891 609926
972 1214 487766
1400 336 423498
1280 716 136915
2283 382 85999
908 600 783311
1470 844 938209
2027 1347 82136
798 493 390887
1822 2041 381564
2390 2148 770976
1926 509 657779
1805 1277 922929
1071 2398 633951
1709 945 97543
298 1358 579712
2082 2110 186133
243 1682 133237
1694 2241 608837
2035 611 417729
1890 563 989191
1192 1066 670997
762 1326 526172
737 878 891106
2135 1318 96808
1428 1286 211737
1696 2209 382090
1429 1973 700675
298 100 790991
659 1164 513976
1772 935 569979
1497 1133 604601
2343 575 796189
1192 2259 933584
949 592 809699
2372 158 224320
1085 1553 136300
605 1330 297373
1951 85 514589
1394 2133 384995
1447 2078 446503
35 1172 655887
220 1461 300613
504 272 485789
1394 994 610105
877 1869 529553
515 1398 263732
485 565 667386
309 847 751834
284 1790 725971
1292 1439 812545
2370 1626 483090
701 1115 290193
1379 1492 652661
814 2147 335427
2244 2127 779157
927 14 227814
2415 85 93134
50 261 578887
2341 2319 848263
137 1976 78488
2143 1484 622667
2123 2057 730571
1596 236 808908
280 555 686356
2116 1487 706426
806 210 988150
1080 413 797351
1820 2243 617248
461 526 298576
378 2399 848935
682 1311 227245
256 1355 809014
122 1055 377858
858 681 574558
498 1188 129747
642 1869 795497
2195 1530 864553
223 2288 727546
1304 1593 786167
920 19 427771
1806 1765 699488
1692 1186 769953
2340 206 366290
1106 2268 482677
1193 1752 973586
547 1211 957586
1220 1724 560320
1364 2316 728450
1048 668 945868
357 1874 201249
2411 958 336668
2032 93 867954
1757 84 889371
1664 453 910633
833 1278 585093
2128 1469 727746
2079 349 363686
376 1827 176959
571 1637 345350
313 2177 218269
841 2208 100508
654 617 60743
1525 1055 548466
665 882 574593
830 1606 460869
1930 2151 884153
825 1715 698526
14 2271 979424
1613 1606 991054
2114 2323 533361
982 971 135540
1123 1324 97621
2410 462 172873
1506 586 127106
1614 1112 659414
1487 708 129305
553 1059 287658
100 876 187864
1681 1109 486283
733 89 234437
173 974 756769
188 1495 933158
1839 835 60048
1842 917 74578
571 171 721151
1792 60 136228
1160 1548 426596
1635 201 143871
2366 1192 639930
1587 2123 321378
14 1487 547918
1039 790 891156
1846 833 179546
580 1655 471270
238 2201 304972
2341 2321 282662
227 111 438062
1819 1189 13429
1552 1037 649027
1251 660 78791
1042 613 259121
1808 2110 299118
931 1021 350342
194 929 419704
355 692 407727
582 1232 313103
45 775 151774
1523 274 226348
1298 1249 464978
2240 2080 149603
97 404 347548
747 1987 612702
2319 869 93037
609 1427 275437
1273 1443 909034
715 775 286518
2276 1789 610788
586 1603 51601
1363 82 184687
2045 266 492512
2375 2062 609893
1290 2387 144963
951 1653 452179
1547 1227 796123
456 1591 616937
1500 1661 628120
90 1725 62521
60 2236 465177
1569 1369 904251
1819 260 564276
1123 975 897279
1545 795 868452
2126 2106 514398
1920 117 27511
501 980 233256
672 574 96204
1967 1928 375314
1557 1998 540804
451 1471 349485
2329 2397 177309
1706 1820 542554
1000 1788 393215
1131 691 50707
816 459 582776
1053 1162 827287
1851 8 993976
169 1263 380075
2104 464 124955
1522 266 119274
1347 564 224942
2331 1937 132975
430 180 416710
731 127 822256
1566 2013 778154
857 1776 257180
1869 767 960733
1988 392 784672
1082 739 375354
1214 2238 164118
2041 215 654746
2221 2333 96207
628 2279 180067
2125 1437 562440
74 324 924901
1451 862 195140
1564 2267 433709
1569 407 234747
1143 1853 629257
786 530 222630
2348 188 361731
1903 553 333259
1163 380 908932
1947 2289 746231
34 2117 207639
40 889 380556
2133 531 403111
989 177 124802
2230 1405 402370
2109 2128 916161
914 223 971464
958 1455 915364
1263 1206 567343
55 995 394587
562 356 139170
1530 2152 164544
790 2342 705139
224 437 354726
552 148 317297
1880 1797 146399
511 112 901870
200 1347 931547
156 281 329496
1394 201 6744
223 852 295747
698 564 627603
464 2361 808825
1442 2019 290884
1368 509 603137
1972 74 312119
923 1624 452018
51 948 843890
1749 572 129202
497 930 89397
345 9 104316
2164 2086 319859
1446 1771 350289
2284 977 488496
1216 428 839385
1234 972 238404
225 513 104388
2253 452 307205
176 2281 832532
443 222 234618
549 101 475841
1447 2192 960841
276 857 6701
345 1179 25828
26 232 680044
446 1057 814920
718 1323 303884
2059 1250 732268
1915 1975 595722
798 1930 466759
2108 1039 285642
679 526 308100
1185 1011 789951
662 1153 283913
1006 92 649694
633 859 536805
222 1955 195913
107 1473 481606
2098 2267 542028
811 292 998754
824 411 726251
1315 2368 321715
2148 214 964190
1386 2036 765762
893 1238 688620
1905 684 189669
359 301 423183
1524 130 664428
419 2308 527482
2378 1370 291415
1146 1925 177029
1085 1467 689342
4 355 566235
2111 634 275893
1512 1948 560907
1513 1559 470923
407 1131 496089
375 2059 971242
986 997 577087
677 2032 487420
92 1587 294822
1191 509 408288
1075 1788 910735
103 572 264735
1134 1004 235251
1596 1862 552690
164 764 799849
1100 1277 940094
439 1500 993893
1796 962 509738
589 1748 904651
2370 1724 643523
1740 70 709808
1552 19 543224
2281 1927 850866
533 798 186015
137 810 914069
1472 1447 333143
934 641 373087
1158 1310 736495
1559 497 752449
671 1100 178522
1587 1546 309974
837 1533 867833
1413 232 619256
72 1326 229714
2005 1852 988591
21 1331 533416
1754 1281 324775
715 177 536987
1961 1472 793627
1165 2215 830421
2307 479 137045
438 1106 147174
2044 1968 113743
117 904 618872
590 112 772123
1181 1129 580998
2102 2276 940748
701 2220 261784
1861 1016 543966
1371 604 82425
1917 640 651760
1788 2041 251598
2337 684 793929
46 702 568670
275 123 750318
349 957 969809
1338 1179 916354
822 303 213206
897 419 262270
1192 1367 277537
414 2313 269224
409 905 42923
922 350 453102
2109 2317 36304
1101 1403 564505
890 155 439832
616 55 893753
1015 851 341706
1075 1535 471299
362 2044 140062
926 230 351757
1688 1281 240610
1443 2370 646553
1600 310 573012
1204 1867 991213
1788 1184 797910
2330 1892 528511
1943 1773 350045
752 987 71362
1806 2406 8623
1141 1713 795712
242 1293 340682
2383 234 591172
1067 236 859449
687 896 187823
1609 1596 354047
2182 1469 155362
2119 1712 676562
1041 1252 360813
1812 837 16351
1353 557 249111
1222 2314 661211
1497 2186 109127
1573 1464 709676
2009 172 766415
2266 888 228294
1185 1141 143365
542 1655 281945
1551 420 827885
75 107 948734
1916 87 296661
1207 728 6189
1464 1991 544292
2184 723 692073
224 2245 158715
1073 118 881385
1456 1472 315691
1464 1141 838288
2016 2164 812451
1049 1659 455032
2089 2107 221856
968 2213 128591
2354 2218 606172
978 1522 413501
1993 1376 430315
2392 2282 49275
617 210 654905
2381 2188 851148
1653 1539 299725
149 2384 468954
2008 1703 177684
140 14 769426
1749 725 767175
1392 73 70498
1091 2031 639063
610 1427 65966
93 2098 969144
1657 1537 528329
1483 1885 910812
1275 743 196780
1819 598 929734
2290 1 550377
1432 2209 367414
1058 697 27831
1092 2055 767871
1002 192 600739
1309 1293 172381
1291 2189 922184
319 2326 181575
561 1896 942368
1028 1972 322155
951 100 938461
98 1157 78894
863 1553 882165
720 1593 860454
237 1637 997900
1569 276 728069
437 1652 24403
799 493 739309
1941 1074 230577
1971 1901 653138
118 1990 440651
2220 2414 786933
624 1609 814862
626 112 330486
1477 492 750244
1904 1066 74168
1621 1480 704735
176 1705 146231
386 2168 10923
1628 2088 821687
1296 2260 65487
838 166 836776
615 1215 141224
2078 768 629334
1453 981 228664
543 1776 815706
1060 1915 983076
2375 1225 868932
965 1708 222762
2298 1786 720906
1065 1839 919843
1452 415 941972
1615 761 686637
2391 1178 903630
1882 1891 593856
1412 891 738163
2347 1631 245772
2390 1529 301557
2058 1627 834395
846 1149 465617
1343 1717 56221
1991 1942 259538
1306 1516 757123
33 171 934642
1250 2233 487728
1215 1525 34422
1124 888 747218
192 2393 154075
2305 705 552118
555 1193 379606
697 289 692382
1218 1115 600743
1174 233 560810
831 587 813410
305 1929 747144
70 1618 781061
1829 1791 630892
1125 224 248865
2131 2339 359182
1012 1206 736288
2259 2296 32795
343 2106 498900
7 1632 40313
78 2075 152351
455 1422 553332
281 2059 260267
1556 1736 770775
1700 458 261180
1066 1174 310116
1972 860 160548
2009 649 720829
1308 404 282279
714 9 79780
1199 1187 949244
1139 2079 313101
278 2163 640458
1324 1517 958876
2371 1751 375570
1418 855 444746
1041 2287 293790
1341 1151 445640
1106 2142 103195
962 2282 378853
1339 1733 83928
1748 1804 534952
2263 1978 490734
1817 2379 516579
2343 1963 287124
1503 1518 842611
2062 531 297188
544 1631 899219
2040 2283 237927
1391 1382 761388
1078 1062 575114
2157 2049 677995
1843 919 710772
1717 96 484665
135 1778 234005
1963 1223 126522
1785 950 592027
1024 260 54139
1608 118 544445
1312 556 84975
443 259 258313
2108 1632 232450
2091 786 398145
420 2135 466738
92 1367 740188
1518 2015 353762
2373 583 555152
409 2081 268770
2415 921 373030
945 305 69616
247 1739 199687
2047 2202 679130
609 1604 542637
1142 2041 408909
2248 407 571571
2127 2119 631992
307 1757 997285
1795 99 743353
793 261 709525
2388 1362 759218
832 2155 612153
2219 1850 187268
492 376 404371
1547 796 45761
576 1362 429692
753 1109 385188
1262 1950 937287
835 1505 392608
1479 883 216973
1416 581 638988
2214 28 701075
1832 576 205116
1932 1821 2407
1810 506 611960
809 1901 594460
345 1867 410095
114 2213 447749
2043 2022 959718
1496 2053 171368
1352 493 568861
1316 588 366460
1727 2075 922844
1952 1905 390005
291 1703 795648
2134 186 418732
175 1728 545100
1094 372 320925
410 1995 288280
915 632 949744
1956 250 55028
1984 1779 785257
2016 1273 624915
1718 1961 875230
2143 1297 243526
2416 940 170759
1445 1919 517756
1920 494 456845
530 600 86918
1508 1133 117318
1592 1255 485906
1379 2034 72584
906 2017 28310
310 369 626526
1778 1558 141165
2415 1648 660807
442 1986 859742
1317 587 77142
846 1355 995578
1120 2026 174305
524 981 204255
2251 1200 238773
958 717 807925
1096 2128 383645
213 1786 946565
2008 501 626116
961 1812 203093
1697 583 202101
1527 1221 11709
2144 990 137852
1429 551 785387
661 1931 170808
658 2146 78977
1938 1046 719587
1228 2223 488877
359 1573 898196
1801 981 482787
1716 671 945868
954 1568 548420
1353 2299 751828
1225 2394 617022
1161 706 645330
870 1380 527098
65 711 282815
108 1269 73744
1929 1085 710621
779 674 899221
1746 1565 660241
402 2204 932864
574 762 538714
402 1310 81966
1710 1077 178132
1517 979 1587
1115 1052 753889
1443 1552 834734
1530 2086 921514
338 905 664138
1146 397 695562
1170 1191 873316
179 823 386531
576 799 768762
41 2342 863842
1826 2062 379624
1304 275 630448
2045 1044 186109
1429 1741 595880
686 748 358827
1088 885 491952
1917 2076 925946
1678 473 38942
450 2213 31491
1145 1338 226223
1593 2246 719287
1461 1914 57145
1593 415 986703
891 324 73640
720 557 40829
2370 753 633283
901 996 338748
2023 338 360192
1742 1723 267596
507 1237 441050
1215 1414 123431
1455 1421 386157
1004 832 625108
939 1477 840977
1779 1528 400568
556 1837 866876
1988 2237 788841
1830 1482 52293
1997 1389 321532
475 1402 818961
1998 1432 873163
915 1805 462628
837 2164 596057
625 835 359236
836 42 445713
2083 1459 698703
418 1638 32126
1443 832 559392
1884 117 446653
1995 1678 940639
159 2368 165044
1757 2086 645821
1345 1985 764074
992 1315 470026
1247 331 763637
668 2228 199400
1693 46 147476
872 2190 94200
2397 857 151057
2226 1621 765068
435 1604 348075
1191 414 247863
619 605 328745
2366 1690 693709
411 2220 859641
1679 2190 101212
302 626 313539
7 981 496154
1668 85 70370
1583 1885 57573
1285 1030 26861
2009 1132 689254
57 1157 40117
1798 911 858935
1285 675 24557
1878 1753 103349
829 963 923883
1596 2349 723508
1228 1789 147242
903 1179 646159
491 1052 688790
558 2062 118467
604 2240 341862
1117 1834 176110
1094 2140 520867
512 581 503763
1916 2207 505559
1075 797 590664
1622 742 24754
1730 924 597501
608 1951 81627
2197 1497 530965
1802 186 940040
889 867 992111
145 766 974419
442 846 945861
569 1077 237399
261 537 895648
1385 2253 962641
739 847 477811
615 912 196971
470 868 913272
1637 677 15512
2019 1297 529856
757 248 63644
951 1294 645880
1631 306 404255
662 101 614895
2034 2048 525993
2247 1008 170573
474 669 461600
719 2116 691031
560 1028 81329
1442 1967 283896
1340 939 389067
1743 1530 389572
2026 293 382851
542 970 604575
68 2415 752833
1330 2265 340253
1888 1623 453218
551 992 511101
1472 1776 933148
1912 2251 697269
184 409 599642
1544 2157 779778
1374 2115 34115
581 1565 31646
1880 378 404208
1960 330 25395
720 1955 849990
1667 1680 258840
124 1097 697822
456 897 515719
516 708 50986
829 946 847942
2418 0 472467
1678 1673 436457
534 1256 444608
1229 480 271880
1220 271 473067
2178 1456 580038
562 1444 129508
2224 1014 825329
527 714 931467
952 374 61442
1633 1796 390596
445 1651 650256
174 949 553571
900 1263 605423
2075 1801 426553
2124 405 192151
2071 2193 259678
1542 99 940064
999 1066 626761
435 1016 100526
516 309 377291
2177 438 550890
867 1150 489040
675 2188 695501
252 1501 156878
2281 1696 691233
474 1436 617461
1124 1808 848393
461 1002 933038
1802 367 703918
2257 63 624723
1335 177 178148
176 370 619285
199 877 780355
1817 2052 74205
691 415 977083
2116 593 239973
405 2311 171753
1301 309 850646
1993 823 777052
2090 1909 991017
2168 502 751792
2012 1807 701833
714 2039 574607
34 1211 255034
469 806 282132
2194 837 883204
320 554 66203
1295 1002 857701
1295 1170 456308
365 1648 881744
2220 742 677170
1195 1873 85709
2412 2196 435558
1393 250 64670
2111 2095 780000
705 1570 866644
2083 73 103032
2159 492 897306
608 304 768331
2164 359 246913
113 364 936898
1389 2365 261770
1537 1051 54186
148 482 569398
2267 2176 314763
135 2139 786177
417 537 831707
1678 2335 512953
382 697 185725
595 2413 205114
878 2203 994939
823 1136 325979
2413 1686 722239
934 2193 352957
1472 1275 153793
1010 547 612688
2180 589 474453
1798 2075 28959
874 565 346699
922 2190 67966
27 2087 943095
462 2059 427988
1067 1441 34062
1369 273 193558
1282 1701 541332
1816 190 222108
629 95 155445
2374 1127 407061
391 80 929948
2153 2050 988297
143 2348 983137
888 2129 568147
2246 1718 432418
9 1921 995573
761 434 806646
1857 1890 436441
1343 418 699634
228 49 86994
1488 638 216875
1102 631 131949
10 2272 48629
1968 1163 617676
1051 718 681147
800 715 944360
268 741 25446
579 1685 408001
576 233 522265
609 165 890931
1525 656 519456
2350 662 178566
1455 2164 873635
1167 1383 143124
932 414 296749
241 606 310626
449 626 701132
2160 103 748153
2022 454 338782
1995 609 379928
2181 1504 955804
2066 1701 996462
1212 542 859525
36 1531 496507
940 1981 78987
61 1273 183677
1101 1185 950012
1604 852 83896
555 1190 236997
110 1124 524075
15 2336 399136
1849 1526 982995
1167 366 536506
389 1975 518409
692 2380 890416
254 3 359032
2362 1599 52722
1702 1081 274348
1519 443 748419
653 558 978506
13 2248 62396
1320 1804 635741
1624 2367 381197
1178 776 844472
616 356 579952
754 1185 67079
80 1505 331364
2107 1223 38459
2272 666 427998
1432 1878 317693
1307 1512 55959
76 846 235630
1714 130 89294
1508 51 441637
575 984 582250
152 2236 766924
1156 2205 701213
414 71 489670
1198 1347 931380
193 1821 72626
940 1027 394137
967 2363 97316
1360 1860 565907
1622 32 401405
2232 1935 306718
1919 472 152048
2329 2046 625112
605 1999 908728
629 2278 998772
1205 156 213211
256 1727 447267
858 896 818990
2287 1462 408572
2226 562 824219
917 43 650278
1100 1185 702417
2075 65 420507
1005 2245 945701
252 1189 856440
216 2196 3205
335 183 597921
1313 326 109694
38 1864 254118
173 235 620533
403 1177 302481
1415 900 165312
2132 1922 759379
1218 2052 689906
887 2263 246515
1111 1863 839486
1926 432 466293
1401 1930 950322
954 269 844302
93 25 914123
628 793 742215
1550 1211 869998
924 73 762210
588 474 708898
1291 1003 997691
1171 1737 202647
1210 1291 529116
1983 1308 649101
289 1249 197922
1745 625 183595
1893 523 41637
1990 2249 395975
1105 1959 843328
2209 2299 191943
727 640 244242
227 2157 518592
701 869 629060
1423 173 554154
730 1829 653412
556 1602 872354
468 1767 778142
690 1978 671521
697 1270 51199
1024 73 633875
515 667 916624
266 2262 896201
91 1899 911254
2202 2417 139464
570 1614 847615
180 1544 61021
1018 835 368689
360 460 879195
2105 602 991897
2195 2290 243346
1291 672 603068
558 1271 804976
803 2023 566070
782 2260 954792
2119 1162 761155
1245 1511 545810
1686 2267 621590
1020 1896 476116
739 1586 579519
808 2072 116119
1785 1333 125350
2259 1005 585962
1203 361 763189
888 1065 993429
442 491 900723
47 436 614581
1317 2343 332277
1501 636 184330
1657 868 42917
354 515 650475
1047 418 493652
1233 1214 944499
1135 1589 673959
2054 953 110784
1733 2317 266935
1982 232 261052
1078 1270 4017
970 626 92617
2152 1300 51565
352 342 819911
473 2062 340243
1992 1773 886611
2186 1899 633289
86 275 180290
303 59 792825
571 1320 805268
671 1301 311806
2114 2319 577455
64 2263 125691
1339 1045 999918
1747 891 571842
60 131 541497
1490 1378 606019
1362 148 570181
1160 1595 42015
2217 134 965095
1400 1086 342043
925 948 766727
2388 1104 408931
395 1536 957634
188 1536 580898
788 1447 709224
2033 827 302312
1349 1072 588869
1118 1754 551005
2347 2177 373531
1102 1572 616605
290 263 649303
1616 1935 711443
270 2051 273844
186 695 81811
1354 542 257629
816 1385 968532
1956 967 376569
2329 1360 639471
1783 506 74852
538 326 985181
265 808 895894
1923 766 154261
732 1868 83458
1206 1475 687499
697 2091 11413
77 738 546855
1888 2033 477760
416 582 423291
2287 2180 494192
224 604 239056
229 1379 242763
2173 2169 78667
2270 2010 270336
362 1066 873229
2085 1987 473841
2136 20 477061
572 516 417006
794 1856 436092
676 1551 566574
449 1256 36505
630 1282 405691
325 958 912388
681 1152 51501
952 1755 6669
1563 1590 674197
1193 271 266422
1433 983 963551
1199 298 732483
1848 1666 498294
124 1207 213120
1036 1414 78309
2282 474 894068
2065 2220 751591
1087 969 916425
2064 1420 564551
1202 2301 363894
619 179 833747
2002 1607 295238
1603 2233 561568
1514 158 797905
505 2302 148531
311 1240 71702
2252 1160 405490
1100 1210 339787
297 1420 341452
924 640 145388
364 1524 919948
1691 1558 861813
7 1832 309901
273 1621 74161
772 305 278141
1515 2288 418171
832 2259 176741
1472 270 79637
262 2183 661401
1558 1762 650553
1846 1302 302957
1199 2043 916682
2341 2277 937983
1884 2283 942947
1620 459 780999
2130 1861 262357
1276 127 525332
2010 1075 511462
1572 145 107052
2242 1894 165483
1304 385 763243
167 990 748366
801 1572 206200
2404 71 988006
2096 522 686971
2410 1701 520272
1686 1285 682961
2396 1033 809836
1922 1998 494116
527 2085 605659
8 27 160100
118 1040 14741
1744 1408 731397
1344 220 571073
1018 1028 28580
2320 1591 914167
2301 290 159818
348 129 469607
2118 2050 882180
1445 1286 393862
720 2177 317922
1703 482 999555
440 530 234313
2133 780 305820
1743 985 470134
1523 1872 481389
1576 1312 796126
2310 837 176506
2378 1111 824536
2209 1978 107314
2027 626 847224
2250 645 807597
597 1309 507568
907 1647 402438
53 1638 498493
1024 724 821167
2115 1560 286764
192 1097 321344
486 112 502019
2022 1919 690172
634 2401 362987
1173 1772 202615
878 1781 646141
1506 1157 40123
404 1155 573529
15 1051 364981
680 1111 215862
582 89 951758
966 708 507917
1414 1615 454419
1514 2 175910
1539 2014 322132
1229 1278 473807
1037 2362 967051
1239 892 568480
1925 78 826416
2241 1066 54458
962 1490 140709
1966 1782 442367
1865 1468 609932
314 356 183802
2331 2114 281841
288 2290 178052
1434 866 76713
905 1551 243547
1852 661 858118
2259 191 714801
173 1372 769221
1439 929 192437
1938 1844 310644
1388 891 927697
472 140 594541
2186 1287 196611
467 1522 329601
1694 1741 992307
2062 1930 641774
1636 1477 667913
1130 1585 655421
1317 1087 350026
1446 1793 739997
1459 1456 399089
2289 1448 597173
1242 2169 779244
969 1133 549088
1922 1284 900607
810 1275 412751
109 1733 678522
1548 104 406609
186 596 410447
353 99 543204
1658 556 922474
1163 1273 6279
1089 1407 853384
1738 952 410694
1640 2109 241395
595 1326 953531
1731 1372 418961
621 2161 693221
2241 894 61679
1581 970 81150
1624 1004 957882
1700 2022 782326
2323 928 987136
1746 1990 336715
1234 904 713077
227 619 291306
741 1397 231114
342 1292 200285
1981 1622 85401
1743 1253 609910
638 1299 733348
1018 1337 568802
219 1722 598996
2031 1110 117741
1573 1901 109559
1947 2038 508995
786 2228 474192
1948 816 967033
16 618 847405
51 2015 463925
428 169 640878
1351 1425 231833
1591 349 412772
2028 2260 169034
1287 1195 359951
1069 515 3382
1951 1174 19181
338 1890 802174
1469 1466 188632
342 546 104109
1533 1961 204711
244 553 717882
1533 2308 495909
1726 1525 280916
1194 149 134926
1076 983 160128
1539 1908 820697
2037 1284 731253
367 157 845845
2284 1360 70464
969 643 168958
312 159 700091
1467 294 142225
1395 1990 501676
2254 854 554522
504 1614 864532
2023 2180 423473
2130 2409 751216
1622 1943 849666
2182 804 634538
104 21 41678
701 271 48090
2385 20 374179
766 819 519712
839 2275 263830
1561 1391 264180
77 1033 95823
2140 218 857758
755 2061 148418
2366 571 996021
2356 1293 522693
1795 329 370182
982 336 27909
523 210 482011
1908 883 550995
1342 1181 66086
1567 549 626829
754 363 560460
1101 1767 38511
534 1384 855573
1888 1656 777435
1009 1559 166975
2028 2263 264969
2124 336 962380
643 357 721302
8 1877 808251
2101 134 617928
321 208 252856
2144 1524 430242
1603 939 674038
1872 926 369658
2200 1369 595642
2058 779 854128
1143 784 842955
62 1141 533577
1537 1582 59255
1054 120 993286
1 1296 699009
2412 1495 493853
1038 1854 564901
1557 1173 807325
1932 1989 109628
1145 1527 203033
842 2076 191030
1258 1416 45780
223 2303 769044
2404 441 437489
523 2376 649821
203 1614 111735
1286 421 393965
1198 192 584836
262 36 245036
1715 542 93913
389 2138 577702
247 972 499080
920 862 911537
1134 1006 490715
218 1371 830525
1693 1295 509710
1666 1394 385214
525 923 600631
91 309 112994
551 1291 916956
1377 119 661527
2093 570 691423
2283 768 673992
1487 898 309357
727 921 355206
2416 207 352256
2250 1451 613677
155 1165 93116
2316 2326 877022
2053 665 22076
2237 1538 13682
324 1157 6935
429 1266 926313
1791 2366 121789
168 567 399190
1307 1752 186917
1168 2336 232603
1388 298 814591
1956 2196 960373
2326 1163 971268
1059 512 912955
1929 1413 128375
1156 128 212584
401 1447 476148
219 792 39048
145 143 133967
310 1487 759795
83 1116 538324
790 2255 362208
715 1981 475542
439 62 300782
2013 1644 735052
519 1560 105267
2379 1328 168066
1595 1814 253785
469 198 760258
1512 1845 121506
2209 410 453734
2032 1361 519865
1321 380 532670
1 2269 279581
81 1950 777878
2362 2147 744556
1917 531 120311
2353 998 101451
70 1883 168164
2407 517 376488
1769 1493 545156
2148 1071 599925
1504 2397 20089
1147 1690 734225
1290 1184 882527
733 2097 777492
1676 925 727807
995 352 266326
700 806 637560
2246 2257 328910
8 790 185926
2135 492 576886
519 533 333129
1758 421 740113
850 1835 326076
1625 463 539326
1801 1574 180979
687 1945 48816
440 2390 766725
36 895 792687
550 1123 263109
1063 428 162543
1924 434 86379
2304 2387 49786
135 1629 670611
1320 1038 811570
569 949 36245
2119 2074 992821
2328 126 847195
2226 2222 415816
1716 2166 324951
790 1729 621800
1983 1521 551874
1965 1432 737757
2299 1192 89343
2394 2079 68458
1662 1519 705406
2007 583 304537
942 1325 912257
1367 137 771878
2329 1864 57710
1308 106 948343
1248 1602 760278
472 1395 444669
1685 882 682574
2222 2072 633865
1323 1025 634964
1962 2324 947497
1952 1878 223641
236 1270 614875
1567 233 561814
947 1256 671989
877 571 390958
153 2395 311388
1016 2089 152733
481 1255 56965
1249 1654 510378
991 134 798324
1258 449 396579
672 1844 248637
1356 728 97686
2413 1076 737566
1849 2160 621316
2361 2387 343969
1779 403 617903
1649 24 404626
2162 1767 261626
2369 2348 339017
143 1171 537506
1085 430 99727
237 290 531783
503 303 12601
777 2302 936983
2365 121 889224
2128 1593 608463
1809 1077 688822
849 219 272690
716 259 941435
1183 1013 634657
2103 22 195354
1934 435 468
1636 163 955253
1287 712 323133
2255 803 548248
2034 1125 866398
2213 405 27271
803 1426 439257
268 2091 952762
437 1438 208456
932 1174 873763
1860 1351 555884
1550 1028 783337
436 2211 830979
2100 1984 615418
703 719 610932
1779 2323 396778
1897 46 322661
374 1734 469857
1678 1852 649045
983 889 673946
1703 1103 938391
1489 1377 324606
1182 1789 505299
2393 1259 693043
613 2203 773101
1249 1451 481849
2248 1541 392374
2399 2113 434968
348 707 953366
1851 506 98141
1362 642 172591
1472 550 560895
371 366 838828
2300 775 826046
473 1027 41210
2084 1178 874816
509 1136 892886
734 1313 267880
182 1437 154438
2125 818 889755
2133 112 793130
2024 830 820523
878 2101 599648
2378 658 859553
1082 2292 657798
2077 775 209334
1974 554 422783
1965 2244 714650
612 317 465407
1302 1070 874447
1063 1465 744921
49 690 558153
2024 813 39943
1570 803 387658
40 2351 392449
2411 2194 331248
1030 816 689277
591 1482 970280
1072 918 871440
1551 1617 332578
1448 382 321880
996 2271 141492
305 384 604041
1272 118 60255
1561 499 756785
1566 547 566183
231 1412 485946
1826 226 311417
695 230 58130
760 577 621734
2242 467 184469
1971 1401 118182
371 1287 806850
280 578 455281
699 989 897814
661 2229 46965
1415 1056 792782
64 2023 128475
1667 1212 569422
1155 869 918703
42 2227 360099
319 1136 900261
2213 1018 248536
56 245 546594
2242 473 729109
1392 24 74880
785 743 477579
1757 1706 694552
1042 1889 262613
2402 2230 528816
788 388 283390
1560 459 280433
1219 169 310467
73 972 986003
132 113 27920
2104 762 901321
61 1935 837545
824 2401 886899
416 1926 53016
1208 676 810981
683 2251 95577
1591 1908 16318
1311 1899 680819
433 493 836272
1528 993 14988
1759 528 124297
2013 1393 150513
346 157 695728
522 1851 639800
68 1477 847595
1500 1203 167686
559 1366 133454
843 150 441941
1410 2060 551016
1472 399 264934
482 1516 844081
434 1248 305462
512 2214 686382
539 1602 159131
766 691 613073
1933 238 26633
1046 935 253691
2245 501 612036
298 136 441556
2105 1944 435625
960 491 14493
18 1645 928829
787 1102 362017
1368 1140 200132
1005 2320 865584
1366 1572 461140
1661 2058 417
962 1201 28485
1292 1163 533252
1966 551 877277
39 1753 222640
335 1561 314865
1816 1165 748246
1732 1249 930891
1816 1921 59493
176 1604 963090
1748 1344 914380
533 891 902016
2414 1199 402036
1238 303 871816
1578 2099 962828
860 963 743361
676 2028 644315
2371 609 417099
2247 244 988294
717 1714 933590
2064 2411 591841
955 1099 346778
1389 938 804877
377 473 379756
2334 1317 352674
205 1557 172335
53 2155 434614
1922 1160 453132
1869 52 799585
263 287 821594
2393 1806 849178
1949 1270 202572
685 877 942939
642 194 858973
1528 436 505177
368 97 428537
1273 1831 137908
1009 679 418808
1768 1786 407970
600 1669 758539
1855 711 546414
1383 1768 427731
976 2175 458327
2109 1422 15069
1820 1417 762677
2027 601 810657
1719 1069 88750
260 130 91273
956 655 662828
2157 650 595495
1967 1181 491719
1400 2114 558318
565 1478 964448
538 493 360738
1120 1784 579013
2234 99 919091
620 2365 840650
1748 1145 278184
1880 179 305716
1163 1162 159635
1222 607 720243
1985 2256 695797
2141 2347 988585
2056 2253 32520
1871 1159 622401
575 21 517638
2005 296 400286
1900 899 386239
1958 1764 71242
736 1418 977095
725 1287 797707
2156 85 688243
638 604 1670
2013 176 561814
917 1003 107507
1272 239 168698
142 894 827496
201 1253 314023
750 1587 156515
218 1185 367528
1956 1591 611467
706 1240 879004
1814 1534 275364
249 1187 248382
1762 208 632526
623 936 857138
246 532 945151
309 1406 43079
566 1889 321869
459 2216 468417
451 1574 894590
85 419 717754
1336 392 794532
2224 1615 773299
222 1282 409292
385 2141 677212
32 2013 946224
1350 928 189590
2352 434 174413
1578 589 771223
2113 1661 199232
1789 1111 621427
2285 1632 865483
1131 1145 498937
2218 540 90217
884 1845 328356
362 1878 831813
1274 1427 770663
1026 1718 122768
1059 1672 237303
1175 1708 91119
2316 1790 375014
977 2185 853754
1057 2151 261342
2300 236 761257
1501 2392 657478
1418 1188 781049
835 1483 345946
1298 2392 512840
1784 1134 780408
131 225 606409
930 2342 250215
583 1067 233882
1147 854 485327
206 1009 163979
899 1197 609267
18 2287 553414
2332 596 438710
629 1476 609148
2379 2260 344504
2328 2283 560414
639 2005 537049
2060 725 407474
962 1940 323461
41 1561 150705
2054 1842 785007
165 646 516359
2150 793 40311
1667 1827 358674
2304 2093 605602
1437 1230 503660
743 1879 118151
1238 921 992253
1279 1255 459026
1647 2112 226331
384 1484 384475
1535 1410 868525
24 186 794009
1955 2096 897517
501 1225 409088
790 2281 455676
1981 1852 553195
1368 21 747129
1410 1673 711678
645 1043 966061
1364 413 367639
30 687 377104
683 765 89745
1253 2303 323065
1156 1185 589910
1174 802 788471
1929 1684 107700
786 1024 477885
1599 2270 822456
2321 614 309978
1443 1586 270322
1551 501 949594
20 1835 568937
1729 782 589671
1430 1637 79643
1197 2013 409074
2406 632 537083
710 174 435783
1894 2360 267328
683 1927 672176
138 1675 790312
1947 1600 152338
228 2361 495409
905 1096 530138
363 2146 106209
2230 2219 803483
2396 1148 218866
1274 1106 933826
544 1988 713692
2364 1906 924943
422 1205 355251
1989 242 892658
1234 613 897336
844 268 581373
1450 1480 912314
485 150 200897
1338 1238 789861
1015 2304 889672
134 1681 352772
168 1010 93999
1887 1415 417913
393 263 438513
54 457 718021
1537 592 178726
1449 1501 572330
1176 1391 767270
2229 2288 4885
1267 931 6105
1619 1981 151805
2247 1046 226559
2156 782 697639
1733 228 48719
1679 802 728813
751 1998 90234
1085 1909 511550
2400 2211 828268
180 1984 745304
1544 614 56170
708 926 442115
195 1470 201718
782 571 757434
1562 1919 759722
997 385 295630
1742 51 260414
1817 689 502931
1496 2115 177527
1998 1492 834709
126 2008 667558
36 1575 765411
1648 1825 825526
2364 431 499943
987 862 904675
1017 922 384167
1194 1586 118859
500 673 639021
1640 373 989394
614 2378 198461
1657 860 214139
1855 1673 211512
1196 879 595695
2183 1704 199855
654 1957 37821
685 1865 83803
2368 280 453881
1237 707 565225
2275 322 223184
1576 2246 751896
580 1099 165159
1445 387 852741
2161 2119 328590
1019 1753 163920
918 2353 120274
887 415 165916
196 224 850742
1479 1071 76134
1443 2402 661687
1806 1334 465652
476 1767 329435
1820 1863 106296
884 1498 698265
1667 1877 836928
1992 2139 368293
1698 2267 14277
390 1892 745999
1143 2354 886712
124 1421 287216
1749 1643 433759
2251 2157 378508
1838 1821 85314
797 511 904150
1027 231 326030
1094 262 474653
23 240 955598
622 1170 60264
2349 1476 415990
1049 391 429950
2125 1833 878306
1095 2128 290145
1256 1884 93333
909 536 883102
362 34 327011
1948 793 391113
798 1827 116253
916 462 180454
793 543 193610
1729 31 196984
910 873 236633
1457 1161 616589
2200 1862 959427
1378 2220 968086
1724 2385 570273
907 2142 56559
123 2350 129204
163 847 894850
2256 1578 402503
2094 1585 782569
999 1335 678761
1762 1149 750917
1453 2235 345784
1776 1905 58079
559 2337 596539
1683 1814 500406
2264 504 373367
1011 2005 441125
1101 1033 888645
2252 1865 979509
1232 428 361535
1236 714 67866
1855 1045 946358
622 2278 337174
844 2325 552271
868 648 278397
2302 1541 766738
1598 144 184555
802 1981 576501
1517 263 660712
368 834 814527
543 1684 24266
1849 1090 206706
1074 583 166328
896 243 369320
868 156 558292
602 967 500202
1137 1707 373859
712 1119 605023
463 1592 143654
1788 1777 636356
2276 721 670317
1714 30 600865
1983 2387 977479
708 839 109689
427 1301 575926
42 1546 662359
1197 2043 48437
9 1105 824006
1967 58 171502
463 1606 51736
751 458 401370
1370 1577 242727
1840 1934 469468
2394 959 8632
1762 2282 149948
838 768 968623
1805 374 757946
1891 2281 773942
1022 944 773382
474 1269 540507
932 2354 360622
855 234 252716
1483 6 724595
407 566 997682
1057 202 175760
2001 752 948735
2009 991 77778
2131 307 113661
1848 1576 426228
537 916 86698
2095 1266 467534
141 623 848608
310 2042 851209
1155 1498 283499
950 1908 837435
1379 773 48274
2223 1099 882342
2045 942 915309
152 1257 674895
1059 2196 460182
819 631 544598
1234 884 448317
1152 1384 644176
1535 2352 83193
2209 394 176465
1843 2199 611301
520 2148 959528
1598 208 315023
607 1951 317582
71 1919 276111
286 578 791548
832 1747 916020
884 495 98612
1051 1501 101877
249 894 406270
66 532 908800
867 255 606405
964 714 833708
577 711 576600
75 474 24485
1987 1816 852535
246 1809 709596
1363 283 872423
660 2229 868436
1559 781 396094
70 1162 184351
1325 849 361078
226 1428 643377
795 223 379333
1357 444 618209
133 2372 876678
452 2414 703807
389 2289 574388
2168 1695 966979
2123 1886 404520
638 1040 255419
712 1748 334000
1436 2113 129233
466 1497 422721
1800 747 88215
1744 1135 6776
1442 2169 856437
1096 1095 727140
883 1093 31806
1533 619 202462
914 935 238710
1876 1328 438502
1322 1842 188813
1516 1522 330467
1947 1359 100821
27 778 255547
1273 1703 345602
689 2402 501579
1779 2154 762740
2020 2118 519159
2009 923 75475
1254 925 383796
1792 48 281105
1145 265 854231
1745 1612 247021
2057 956 925014
1714 1388 61830
49 51 43706
2026 1534 749329
657 1481 250645
2124 660 131801
2045 2124 464697
2045 754 448176
1926 329 705988
1233 426 455869
2049 2303 651312
1402 1607 74737
1127 2064 826201
169 1373 880855
1890 199 878748
1007 1373 247767
1290 585 557827
992 575 515665
933 2206 344076
2184 1589 669576
759 2352 952227
1395 54 668481
555 153 336750
1310 1381 984413
2074 1357 433224
884 1153 343321
483 2359 862564
2245 880 838748
51 862 139805
1672 125 574872
1372 702 766639
58 138 906575
2124 1883 621409
452 1160 901780
1004 496 589034
1419 889 245707
1037 1175 580759
1002 1120 352951
1649 2374 648551
1860 1359 689795
1116 578 939022
1991 1752 728479
1069 812 52684
1533 377 555822
750 1818 523249
267 133 285277
757 1768 122122
1302 2133 837938
872 793 464983
1325 692 135252
1382 425 593468
901 412 139328
1367 960 645736
727 1854 44482
1649 2082 923510
736 699 912139
1198 991 245341
2243 1551 952506
1204 1095 345253
748 2141 899931
1094 305 307263
37 2074 146534
1278 869 528316
935 736 392406
1273 1602 588077
1963 982 832338
833 1273 134754
1470 23 745817
1885 1226 719050
1536 1626 812349
2297 1597 716599
1849 1357 12907
1973 2188 893860
1253 234 357274
1163 2376 597317
525 2279 835030
2332 1412 138123
113 2031 294957
762 930 310225
1094 813 231580
824 2112 980093
364 1359 859412
823 777 752987
369 741 712976
758 1244 673195
1861 486 90808
2174 1747 476802
1114 83 542003
514 1188 720364
1614 536 14735
181 2391 897418
54 974 141511
1681 693 409576
1260 358 388934
614 1686 955144
1938 1842 453400
564 602 725725
941 377 3259
1403 482 361632
1896 1409 322140
783 2291 802164
1636 1532 846597
62 1551 563191
2024 1365 381658
2018 1831 349575
271 76 329510
950 138 853610
1149 1618 495689
834 469 292424
1842 253 573102
2130 771 983509
2217 2140 826414
1539 1377 475739
1124 961 40787
1715 225 141469
1052 718 346979
67 760 429314
1071 1523 564303
1938 1656 297693
267 731 738688
1772 1281 199197
1347 715 962841
688 852 109234
971 819 386329
1227 1450 986890
2047 892 778132
1236 830 351628
1205 1335 64080
126 646 622542
592 254 341483
1687 52 564864
367 1156 388789
121 2406 632136
2032 2193 433976
1434 44 447248
1981 2085 995382
1575 1563 233994
1500 68 627213
2277 2306 704038
328 2218 129178
1060 150 974940
1819 2380 961698
617 1729 659850
379 1397 86385
1042 429 326895
367 1034 336848
1448 1539 998688
1727 599 235290
1893 1840 100682
394 1962 892020
2167 414 828436
1592 700 558873
1036 1835 206724
2267 116 360403
227 811 715690
1093 329 66605
2264 937 737247
1931 72 569721
1092 806 627702
2355 358 223353
664 515 64218
95 24 437883
1830 60 412769
1605 411 216704
670 717 346160
801 484 89207
1414 2148 531810
431 2107 914086
174 2180 832676
278 671 783026
1379 1378 803316
290 1218 624272
1864 661 920644
1643 1087 946725
602 821 987210
2291 717 681530
2219 1625 77976
1867 1211 169255
695 83 260510
1616 2336 575137
2260 2350 168234
725 728 909271
1736 1640 616898
2308 334 212725
980 1698 70003
1086 1876 695792
1150 1152 272865
930 914 593086
1059 64 878801
75 2356 565089
142 910 756644
110 1267 404249
819 1762 794180
1517 2087 831345
1783 562 504392
994 1310 649524
392 1114 690207
412 1825 615541
656 1995 957276
1235 1321 217233
1670 435 513848
2301 937 477559
231 1326 348074
356 478 329894
1317 1305 216984
335 2182 106125
2375 1068 71272
883 305 942968
960 842 353349
2353 545 872681
1838 1120 331628
1049 2092 643228
1602 744 859780
18 2096 990066
59 1905 867120
192 970 749682
2048 784 894838
2237 764 936044
2410 2418 255274
2287 907 676879
2006 532 406252
763 402 881873
2222 1288 182174
1488 116 49257
2059 1717 956056
643 1254 641834
1674 1297 789798
2113 175 954279
2382 2287 407730
1044 934 40491
1016 1302 687876
1958 1475 754224
1523 121 305274
532 47 593197
1574 269 801154
1180 1233 333775
709 131 735586
2218 91 351251
936 1942 741591
1446 2383 835435
79 1620 424123
350 2142 348101
2079 1215 149434
1819 988 229092
383 1056 983409
1662 1808 280474
1810 782 378248
729 1155 375816
1576 1758 644673
2368 1811 998227
1303 842 256690
204 343 227605
553 1107 462515
119 604 388286
1199 190 718669
2286 628 189018
1661 1782 876601
1880 24 917651
1460 218 757643
189 1969 747965
1264 1199 104782
1443 1558 196161
1186 473 50199
220 271 403417
2232 1548 563380
2179 2029 298170
1345 690 680063
2209 1200 869008
211 1354 102339
1449 2246 801840
170 1211 167824
904 1532 856659
2317 584 699265
39 1979 1826
1819 2049 876454
2184 884 221659
1574 1290 933898
407 1725 47129
681 1364 39886
619 1481 384720
2315 1102 571333
325 1060 368766
684 565 589456
2253 197 22213
823 1726 103266
2149 286 267324
127 1415 290704
1527 2253 971847
1486 94 408431
838 447 220822
2389 1555 485056
2005 1960 453061
2076 937 650980
619 275 532621
556 766 877948
1925 1600 746786
1085 797 271856
829 1016 475036
1694 1682 836938
2031 482 314480
2012 1509 661425
124 1383 916090
1167 560 49572
879 2000 600517
2059 1714 501385
2268 1350 861636
1880 1801 345466
2007 2004 320906
1209 1463 144315
657 2410 289582
253 1733 992351
1876 881 565711
2134 1307 381213
1324 1175 658869
1761 1700 780880
1541 1463 874824
1526 1575 653719
273 2144 96304
3 1429 139235
426 890 158892
1017 1461 283156
1617 2039 951729
1001 20 154294
2339 2187 287933
1971 342 884164
584 760 159735
380 1018 851569
1244 430 650391
1207 126 919091
2071 1679 932176
371 1041 424893
2114 657 682218
1436 236 606919
1004 1802 54942
293 671 634933
295 1171 99319
272 1704 520586
1642 820 461227
202 2284 720237
438 94 651101
2183 1487 950702
1594 1872 875355
2255 1373 540959
1838 977 615247
1512 2021 384545
1858 1870 808667
792 1935 354168
677 1241 825315
2319 1578 939627
1329 160 300211
697 843 833221
1821 1562 871204
730 768 926324
314 2359 36947
1435 43 533129
399 1117 506434
768 2348 173476
215 789 12091
696 2029 522051
739 1857 520784
835 1344 603148
1054 2046 947161
1456 96 68771
185 1975 672533
1855 516 856223
530 760 878685
591 388 339674
442 124 305009
1346 2091 970032
2354 1188 604134
499 1042 228703
2409 1494 245402
1297 869 86628
1666 839 283692
1845 199 41655
216 561 283381
1140 1169 987747
809 680 262786
592 1011 881811
1560 1781 352292
1773 1726 676702
435 1825 349054
1695 1125 526600
760 1260 811280
507 174 245912
593 1900 422198
1042 1006 570005
1487 1623 538572
1931 1699 88790
1103 1837 484465
2321 497 770635
992 1688 881862
1189 1789 492352
593 978 417323
1519 1378 4161
1298 1231 714329
2225 974 477797
609 1586 5525
1552 1235 748161
946 1823 82456
1896 1666 364103
1561 922 367973
1120 456 279080
795 1073 661321
232 272 210312
1620 1295 426730
2340 354 297528
511 684 697882
978 1234 934290
896 1081 185214
1806 372 566554
526 1276 63189
1253 1342 711884
1052 1119 45227
2003 1262 991451
1140 1354 178449
1681 2129 802477
1416 549 216708
456 899 520720
1577 2306 727201
1860 1000 713851
82 1768 675381
143 2196 303661
368 1943 540606
1040 1125 667409
1139 1077 729020
154 36 503401
2354 1497 524190
149 1235 319817
1099 327 258267
694 90 898537
349 869 701610
340 1608 213653
1050 1493 510003
1877 2045 811743
1052 163 395675
1992 2271 252709
227 812 312191
1972 1055 255301
1952 448 548003
1279 1597 206856
1026 2165 659910
375 443 732654
2398 1742 200986
1171 2363 450978
83 274 223815
1600 1884 163660
324 1138 952484
2253 223 763152
1952 1180 159690
2032 1459 957756
100 1525 353185
2309 122 383460
2003 2393 374400
1496 657 160235
2201 867 857292
980 2047 657174
1032 1610 981955
2084 204 488683
1130 2322 456629
2215 2163 438843
1916 1090 860829
1511 652 112882
2166 1554 481814
950 1040 900697
1760 462 537510
1784 2417 893277
1593 2257 566900
2414 1300 181373
339 2320 649555
588 1211 627273
1085 1194 302886
553 441 900063
1115 830 276854
908 2055 867295
1747 556 561717
1770 735 793816
33 163 100627
1996 1984 243223
1490 711 33128
1821 1804 799280
385 1699 737151
715 1803 104474
738 1351 41888
1370 660 665798
1142 337 188534
1324 446 814210
1586 1485 476007
1927 1486 816514
398 1303 38406
1552 1298 737664
1178 482 867847
1252 808 949085
863 2000 450834
2068 1264 131929
1248 604 952264
1501 32 548260
1799 1709 374525
2342 2253 95219
905 308 668793
2151 557 336135
2130 1014 496888
113 1609 545214
552 409 900307
2173 1542 890931
2018 1625 431011
2227 1510 74367
154 86 395810
995 1758 470907
1564 985 207766
1067 2101 40946
2056 2311 742913
1132 1325 754221
1467 1240 761241
1960 1854 166517
2299 1843 963454
1606 472 949751
1219 1029 119795
1445 1600 842755
398 781 573351
2324 1374 723907
1038 1555 58894
1086 2022 130893
1261 1790 911176
1359 693 945333
1402 420 551913
337 301 358573
720 1160 500213
2053 861 382756
2329 1457 342024
2139 559 739381
677 1230 741100
2088 1901 445411
2214 2389 383876
1946 905 415201
1329 1144 863872
1871 180 467694
1051 1887 421640
202 348 660997
601 569 900592
347 473 429343
421 835 999974
2247 1916 208041
1150 182 662376
1329 183 276634
2110 384 138536
1268 843 886627
1058 2142 264696
533 985 231881
1432 1200 709243
1987 135 153383
563 2266 779532
2011 1959 63666
803 1450 88980
1779 1886 107645
1799 1555 827454
559 892 658045
650 1136 87101
448 1525 138308
1007 921 830391
636 1619 602238
1011 1747 407395
1511 1961 415809
2036 1839 671153
1074 1895 297594
1118 2268 626417
343 823 355473
2028 1348 186771
1795 1084 804038
690 964 597774
1525 1998 703108
1475 1477 758266
424 220 730046
2024 384 989932
1093 1525 246388
548 621 854863
2100 2191 292309
1505 295 79198
935 563 350247
781 1108 571432
1009 2288 794934
1197 313 320754
1502 971 830117
1747 485 161158
2413 2192 813787
1731 362 423019
990 594 353392
169 1560 224175
548 2329 675219
1895 880 650389
61 208 903305
462 268 13376
1478 883 721206
1200 487 593323
965 192 272054
2092 1398 218950
2077 282 890313
1138 1597 33128
1000 341 434803
262 2366 989854
1859 149 378652
2214 887 787749
713 707 361731
1379 800 646099
1519 2040 900125
60 1014 44230
1150 1780 223118
1840 277 622034
426 1519 21328
206 2036 808562
14 746 753727
313 604 518626
264 2192 850723
600 1907 672931
1382 1565 211838
1992 1548 580510
2125 1176 832179
568 9 482686
73 1644 860821
1240 2055 806737
54 799 74947
677 1391 872365
793 2072 320446
381 326 460948
2222 1533 386073
1603 1846 211053
51 1375 334058
1007 1030 872381
1148 1900 494293
2174 1527 970013
2090 1460 180623
1011 960 461254
589 1370 467534
94 141 856104
2089 164 844016
1035 2277 798787
1504 1306 455691
2190 580 411415
1659 776 767481
238 596 565566
418 1186 468705
603 1024 114528
1177 1733 821951
777 1779 840705
368 1853 117973
1759 1163 949357
547 1885 762833
1600 510 404433
1293 1820 856581
632 2146 149215
560 6 695173
1268 664 707137
116 1807 338160
2300 801 392492
2090 847 238033
1071 2166 603880
1005 1911 797658
988 833 604568
751 2192 100743
1113 1 740997
162 135 790247
941 1337 334585
718 948 540924
2237 1476 463785
2257 1652 462044
1038 1462 193213
1231 1485 574435
474 1365 830125
585 1341 14708
769 373 811324
1459 1262 775547
1686 1309 439602
614 884 624130
2135 1890 938249
904 1430 591669
1784 932 31351
2085 361 832395
1444 529 296544
1209 882 599993
1264 1692 196904
676 1973 49368
2043 461 577337
1847 2415 904228
1401 264 333063
1886 1822 193555
1314 1911 629789
1829 1862 684737
1547 422 521243
2287 1133 403022
2410 1518 62148
2219 1604 341373
222 2039 463582
1950 468 849479
1041 862 847056
2063 2288 885833
2387 487 118520
1457 297 276044
411 598 67900
87 1625 139842
2085 825 353053
1267 2130 577489
1750 1742 917595
1795 1070 216929
1498 1401 632507
132 1272 610075
2058 985 804289
1834 1633 675611
1687 1324 607173
1906 1140 743679
1610 1966 116923
8 1278 294827
1537 154 765154
882 1031 292153
1373 1218 761611
2348 1028 533862
1080 1061 456150
234 462 745833
1656 2006 103102
1865 2254 798905
575 1514 837190
1490 2407 982032
1598 1266 549526
1095 2089 868402
746 1932 249317
1502 2232 706296
2229 2015 559180
2115 418 662911
2108 1710 61045
1974 1347 448533
2218 298 354743
773 280 441557
857 2188 862983
2084 2211 828746
1156 2096 837287
1084 601 64209
2314 1985 243542
29 186 912785
293 530 840593
1297 2295 151775
2378 629 233636
816 721 746734
519 2346 474849
1828 432 246763
1595 1713 770617
783 791 582327
1654 753 636858
1662 917 558629
2410 1364 441120
566 774 661170
1282 2084 584138
184 1054 821171
166 893 423357
1161 156 314095
622 2250 362085
1153 901 53520
2217 2247 392868
2256 1829 237543
2324 1700 468549
1843 1435 963256
667 371 192789
1830 1878 974250
1390 1133 935681
1414 1078 941040
1140 1833 518113
1998 1918 139703
473 1577 307356
2202 168 718138
2080 1296 31686
680 1764 197632
1647 470 26976
2331 1755 131828
517 2175 10737
1843 1664 667191
46 2372 603242
66 1690 501557
535 1331 78169
799 1446 170314
1409 1290 517347
2280 1123 480999
1195 839 941724
1201 640 548569
1237 1942 728070
1192 1617 78111
1997 1479 621250
551 1420 813076
1256 109 446664
109 743 984983
297 23 826064
1642 862 19126
1914 2245 384424
1684 743 148016
2349 1130 929951
951 422 830497
1343 545 379591
1684 424 365447
1603 1311 189102
255 461 716761
734 695 260424
483 803 760716
219 2384 109407
972 1409 780343
1914 1563 582801
1475 189 534930
1778 922 445731
2399 1714 879972
1529 2055 520090
1807 1809 720396
1724 225 313905
1493 919 9774
153 22 892459
984 483 66346
1978 394 955426
1868 353 622351
543 1160 486580
1608 1582 407646
1944 1128 813838
1042 522 549791
278 387 985890
175 1396 594472
118 465 967884
941 849 823853
1734 1832 328159
419 1690 299001
2417 2274 717259
1266 939 545735
709 2161 770581
432 1920 353378
2129 2251 460315
1576 1704 998624
2081 514 383709
821 719 746152
1710 451 945099
217 2414 197120
1349 1453 668415
93 487 104559
307 1315 727962
418 551 38734
734 906 513943
1403 212 657182
918 37 622336
1554 1028 321454
880 1091 169437
1656 1860 179573
1151 1280 734417
816 1713 108756
1249 2386 136382
310 190 675085
1072 1354 923415
150 1020 689859
129 357 459504
1690 2354 4529
1362 1087 969714
1710 2258 386501
1804 1865 39659
1870 1512 550945
1573 1034 897989
899 748 718454
44 769 668026
748 420 13938
254 541 917113
707 1281 751549
1960 1089 853007
747 2007 177060
1626 2251 698567
1312 2324 380683
349 1227 245862
1237 1709 192952
2227 124 594024
1806 398 5343
1398 1722 980699
2084 1890 404432
1684 970 64990
509 485 875416
1878 680 541689
1510 1913 37474
1388 2047 91156
1609 1009 660227
945 1855 209554
1966 1185 392703
838 1874 608225
782 530 331551
1166 290 394078
1091 1073 579168
1456 783 675495
1650 90 689404
1057 1742 825055
1040 475 909601
1339 919 851866
674 2111 913619
515 996 182310
616 1631 807036
137 492 365772
1136 258 951043
2166 542 418704
2003 186 390425
2364 70 44701
2213 1954 206618
332 1180 563610
441 1177 314757
1713 2045 420297
1301 873 505320
1842 374 459395
2263 206 149931
738 667 744491
492 2403 77706
1371 1688 226612
1165 977 985638
1767 1576 153373
386 920 260365
1502 2259 100245
879 1045 44695
811 1400 879519
2341 1591 111646
855 2068 584482
1352 307 243404
1787 1295 898833
2374 2244 390054
1592 727 35317
1284 1122 294432
673 611 645014
1394 938 750622
1987 74 490471
917 884 824881
1903 1813 972812
2366 1062 10109
1218 1341 325464
538 1043 627489
2386 731 777299
164 1520 646520
721 448 807078
1422 1410 903158
2079 517 533928
2352 255 353605
196 1576 801951
1241 1355 585962
2296 565 957039
242 2168 819471
426 1486 149411
796 976 495635
1845 753 91598
1226 1271 326104
1881 318 799516
1647 259 466572
1179 2395 115289
2132 1394 935029
1524 219 555556
181 1568 54487
902 1292 259118
2120 74 839253
930 2390 565120
1610 148 315437
2306 1065 74387
2102 50 795560
163 2301 69208
207 555 346691
2022 1093 616789
347 1605 379941
2362 1815 106443
1295 2398 899086
1683 1984 141496
13 580 367203
810 1685 932854
181 2212 906798
527 1516 250861
2304 1240 133635
1461 547 875943
1940 1514 309296
184 439 420609
2186 2325 336179
644 1164 758639
1566 2022 260424
1351 1317 662478
2362 893 555198
105 2233 186560
1959 1082 591893
2012 1209 610994
1556 1652 815642
106 1962 848076
585 510 273380
2103 176 29833
502 794 644763
257 2044 627944
2385 308 624462
1939 300 315524
783 2246 468610
339 47 792492
1651 1077 703392
878 1798 409601
831 1612 305353
2215 2066 920487
1277 667 859395
1822 1738 949860
853 1938 477903
1290 2118 834865
423 1734 839986
118 2049 925744
1316 1997 414405
382 2033 803995
1007 1247 965909
1087 454 174065
2174 577 118298
2043 2057 182968
235 1262 335422
2391 1380 208541
352 865 67885
1335 1681 54255
1327 66 136384
1148 162 343369
1562 951 828888
2042 2249 245398
2140 1547 112346
1292 762 594573
2374 84 60758
1493 1979 231884
153 1747 372266
43 2063 980793
1504 1862 340682
1126 1147 531024
1043 83 592608
568 411 21718
723 1477 108712
467 2390 82584
2326 675 546803
2313 1080 471343
237 78 436704
1340 2117 386446
1675 299 833561
262 459 855394
1955 1554 606763
694 2281 260187
0 2303 905406
2400 736 701976
2031 1474 685765
2043 2051 458884
348 1855 4132
172 1496 550885
1520 1601 339545
68 2060 830570
1071 827 452288
495 2398 228046
2123 2159 751490
299 2114 936069
2251 1183 354736
1959 520 353011
401 2119 880845
1989 1737 601870
1773 695 574493
2276 830 349217
11 357 5699
1419 408 408204
334 2268 393813
2149 1050 976039
2220 1958 374700
451 1779 499112
1329 1631 914608
1494 2342 34268
923 1614 542076
2110 1340 603065
1402 2332 9516
1362 1985 730690
85 408 832599
2219 1944 317628
684 551 942999
474 2204 727007
2105 2406 236934
1330 2389 558755
1540 743 848641
2152 1397 837252
1386 1756 627600
1201 1226 854523
1639 2350 13184
1632 2229 186187
1813 2059 794457
1427 1142 733863
401 1075 844758
197 1616 977430
2232 2092 335530
289 419 172846
1514 2224 505130
2413 1156 217328
746 985 413223
928 1195 822783
2178 1245 895728
1851 1801 211078
2088 2414 108346
470 118 574112
612 226 832783
754 1804 761875
1844 2193 980432
604 711 669789
459 2144 705952
1215 1877 757410
655 957 518102
2318 309 315998
1410 2081 793167
440 858 848736
529 535 613559
2373 1097 158018
671 519 968773
539 1711 671776
1515 1126 561844
349 851 608634
2270 1172 463032
2290 111 139682
1279 333 659479
1537 1671 941924
1528 662 327847
1299 887 112747
1013 1642 898162
2171 4 775579
472 733 574583
70 1115 500509
1172 2033 372432
810 1633 359162
389 1400 61213
383 2167 523685
153 2172 709140
2317 1756 246917
560 1307 947925
2056 813 145892
862 802 532778
2005 1866 105343
918 627 384620
183 2102 971814
49 148 155773
1902 790 321283
1578 877 113457
835 1542 155071
1043 398 245703
2120 18 293095
1031 1951 131177
2087 168 26243
1837 2236 110016
346 1489 826708
560 2387 528348
2217 504 717165
2304 945 870310
1003 625 838404
522 870 496694
132 1402 120532
1145 1351 939311
1330 513 410045
1022 1819 32441
1307 399 550846
35 1370 831707
2101 276 340926
1277 1294 385851
1526 1555 452367
1190 1525 847480
1948 1480 790294
798 2148 107213
1408 627 519241
549 1605 767692
2007 1104 320980
1494 1630 989143
200 1897 518651
2016 416 870167
742 1572 860716
832 259 288433
811 692 934617
963 2398 678468
1580 533 62203
374 1548 619008
109 406 858705
2020 2095 670298
342 29 130799
2001 1225 339429
136 1131 737661
1923 469 653211
36 2356 306421
1530 175 760745
81 803 335389
1375 365 362842
190 265 261907
1080 1496 880158
1091 593 53573
2330 1202 247109
1160 944 32664
517 281 9817
2213 1593 720613
149 127 720757
186 734 192931
2199 1134 809947
583 649 334979
964 1810 811529
1750 924 52467
953 1068 76936
1605 1824 475270
150 806 60922
2005 892 908986
2061 2024 55346
2094 1361 22646
935 598 317359
974 1173 962325
1578 947 425675
793 1704 571483
38 857 999518
1294 169 317055
438 2262 29016
1227 985 952410
982 952 598125
1739 311 114126
514 294 544558
384 2289 604502
2332 1891 520550
375 2414 647846
1003 1036 951392
462 1026 286616
1406 382 444811
1330 1301 577221
907 970 81686
921 1973 931526
2165 1041 211246
876 1694 99157
1112 398 104211
656 1316 544374
1000 2237 155791
79 2209 142233
2180 1279 521461
1906 2272 772899
390 1963 290357
2339 423 75732
1564 1439 158154
1021 2090 544419
1832 1809 655629
230 1618 546828
1914 455 781996
2201 111 623772
1802 1445 797528
1495 1076 355037
1070 1125 799783
69 1546 369984
1161 2101 62509
2336 79 537760
602 1793 833688
9 1341 609972
683 1967 536194
2163 316 809167
135 420 901129
1933 704 250356
592 169 661363
378 824 77425
1994 1684 543994
1998 1897 644868
799 2008 533871
507 2022 402792
228 2146 647710
677 2249 62138
172 1665 5732
609 1523 160528
959 950 785892
1640 804 652944
693 1292 176889
871 1013 308349
1397 770 880393
1310 2150 115182
1481 271 725989
2071 1541 392327
325 89 306303
1721 2364 879785
1570 834 264834
565 1676 832121
541 1001 79752
1763 1156 655366
2009 1324 613950
2266 2003 2058
558 786 271049
554 559 560444
145 237 162507
430 1077 638513
892 1205 370817
432 2201 400199
1884 1133 908640
632 938 256602
1429 1077 987334
1483 2361 116010
2010 1935 792109
134 704 22313
363 728 382018
1868 1551 133691
271 2205 133367
843 1237 152583
2201 2275 605356
909 25 874587
1148 1270 164496
1188 1720 565600
1115 781 588659
1759 2280 972996
543 974 567258
1178 693 497180
1807 917 744919
1443 702 747072
1180 1492 637503
123 2102 717335
1508 1231 122606
2376 524 90354
1899 2331 445796
307 396 458535
424 2230 998990
108 700 258009
5 206 132367
837 2209 51549
1662 2004 286959
2411 1804 638067
2120 2165 430800
1647 1991 544821
1348 436 119831
518 1434 939126
534 1035 424171
529 2322 549827
2132 1802 701379
1055 257 669085
744 1060 183428
2267 1603 479052
1120 1522 728713
917 960 937951
58 1927 321219
652 2379 625721
413 2038 658465
1097 1455 550091
2135 2121 621836
195 1521 236108
2147 2298 762890
1911 418 400447
1534 69 270683
766 540 994239
2246 1812 83596
51 342 427476
821 2355 858462
984 2200 298236
1214 524 469797
1318 1918 207555
459 300 545653
673 2043 255560
600 664 374554
490 647 816046
2201 38 142923
2259 38 386936
1232 1172 154445
58 42 1095
1807 1958 951105
1594 1760 869251
239 1460 647958
1830 1844 256450
596 1533 367578
282 2090 952858
1259 2195 526078
2099 9 64971
1864 155 812796
1106 1579 496058
431 649 179406
1909 1213 267090
1140 2181 576191
1459 255 495734
2278 777 953945
1205 1284 992415
1713 1455 313213
1303 425 997395
743 1578 150244
1421 2214 481573
338 226 505690
81 1130 165701
160 2262 893581
46 1742 514735
1607 1615 295729
484 217 118366
1477 280 313311
2146 1858 854562
31 1735 756365
2112 1624 737051
885 2134 376907
2346 1364 108930
2381 939 823843
194 32 401040
1183 2277 143186
340 926 657088
826 2251 370557
589 742 93488
659 1382 868037
2390 588 791768
49 1998 677569
1676 1165 766576
1087 1455 344226
526 1212 164883
2062 1925 586729
508 1099 960051
894 1364 703511
342 107 964382
1417 1493 953472
2235 304 238214
2284 1796 392847
340 1496 61699
890 132 845751
1939 906 954493
1219 1510 7768
2083 1310 24332
1461 2200 375834
572 1126 531713
972 523 701743
1793 571 349550
83 30 700154
112 426 621981
1572 995 596676
201 1129 809728
643 1289 268666
1987 1151 827620
313 640 466041
695 166 463321
1379 2021 600536
311 1829 932906
353 1726 468718
894 1811 944327
1850 460 475821
2075 669 915587
1207 18 420188
1687 2129 500642
1838 127 879920
2182 2291 185211
2141 1082 619867
1149 164 163030
562 1476 531600
168 1653 265843
2176 1147 87463
1653 2027 178334
1963 1314 475006
594 979 189284
81 516 394329
287 1214 847977
1307 1725 523700
1640 61 39122
1914 434 78509
1973 2059 874348
198 2009 564247
981 2346 960709
741 264 764883
1737 756 224045
1129 1514 374641
588 1892 428733
227 1642 660309
1624 2162 888481
858 208 548013
1321 1443 723755
1437 881 929612
228 2210 981720
78 1094 594685
491 860 636312
1094 1470 472768
1980 1745 225122
10 1280 211773
288 1786 212046
1765 955 21370
1292 2252 727435
1569 1899 558841
1619 1318 379960
1973 946 596566
1092 2018 396634
819 942 853054
783 779 683212
858 1795 10902
1409 594 10705
1057 539 292824
2403 1993 819858
678 1459 698056
1940 2402 529136
1542 2391 647018
1794 169 406185
701 1351 783489
125 1352 429266
956 197 797762
649 1742 422761
167 1060 22289
450 729 748553
1681 1477 96872
742 2122 499074
1570 1209 106444
2138 374 384380
1002 2211 25621
2094 1008 244214
1102 2070 788036
1472 1422 8557
47 1306 443144
2246 703 816821
221 1636 613221
1047 1572 973058
235 1028 821093
1662 1731 160747
434 584 674978
2033 1883 704030
871 2388 942796
553 1309 323639
2151 1556 389613
391 19 16873
2392 794 175107
1035 23 905947
960 558 731492
1537 1568 278410
2415 1564 364351
58 1795 854073
140 2058 933234
1159 769 852833
1394 1626 651542
2103 34 103450
2009 874 398227
2006 427 418852
622 731 695886
1292 604 199797
994 333 691221
1673 44 308523
777 1706 821887
1285 231 791718
351 1991 957699
520 336 960042
1508 2001 104223
1620 963 812865
204 1782 984510
2275 516 853102
758 204 299095
582 2400 909963
1635 713 232099
1601 2332 962609
1607 1134 606202
1128 1972 359437
978 2237 24394
1037 1125 741017
728 1027 52107
271 1510 505834
1089 1875 225263
1678 1878 685553
2025 2188 323080
807 1594 138989
969 998 147837
471 1247 730969
812 985 80750
222 606 238311
1571 1984 537884
352 1712 272706
188 543 317040
557 613 64229
619 2322 850090
1356 1001 102256
588 791 848602
1385 26 184607
1524 1880 39927
342 2070 333346
1295 2406 369437
300 580 523265
985 775 503448
423 1463 504575
272 2360 400012
927 1873 463321
42 1231 329239
1673 785 888964
1891 951 224229
195 192 466457
598 488 318263
1241 857 791325
2012 555 650004
1845 2069 909350
570 519 778008
1307 2036 293251
812 1180 821733
2078 2117 552363
828 370 106550
872 1352 597885
1719 1903 537223
2260 2177 454139
182 2222 674135
1692 2167 120531
2335 2109 100209
665 1149 262707
1825 2245 990355
812 1224 485796
1380 1724 65145
2266 2210 280570
1955 1013 738573
1915 1730 352543
186 1398 571273
2053 1592 448236
1429 1131 379638
490 1061 328061
1125 1574 577525
1219 1940 14522
1326 1752 244336
383 1510 100606
2200 911 136850
431 1924 357462
33 930 223403
2347 2190 971018
1644 1932 749438
958 1004 261637
1817 2382 125184
1340 2298 778670
133 611 694408
175 1762 784683
229 2226 780145
876 395 824091
343 707 661151
1258 2286 386826
999 188 446488
1819 720 699311
2228 31 992079
1403 173 760648
1517 1659 495656
1056 924 36430
428 690 985307
1634 89 324286
2238 1800 536119
2397 2384 678502
1930 659 405799
2131 1888 337486
90 2246 851886
503 809 612921
2418 1004 662478
2407 2013 666363
518 61 89374
1452 48 245514
2190 1294 746311
724 2043 545851
710 2323 180722
271 1629 146454
1569 265 10892
2007 1717 873869
1909 2246 527598
2357 275 395147
2151 1532 538323
2236 756 48987
1898 2304 82912
2362 1579 72990
1500 1531 645832
1528 1529 395643
1852 443 879294
567 1158 289252
198 150 207674
2113 98 260432
2011 1909 368181
242 437 67234
560 962 740108
491 450 882526
306 1455 380435
846 1977 623124
444 2058 815676
2386 2311 996717
1435 653 686366
63 1988 175361
1732 2265 445188
1950 2364 553180
1267 433 968866
201 2016 472819
489 135 284095
1551 1351 585127
1181 2129 665325
1323 1649 175614
1398 2197 414859
2006 1073 821147
1330 1994 193243
631 2002 267001
1217 2097 51358
247 1129 911513
1462 833 6430
2089 1235 239201
1674 1605 113799
1206 100 101158
1129 813 534875
222 1585 467385
718 1145 311000
2196 1844 667219
2190 129 513890
1325 266 992776
1357 498 927518
1444 1110 302591
51 223 82699
1934 18 452241
932 2164 785241
249 510 850843
777 275 968417
2325 2003 625465
590 729 202389
1941 1306 844875
229 1611 64069
421 413 118256
2135 1317 4340
45 1338 823162
198 1849 295148
1578 840 198893
449 1636 213397
1387 471 46554
699 584 253010
1641 1088 730557
2375 1985 881316
545 1351 209932
1951 552 387222
1467 648 413984
1019 1530 97290
2228 1443 554460
1261 1310 117630
814 1368 240821
246 765 118489
722 2066 950039
569 1857 583676
2171 635 925745
1998 2102 907809
941 1944 363120
1852 1006 885398
2300 635 902481
1233 346 362903
703 74 248961
1306 1346 117326
723 893 27587
1746 1881 608235
1368 356 168920
94 1303 301386
1899 1375 335178
1706 614 974008
2159 206 405149
2077 1859 523461
1984 1813 377232
681 1170 138692
1047 817 818852
806 964 377681
764 927 994938
2216 2219 687769
2317 2065 200955
1133 192 285634
357 1313 511817
778 1105 870087
503 1805 174923
2326 562 133542
776 1721 17195
660 76 10493
769 1101 447215
2104 1930 855595
204 1602 644531
1427 295 728726
1568 853 552888
2003 1483 345438
1113 1375 891150
452 1574 189097
38 443 905105
1968 777 250113
1032 2051 929394
1693 1313 363411
415 2213 415385
1366 1412 622358
814 602 156244
1004 392 436924
1455 1673 447750
1410 1506 395052
269 1895 225715
406 677 603861
557 1275 145428
1886 1666 278036
570 374 885777
1626 1409 986934
1788 1352 555886
559 467 493493
366 1176 654999
1938 1774 80326
556 1732 13072
2339 72 551247
807 1961 929009
567 1397 235012
1432 923 45427
2297 1567 20708
2201 1043 848837
1443 1497 462072
2294 1678 919606
1127 467 595806
2121 1607 391270
811 1718 464687
816 456 655334
660 1900 768602
1239 923 400753
1672 736 622095
1967 953 119602
2080 27 677923
2164 652 494394
1695 1230 706982
1876 1244 440915
779 778 123148
2181 1912 725095
111 1522 505749
939 945 423744
2202 884 405746
2143 539 987723
2360 712 138835
1679 432 448783
1583 2191 593
617 209 692205
1347 1502 186162
1020 1513 210250
492 1408 947466
132 970 47092
2338 2362 475711
1149 1728 597278
1781 402 992899
199 1611 28294
984 985 783691
1655 2172 85760
1902 1942 940258
2084 128 702411
2373 707 59254
1298 1724 358698
1256 1382 418640
2297 2100 583138
1777 2265 791089
328 1425 429106
395 911 519227
1399 563 834392
530 994 813572
1934 948 328149
1496 1492 396955
1254 1663 678356
1842 2406 897922
2019 473 670865
686 1038 208361
855 172 764106
742 973 590526
1781 1314 813425
1834 88 195793
1406 463 564275
1890 2364 617684
890 1286 269465
1628 899 48844
1031 582 260978
2095 991 486822
435 1184 694211
1941 2250 612527
1018 585 781523
141 964 232063
401 941 370600
1046 546 490618
1183 1951 634463
1555 999 831646
1165 689 305268
1488 1609 343043
1727 1211 2341
2319 692 766065
2025 404 810931
381 180 489298
1924 1067 438673
1127 1755 934959
717 1985 200111
1952 272 991548
608 2345 370226
744 73 197497
448 1683 868952
473 2035 727953
79 2383 60689
384 1762 483977
310 2083 595612
2247 1204 221977
403 222 195916
2157 1409 587541
2273 545 499253
479 1727 811637
660 1036 667329
459 523 735881
2056 2325 515615
1110 2175 463737
551 2074 197966
1269 493 684318
1383 732 127151
1791 229 978544
1717 545 792705
2187 1177 608614
1236 1125 128387
1711 1662 814788
1175 141 432201
2003 1609 563985
1027 970 211145
631 622 474178
1192 1444 543859
1436 1844 300808
806 131 235295
1581 1848 168724
915 2104 934752
1045 923 260382
1117 194 947210
590 29 285515
1187 1323 35130
191 354 16054
305 2215 929790
1193 1468 950678
1977 2283 965280
2251 2360 428806
333 1808 340300
628 427 656920
129 1806 657240
1997 1272 701605
1521 1886 39114
816 921 897207
1269 655 72037
1969 996 724746
1534 2281 410030
368 1759 992473
2240 473 541216
1879 1589 508732
222 1938 917477
1898 1314 396962
1128 178 981484
1290 1918 771247
30 1538 630166
118 2395 858705
834 2402 153021
2277 1706 293166
1742 2316 619303
1749 5 53067
923 921 974801
163 1957 314296
2333 1634 82443
1472 1016 615527
1346 2315 324521
8 2094 583283
425 516 153772
1471 294 654740
503 412 140379
1016 2298 665069
1544 1875 521036
2082 2287 103517
521 1286 295846
1365 1206 928510
1187 2074 767959
313 1884 213862
1284 2107 640416
2075 2171 417118
384 1801 977126
779 1014 563352
684 1887 165455
375 453 832324
1510 629 182711
532 1465 880769
871 635 736319
1525 23 830241
1008 1803 193350
1851 50 448585
715 938 797484
1475 302 650319
1130 2171 361817
752 1749 674265
1664 1902 133660
1134 501 90011
1826 54 780301
1859 2049 250275
1147 885 196864
1924 233 796171
522 1942 967918
1646 188 631299
1393 1540 706780
1558 1722 154305
1613 43 463936
2101 1226 422553
623 1182 592557
214 970 896372
977 2196 621675
2392 2016 654178
1027 2235 748384
257 1226 777200
678 109 84692
138 429 164010
2256 1090 979221
686 1482 200307
2163 2073 805531
43 837 862505
665 587 966561
314 1683 140855
326 2407 657204
66 691 294796
181 1942 267294
1500 716 945821
2384 2125 55093
2163 513 552504
321 619 216883
974 185 331355
355 15 982820
1658 2097 223889
1148 1808 358404
1715 1562 908305
324 787 836227
564 438 903675
656 1067 435162
2043 1821 674402
2059 13 791125
869 630 551871
1428 136 778572
255 1617 580318
1637 1543 408214
293 2119 820816
176 1983 648370
352 65 457382
2250 364 226383
266 1113 14763
258 2157 331163
2361 2186 392325
1698 1356 686291
146 1958 526165
1646 1779 603721
1924 1235 228977
478 1763 870941
2332 120 760680
786 1714 735563
1214 1505 621183
1150 265 880433
470 729 855251
427 2128 45787
581 2189 296165
209 1309 487518
2293 2059 647742
1047 839 291249
2405 561 991702
1756 722 491490
2058 188 1333
2368 2080 552939
1328 417 505290
1613 272 43240
1917 309 974258
1862 1128 556886
1543 18 60788
1483 1849 249300
1942 1693 840700
2110 93 712369
1379 1515 275093
668 549 807352
1533 2376 370256
1614 1678 849675
2050 2161 719828
27 2262 697112
2065 77 697617
356 2380 891471
1263 1134 141100
513 678 966622
37 1191 826751
2171 1640 89539
1856 665 763185
620 414 382108
274 1402 658326
260 501 121132
1958 2128 515923
908 1887 100369
1681 1457 895956
2125 1801 228342
2037 659 39035
302 1489 706959
877 548 735479
955 1716 780575
1139 245 120020
1657 1364 297386
1509 483 507074
28 239 397024
2249 1355 333454
1967 329 612729
926 2015 727291
384 1458 590967
1580 1214 864724
1356 1205 230134
2020 1017 339058
1717 917 204463
2021 299 300886
1880 1906 212328
774 1513 210747
492 463 892377
2254 563 929568
2254 1574 501141
1668 1185 672288
1583 910 757337
1558 437 322885
1458 33 330365
1162 2162 158864
397 1381 271314
1883 505 914614
1356 1615 378034
1480 1926 562683
1836 2043 422117
1523 1210 412678
1647 2406 925482
1142 2235 458444
1668 2168 319745
1647 2105 882330
959 237 460072
2214 154 313538
1063 1714 769410
426 833 33440
58 1595 269186
2304 378 449794
1481 1466 135
950 1221 626480
1900 2193 472884
1313 1816 761887
863 1079 800689
635 2392 959260
2015 2255 804596
2179 347 57768
1518 82 466266
1393 1617 228912
1122 298 804951
739 1808 780849
1356 280 878033
1003 1615 817364
1501 2119 356778
2237 1545 99898
1092 1832 698397
157 154 404241
2046 2203 330449
1528 1430 722020
406 2212 505390
1545 1131 998443
890 595 228221
91 406 551912
352 1205 321564
1721 729 638152
2243 185 147024
876 1220 324794
1467 1076 308562
1599 1575 614724
122 1311 399595
1975 325 494105
849 1515 790274
1883 2214 35831
2415 1587 414837
2052 1578 364022
2335 1936 70703
1426 2314 450474
1837 1316 392883
1664 395 94869
350 1141 149713
2004 1606 839572
378 2278 752446
872 2067 817798
904 2294 173231
1343 1779 491448
362 1617 181897
297 1138 199060
1842 2161 549763
573 1926 493017
2279 706 865175
1154 1977 728791
1161 1395 159113
253 2125 1674
1866 37 417020
1682 1043 288376
1179 897 23346
471 1863 708339
16 2035 514348
254 1424 259819
1427 1789 994651
756 1474 421392
603 699 550026
2239 716 475029
1711 672 440010
1097 1229 25084
210 1390 375366
745 982 351674
360 996 510942
1785 2008 2389
564 994 163552
1204 1107 135692
1038 301 945186
144 1861 273918
1371 1416 757984
2214 80 336337
2383 629 893383
761 274 704345
2249 1638 418363
204 1835 309041
907 561 768046
1383 391 574185
268 40 886378
1854 594 842900
2204 484 494657
1819 1968 169161
1622 291 573686
1510 2066 602348
557 2104 187342
329 1711 99362
300 1728 365877
1856 2284 196672
1145 372 571809
2032 2099 647711
569 1547 231419
534 735 486041
2076 935 771985
2141 122 330800
929 1639 631496
1609 506 665598
2414 1617 671651
2060 319 607804
202 148 329906
946 1159 673397
842 60 960981
1409 372 669862
1349 1472 839426
554 2005 979289
1366 1424 943318
1904 485 218954
1144 475 298579
1670 1181 88076
1356 35 405108
583 886 295827
388 687 416832
13 1762 193346
2230 2232 947645
312 196 432156
2414 778 482571
1574 1878 475879
666 62 766286
798 575 805806
1444 150 42587
1575 632 958592
1627 53 885642
1938 1723 118079
1915 1256 113205
763 1950 534771
880 984 843345
1257 2225 958872
1905 1377 665369
2260 1567 770258
303 871 73757
1124 2324 589605
343 1195 422667
67 2197 433137
530 1025 414288
483 1708 355926
807 1343 723222
1760 1038 970129
1914 1830 68374
250 355 358024
426 2187 65776
736 2178 229326
1953 556 854435
669 2373 748324
641 1258 45851
941 111 241487
320 2406 932502
1089 687 119956
1557 1118 792660
185 2050 992279
2052 317 8264
2242 30 375203
13 1105 844237
739 50 754694
1969 1633 55307
663 1291 243122
800 2280 51905
2111 1151 111635
592 14 760345
160 121 524742
1046 914 605977
1279 1754 397090
1947 2363 361782
1837 559 270853
664 1994 403028
2334 303 483370
1186 386 533689
1518 240 192531
1578 1887 807848
507 2076 921450
1459 156 695195
624 266 281302
5 493 106560
963 2151 649453
613 2252 720231
1455 776 681420
1340 1804 18469
1294 790 777134
145 1262 989871
1387 1268 517627
1819 2038 170765
1972 306 975328
1738 196 751353
1246 1515 171586
936 2396 691072
1402 468 144945
892 2171 40564
1583 464 80907
434 982 901663
1998 466 558902
2329 1936 362329
1415 1554 856186
1877 147 928428
1852 2094 747187
1221 1707 803957
165 965 680005
1256 979 630354
415 2354 632325
1686 141 837837
1722 2039 452284
514 308 200392
850 2287 373551
325 434 69620
1930 917 757261
1013 644 774149
16 706 984571
2293 1918 398898
1090 575 50552
492 1437 468237
632 821 907512
1158 1195 444780
1252 815 583404
1846 2029 393556
769 1708 928985
1141 1906 53290
300 450 205248
1164 656 310319
2149 1899 135086
1224 1527 562937
1549 125 845516
606 385 115174
917 616 734642
2383 1656 158702
2073 356 209043
648 330 297722
1495 445 604152
1322 1281 322149
219 2381 822689
1346 1853 719739
2370 2304 177063
2363 2220 929825
824 1550 971620
2306 1959 292557
1935 1870 362911
724 1421 466282
670 2292 328732
366 1095 66146
2195 625 195201
1247 197 479
1910 1719 967429
2124 1362 535996
1402 143 991387
1422 1998 890110
2121 620 924455
2296 1857 731583
939 1924 843614
202 1375 398931
1833 598 175538
270 1083 843628
672 1943 379683
1226 1945 924060
1048 884 778662
1947 1141 902316
490 853 229210
203 586 633836
1971 1073 730203
963 734 572041
79 1540 634865
576 2055 917177
53 442 304592
2094 2078 659500
1856 2379 718434
669 8 821048
1441 1047 864611
1623 2142 58336
1539 862 3867
140 1699 612831
896 2365 851624
2087 2079 159975
2137 533 336663
1004 647 91455
360 1033 523753
1603 1546 438941
1570 270 822956
1266 1016 897294
2381 1632 91501
21 1185 990133
1625 1097 313137
844 2298 243425
1080 1832 714154
1876 365 103136
596 1375 926183
2108 83 280587
1473 503 408824
1207 671 48804
1915 2176 867755
42 2038 519205
977 307 73926
383 2147 732480
97 2417 655305
1984 854 593303
940 68 439345
237 1265 131300
520 623 160349
1576 1660 648829
452 860 125597
2280 1099 552980
18 784 457338
710 1762 588767
870 1523 904883
62 2408 647374
2312 197 580007
1392 1000 53574
1692 1251 537523
1869 1026 451309
584 1644 388809
1666 1208 282505
680 1857 248100
1727 1488 281999
540 1335 919505
1496 178 170169
1786 1054 9737
1865 1756 98651
747 848 977398
463 1821 525669
1178 740 533906
1680 1118 901564
1663 763 266880
549 1117 696359
2407 156 115588
903 1036 838867
1511 366 972434
538 590 6416
51 719 558685
2198 2114 977712
840 737 889545
836 1898 583621
1104 442 742398
2413 743 141106
905 895 319214
1091 80 761380
1189 724 592452
632 1405 960733
461 509 707206
1665 526 604771
643 493 925664
1703 1117 490502
271 2282 290811
922 228 282899
724 1623 951569
2126 303 564020
2308 2167 548368
1992 1380 259457
1271 1807 990217
1522 205 483612
1995 419 717229
802 579 674359
316 1319 7955
1101 1508 738754
158 2285 427929
1487 195 930447
774 185 793920
2018 816 25878
1628 530 172374
489 898 532498
2254 2379 268889
160 1410 313669
1264 1867 354906
828 661 588999
768 357 30161
2374 1394 574582
1440 524 76718
469 2244 787057
1286 1545 550320
808 2061 898098
370 438 27925
921 203 911917
1469 2173 181006
2290 1625 995176
2389 2404 497313
1076 1045 55712
105 195 29393
1737 1944 466818
739 1175 661171
1934 567 256593
77 2164 816790
1306 1891 575784
1627 715 636641
989 1314 74014
195 1140 966833
295 2249 644258
2020 2365 967010
596 614 291917
1502 2170 588912
978 985 150537
1262 841 34511
1147 1167 187542
1108 586 310302
1723 246 79026
1439 1715 427656
1944 1436 95121
2078 1756 228013
1222 2046 360233
759 322 978326
1313 2374 57537
2157 1687 105689
879 659 304695
1101 2121 174890
1213 1542 532409
436 2206 332907
1308 1843 634639
1432 391 743613
709 2156 493383
1198 2047 993344
1372 167 294205
2005 1627 704608
235 917 122
2073 941 659799
1076 61 959163
314 671 891004
1374 677 674737
116 468 436102
1146 1698 398613
205 1160 792779
1673 1475 133708
292 2157 90940
965 1461 996204
2012 1537 708490
1142 933 105754
1390 1299 489219
2278 2195 122513
671 2297 332410
2265 1161 205397
484 824 794710
192 939 281537
1377 1437 685906
2236 663 363015
1667 24 16832
937 81 165266
576 986 947123
2265 502 979820
446 468 579971
467 966 90495
1234 2017 89676
2269 1572 979307
1474 1596 538681
2094 2285 158926
1290 2014 850272
2418 946 23988
1715 1174 704279
859 926 278311
1940 1662 869567
431 1006 536141
1685 933 303190
1184 79 960111
1704 971 610633
189 9 111788
1893 1357 609464
2399 880 547952
1919 671 802521
818 1146 612532
1871 2172 943665
2378 1999 943394
2011 2077 354938
120 2391 325394
1119 26 533435
1439 378 157915
736 934 17049
984 469 169189
131 83 132988
1945 1988 49357
2062 1497 170914
1150 626 622154
1357 2315 723863
1504 1472 615793
651 1680 541992
2412 1238 811285
107 2281 545074
1697 1731 125210
2128 88 262588
1485 1576 396906
1893 1954 235695
488 1337 810195
1856 1186 665276
2156 1005 972430
753 2378 798514
661 289 564306
166 2093 236783
490 225 498387
706 145 298935
2079 2327 951638
1579 1968 597385
739 1767 571694
1925 354 868661
1353 2168 771105
488 98 88441
426 775 460369
1700 1764 59333
769 1302 899120
1002 630 148121
2142 147 686413
1528 1547 756804
743 1136 637777
2339 1832 353930
1997 1764 113549
1886 1279 547020
546 897 94169
704 2016 358923
1950 535 265534
1547 1912 981250
993 1859 137796
553 147 70749
246 930 808840
586 2161 91433
349 1122 149037
476 1724 571367
2349 581 565709
1089 1286 106718
1063 1719 127960
2269 1371 590514
1883 882 345057
879 1640 122963
1429 1878 61443
1741 82 878184
1255 106 477541
447 1919 167248
1365 198 492736
210 1258 736451
1259 1227 324988
604 974 530162
1404 1777 958985
175 1100 728278
1609 475 891617
144 1512 800714
1498 1478 282269
2206 991 904870
1245 1491 890416
642 922 449108
2039 2290 278283
1574 23 512166
1977 675 877843
726 410 750556
753 2130 133497
1233 2152 428401
1876 2019 436467
1480 493 346883
955 1474 808584
1042 762 753083
85 533 507096
1926 195 994034
1863 1909 378854
1372 930 625573
1974 1198 555335
118 1810 31653
2347 2180 490144
605 1805 402312
1242 735 157827
2126 1007 903714
2123 2094 251236
1550 206 347445
2374 168 212234
1690 1065 532043
32 1870 586572
1451 1752 645823
1109 1789 506994
440 1935 691784
1480 1855 280842
461 180 778143
1721 53 756014
1619 53 471214
1768 709 725758
1519 1349 432934
998 1632 449156
1589 1183 376619
130 1262 87946
952 559 925379
1434 1932 105133
1035 516 712910
2274 1235 126404
2214 1851 917991
2155 560 426520
2213 398 441580
891 1318 681780
533 852 295148
1900 482 976347
753 1890 187569
176 1748 180178
347 1653 48575
616 722 844870
2143 993 734200
1666 377 445331
132 1290 978164
867 2002 305819
71 1175 683693
1224 2367 436269
1286 956 207403
624 276 39854
912 1759 441093
2377 1136 663968
1458 1098 24616
1108 994 462854
919 830 537279
1566 334 396840
139 1432 830775
977 1493 592651
649 369 538273
1207 1037 16466
1853 1566 585597
1126 496 701049
1991 77 49790
1988 525 956239
2344 1495 90696
1582 245 58713
400 1219 266265
862 1063 954264
476 698 393751
472 1191 217217
744 282 975715
500 7 414101
2328 845 681780
872 1999 359502
2379 846 179449
1624 1063 602246
655 1592 472338
1092 118 489416
739 1274 928068
1979 2067 301683
173 2280 234486
1890 1235 423847
932 234 407128
1206 224 266019
481 10 940349
300 2367 940931
1464 1123 592399
1935 1478 555653
1415 493 129608
1393 1677 658645
988 339 534484
1499 342 317154
1759 2320 407331
300 2165 908120
1236 606 925601
899 1810 232236
973 444 895877
1491 172 101429
774 851 576335
113 1387 436721
2268 1920 159075
612 2001 536535
21 1613 941203
2089 1221 302144
466 2291 920123
1433 1746 261819
1783 2091 419688
2156 1370 287746
1340 554 803965
600 777 360381
771 72 600564
2111 1873 82734
1638 261 807866
1794 539 825487
991 461 271465
1670 1253 111228
729 1555 879845
582 60 490852
1324 1160 229202
720 332 872981
336 2219 993486
1290 2262 849716
2270 1253 665419
1524 1381 334259
1053 652 47521
1975 1884 322091
146 1509 176242
2360 276 747973
80 931 497561
1193 1642 88208
921 1191 645917
576 1137 184339
2238 1674 763900
1163 716 44647
1733 2281 861980
284 829 551277
1024 1215 726161
755 1954 586245
2081 232 690187
1046 578 36534
1644 2067 238874
855 2133 318695
1833 735 67978
446 1566 920950
1216 2027 352239
193 1635 256488
960 2095 124140
2017 570 783875
907 1931 215725
429 1350 213537
2085 2356 584296
1469 1411 388916
1657 630 627909
431 2407 115338
866 1771 163521
1391 486 563155
1031 680 246548
705 1443 330899
830 304 310319
1718 1544 798826
2354 320 279089
608 1259 234289
1776 1916 36890
696 733 69070
2105 417 602478
939 1226 268356
1477 1727 937869
315 1851 765972
1835 729 182073
1721 375 463450
1814 930 548826
0 1037 798873
816 2146 386954
1249 1698 899484
77 1928 830153
310 277 500768
633 2400 297860
550 1435 162204
1879 1330 465007
1893 2097 340951
1529 2413 865660
48 2 649854
278 2049 670312
1501 2037 670842
111 2344 170817
2060 1492 891073
1866 1199 455081
2278 395 707993
80 225 252799
1991 1689 290075
1603 1256 66571
1025 12 265747
1498 152 691419
2018 908 683864
2033 217 227935
940 2234 24231
717 1180 87339
605 416 584779
570 2280 805768
1142 1214 809510
1059 557 326385
419 1456 139389
2024 1647 767684
1619 665 24865
198 32 451484
251 1201 331941
1555 816 702706
150 160 258466
2126 175 430274
2377 933 40751
245 2221 938571
56 2293 724749
1475 1639 945923
1108 1631 265106
1267 572 723168
1312 1711 491069
697 1889 838524
670 1323 354832
2018 1593 822633
744 822 488820
1488 2248 476263
2285 1876 885009
532 715 707267
393 1836 349274
619 2332 817693
1318 408 505181
2205 2229 649793
2247 148 693365
2067 1747 305830
1778 2141 974604
620 2096 549085
274 997 343457
764 1969 56167
1947 165 483866
2281 2381 170822
383 11 861194
2165 2098 56868
549 2037 858623
2251 417 790939
1093 2015 763392
488 1866 601735
690 1603 450765
1455 1637 736899
482 658 265570
134 1419 141539
2406 880 385122
1265 1127 692401
1001 1358 315505
418 673 346929
1259 1215 533520
1205 2011 145946
447 1739 344704
341 1986 126050
2124 1515 907722
1765 2092 360409
23 1138 526944
1422 80 498462
1944 1634 881187
356 282 643708
2385 2327 806820
862 469 881738
2094 1261 128572
1136 519 21611
1378 278 259176
2164 1757 463432
98 77 452674
1143 977 332189
898 1682 667928
2340 893 63195
378 1597 624718
1617 1468 730427
695 931 361
2095 1666 188466
827 1675 535695
2346 1143 8704
2277 563 953712
277 1143 335354
189 1508 233638
1405 1375 808960
2145 2149 339159
1398 975 847927
424 1219 491934
112 1027 656036
909 72 136027
1203 1994 341269
1076 850 395234
1440 823 812115
290 910 914836
935 590 782296
36 472 276369
747 486 905553
1927 616 488293
186 2221 866789
633 1990 557329
1220 1732 472010
759 2197 923527
716 953 256058
2247 1225 258336
521 1856 647424
195 443 851057
192 825 129544
2235 2323 987151
2060 1485 925850
883 1543 35101
1624 1398 921171
461 271 576350
323 1816 49898
2231 613 680023
780 1126 108918
317 146 472345
1465 285 957533
1404 65 723202
1199 1727 631112
909 98 635757
2089 8 388766
1658 1601 196142
776 388 518233
488 940 794938
1932 413 137314
2108 1345 591944
1944 1592 77880
339 1233 160849
2219 970 818368
2021 46 923330
1890 2130 509992
226 769 218183
125 2166 165877
1674 435 508931
208 815 440979
1675 414 142509
1129 1906 408432
1011 208 962110
392 272 295916
2322 1341 617012
2191 1138 420358
299 945 272865
2075 444 347316
1439 2039 418084
1172 1475 46697
1911 494 652720
537 560 909568
2254 2148 51191
1904 1379 932972
863 103 919237
2337 58 787199
1467 96 547737
1042 288 837193
100 1878 325286
1100 1484 584672
1781 1082 15689
1990 962 997350
1834 1956 872026
1004 1851 955513
736 506 655283
1726 1109 577647
2361 892 394941
1491 249 87877
1931 228 678802
41 831 394739
424 1455 326575
434 1845 669611
1842 461 213847
121 2247 829769
1724 984 610912
1548 2193 273525
1596 51 963911
993 183 103621
1967 1192 884298
98 930 588942
2407 283 772723
63 2052 136598
1810 1843 535868
259 1358 350024
196 1303 209329
1362 1631 259459
2229 243 253917
720 1413 553362
2208 2249 578441
2001 1287 459671
224 771 202087
2054 2352 895920
1404 2004 333296
1583 1333 842512
1276 1146 116409
816 275 65062
365 1613 856325
1236 1104 828257
829 503 619871
1891 1014 809647
623 1156 694130
422 450 559442
1896 723 559390
1886 378 169623
541 1503 360158
1382 1975 324266
2282 577 766748
263 1797 310680
2195 660 464589
1456 1235 817965
2076 648 235694
1890 2321 13186
2152 1651 725642
81 45 965438
1565 978 446665
1152 1228 701430
1069 1803 666872
301 1731 73609
1898 1910 499432
1453 727 723308
2405 1094 321521
793 913 584805
1635 1576 744632
2360 1194 365445
731 2149 891182
830 1429 228493
1945 881 236891
248 1334 616426
1799 181 4851
877 40 546218
1458 1807 230906
231 396 793074
2175 1686 964034
908 1391 249077
712 509 786338
184 1757 435790
964 1593 429416
1816 214 515496
378 1805 495502
2357 1363 64256
2359 2392 845676
471 531 49368
357 178 553616
877 1339 213315
793 2205 711767
202 1137 153877
193 440 596484
2047 555 961171
82 750 323482
161 525 641692
1139 1350 265395
693 1111 428595
817 1408 36418
1652 506 725576
115 1745 65389
939 1546 832851
1893 32 971739
2198 639 22892
35 360 479088
2006 813 239224
508 1921 456373
1226 1900 669624
2187 2022 510800
2136 2209 350341
1244 2399 207471
1611 1227 588181
1317 225 520365
627 2151 367531
353 513 368433
121 748 329649
1307 1808 239179
1531 1856 456050
1162 445 409704
1188 1120 676113
147 300 889904
735 1709 411464
1930 1998 779230
2349 1628 743714
885 2351 480959
573 1079 865286
1992 169 904479
2081 700 561702
2098 1771 529985
1864 1402 564345
597 1356 829033
1728 1911 922726
1049 2062 42777
1745 531 816268
2205 1737 801635
336 2288 699725
2215 583 482342
700 2131 498398
2406 295 636045
756 1825 71017
1741 404 711909
29 631 81121
1843 637 121751
429 134 993048
1587 439 717125
603 1971 4494
1081 2241 622113
1579 1014 145343
1123 1427 949614
841 1396 163817
125 776 461611
2264 2015 986457
1643 425 375156
1917 758 115668
697 1596 727660
1199 1141 866444
186 498 389265
122 997 788548
753 1922 668304
214 52 747105
1723 1932 2077
768 413 714563
686 391 496979
665 1678 304015
1217 905 666097
1651 244 745176
397 984 249700
1655 1943 778024
1809 618 586817
1266 1636 590123
2404 1978 162892
1528 1900 711184
82 173 850373
210 2164 970444
661 2331 422648
679 1573 674246
1702 1741 431299
176 641 333289
1345 806 97778
153 2378 811840
2417 2123 19588
1143 2224 993521
500 857 896013
2207 921 790898
2197 2009 882632
1117 2128 590926
452 670 721896
1628 972 262570
2047 947 236077
1396 1577 755565
1305 1578 378033
2163 22 687388
1646 381 96816
2115 1508 704290
498 1387 839603
2418 364 738217
1900 674 370529
440 437 152943
728 469 126363
168 119 848519
1985 1768 804986
713 390 162959
1552 210 105133
803 51 709918
2158 46 558944
722 1740 575367
333 53 148546
1316 1632 527538
844 123 158308
1414 1900 380649
268 582 346690
2055 1662 231845
447 943 135971
1933 1448 802386
1878 139 110396
1893 1710 486742
1440 1215 482741
1722 1184 562012
987 517 787254
1761 39 838161
1244 772 890305
1131 1828 15384
1484 1937 360726
1905 2288 422096
1365 1413 256445
845 2032 195678
833 842 375726
2259 1148 884260
433 427 429442
1586 1833 514685
2105 1613 887115
1938 1074 91598
1647 185 327871
2197 207 883964
404 1891 128494
730 658 516152
2180 1553 773231
341 546 579302
1642 99 547180
1339 1060 283790
2393 54 58363
329 2236 508268
552 2304 631941
1610 1186 66982
452 1099 913158
38 140 604013
693 642 344308
2223 410 243776
969 2221 106657
1424 2157 124629
1476 1491 273677
986 1097 152812
329 71 346394
523 220 280984
2129 137 950780
136 18 804469
1797 845 122137
178 1832 851189
1965 941 34940
301 1989 913072
1148 797 900476
1519 2062 281557
1803 1341 363294
20 210 103461
1862 2206 537086
1872 288 318654
1787 600 320458
1885 1088 298271
1794 2277 604488
386 339 168156
187 755 222761
738 1994 932378
570 1105 790246
1782 1963 545248
57 1348 751016
1803 2283 924571
1504 1301 798171
1306 1066 813285
2271 1842 287099
1449 1326 287340
1556 2081 98930
1143 1365 470780
293 421 195918
1900 1373 141981
1787 1971 522179
1456 1293 64213
527 2066 860644
2131 746 342762
877 1120 274715
997 1673 475877
1146 95 731690
1496 1498 641335
1768 1176 958067
179 915 675151
1893 565 617358
1624 1964 100982
1371 1981 602850
1743 2087 828408
1630 583 5096
2072 144 170431
1524 1717 31329
774 725 17874
300 1388 724404
849 285 822643
482 2274 937316
683 1646 742366
2142 2335 986190
320 2193 234029
2342 269 737614
79 789 772065
11 2109 3588
1975 1945 903719
497 1663 445397
2227 588 853194
910 5 523137
1448 2076 289553
1291 2373 971022
2249 2076 98900
2207 1697 454023
2097 2376 733019
1568 624 831998
1922 2249 35177
2243 79 445738
1962 1175 187199
1835 2292 301239
761 130 609673
1672 901 18310
662 373 709521
1603 1002 4960
1796 522 64382
776 1450 699093
2150 1274 468787
1314 1475 224917
746 2212 338591
2386 1772 89637
1975 189 636084
25 895 985956
1267 124 730386
2134 331 413923
891 704 984118
1775 627 407607
645 1948 942046
803 1843 410312
909 167 938258
462 507 743037
2203 2248 787298
847 647 640762
1557 159 811351
101 972 859267
340 897 384631
91 519 204315
320 2387 383097
2268 394 664260
1078 836 449441
1870 1975 658420
1470 119 497079
691 620 843267
2157 24 807335
763 1235 55964
1692 2134 294426
569 9 837159
976 2379 292330
2031 1184 237876
2076 1627 934306
1456 941 784372
45 241 344312
676 709 279211
264 144 342496
1166 1802 820930
1805 675 658598
499 2117 243066
395 2090 526278
1682 2098 639847
292 1638 685780
188 1404 99662
1807 1117 962948
2301 1649 524764
1504 525 656557
1679 389 164349
439 2410 232863
707 2062 684744
2298 2135 778930
522 368 474021
2111 1274 172487
683 483 656969
1136 2279 326908
371 1694 327476
80 1203 646297
145 887 67601
614 173 999587
1160 826 702368
743 1574 972687
1755 1775 177805
222 2020 444653
147 1311 290377
660 1897 901547
2230 51 683779
758 933 764723
1569 8 568196
1378 1991 54197
115 2130 95944
529 1049 592816
2283 175 937427
1801 1255 476672
690 1722 873297
585 373 697918
1970 2338 489237
314 375 900711
1534 111 68890
1523 1786 280439
627 189 598494
273 366 36704
1782 2109 882701
2331 2370 169071
806 849 687523
2159 1729 329112
1718 2069 780488
1309 955 910919
1400 45 868393
1360 123 270926
2051 1367 362233
870 2300 834394
1067 1614 229337
1454 1580 947507
760 1063 412238
2205 2171 80603
673 2049 904986
188 30 315984
1808 706 854744
2081 265 472440
1221 2343 395292
635 485 36350
610 536 670990
1376 439 193401
1366 1427 375646
1184 1091 877903
252 396 164803
1491 893 506609
2334 202 192461
1046 2127 770079
953 2013 424164
1814 1661 175810
1751 2048 108587
614 2289 127894
533 2392 701952
1334 565 140103
2271 1025 823433
1219 1523 866495
1835 1521 852506
1024 2106 643963
1922 2363 968004
1152 680 77151
895 267 447853
598 681 354669
583 1944 978396
1346 1283 702740
1987 1294 985452
180 613 514015
2204 2323 448315
2244 1948 758772
2125 926 854881
919 814 445249
1172 1852 532478
927 1075 87766
1835 715 510068
481 1227 695861
905 249 614015
1293 1677 529098
1343 1939 994774
380 1356 279725
1635 1595 242239
2249 118 521989
1414 1987 171969
1735 2113 291498
613 421 113690
1040 2217 556698
2017 814 49665
221 1944 980127
1305 2156 342902
1486 1190 35426
2155 44 951965
1681 1452 486194
1292 748 423022
2034 1205 220630
772 1115 779751
1765 1149 226477
1110 617 359975
877 434 546460
212 1189 376353
988 115 268497
380 368 193406
292 1224 957010
1667 1045 633750
899 1394 712749
835 426 255540
397 92 276395
29 35 531931
11 654 42304
118 1988 17491
1330 835 240900
6 2084 194572
1644 1483 514714
2233 159 623614
2076 1248 180212
1011 1018 152076
2139 194 38789
2223 1151 30983
1348 299 415968
1499 1579 184797
853 933 553660
1362 2312 621789
5 1083 854961
2086 536 796371
658 118 43701
329 1766 171053
1282 2278 390305
305 2165 381620
1233 2187 821451
433 394 81715
1729 1827 590685
2086 327 856242
25 960 395449
496 1939 695007
57 2005 912361
628 718 102036
512 1230 50561
516 1774 661599
1805 451 855606
476 1770 894108
2106 1837 117391
1137 1367 944177
527 1635 459289
431 527 944282
2182 2074 902747
2360 1173 858756
1429 1745 23092
1258 250 549378
294 1173 854130
1480 260 155258
1457 2363 653659
1875 1761 966604
310 2054 218758
200 1510 539052
1172 1284 113168
1571 1567 234508
1122 1175 965263
1788 1904 922553
18 2208 349755
1394 1164 842522
773 1061 989534
2295 1290 159500
908 143 135759
1861 1299 401643
362 573 362857
2217 1570 97603
1867 2149 409555
1700 81 826650
2407 334 741261
800 872 902935
564 2291 711732
620 50 563323
1065 1081 484654
1500 1366 769759
1654 49 772318
2163 1639 606711
2066 1834 759195
1118 1068 466158
1528 1806 780187
796 2101 340093
1774 1112 84729
454 876 636091
899 118 754427
657 205 51441
340 1852 386559
1985 706 125588
328 194 81285
1670 106 961650
24 607 410617
1345 2004 263218
810 218 167765
57 1179 951315
1073 518 528136
1723 1247 120325
416 450 536264
3 292 588139
1087 239 356423
167 1341 311423
477 2210 479149
387 1335 187976
323 1056 433211
818 1918 987647
1353 258 17658
2146 272 380617
857 303 582224
288 15 291233
304 37 587395
1390 1975 713457
2259 1500 326674
1195 1016 330146
16 434 460544
980 438 404635
1482 2323 436510
1602 641 206259
210 321 669027
399 1348 724903
1697 2232 566529
773 1130 303436
1031 1752 295054
87 1974 160244
2289 503 645170
803 263 944569
1432 595 633936
636 611 871776
2203 281 404501
1869 231 858850
1717 1790 461473
913 2231 938869
2120 1954 431528
1180 2270 37733
672 1989 271896
2002 145 571029
1851 875 477274
1483 1281 599879
2417 842 747148
2237 35 178839
1657 1560 513751
1427 1745 244670
2111 1121 99284
2347 786 248717
278 1234 945659
1936 604 850477
902 2147 940705
1875 1210 863631
771 1079 960343
1302 1867 528402
1376 243 858279
711 2262 636264
2252 572 604132
605 1380 23322
1594 29 18545
1437 1632 744994
410 1415 52614
1443 838 497976
1047 2149 439919
1966 920 39899
1111 1526 67673
947 3 796012
2344 258 147294
1405 2223 18666
2398 2012 318882
2237 406 34770
1634 2012 711269
2251 995 544509
1060 853 935598
906 1929 45247
385 1578 334638
1769 607 963579
1684 2357 281803
786 1704 740629
1675 606 146193
1447 1820 168493
849 198 963405
1790 1005 627451
1655 2207 651997
2383 1019 906563
2329 2383 613000
1161 1354 348618
872 1645 222507
1647 1995 413960
369 873 851212
2311 1982 74478
439 593 579267
1838 303 540120
193 1033 40408
1413 679 809981
695 159 279576
284 1146 428560
1450 1365 362922
2397 915 461246
197 1163 726896
431 350 811464
46 874 667844
2338 463 423137
260 717 501222
1298 886 467741
1730 1380 704743
2317 2125 611530
2236 1854 322789
40 907 840471
715 1559 587063
1852 1019 449036
1616 267 494726
1050 11 254351
1704 520 195830
1711 1744 828936
1549 201 903918
1041 60 305684
399 1651 740800
1782 2354 486083
1140 869 660717
1252 609 777487
982 2089 666710
494 2172 333734
1066 1920 408390
2355 815 128301
684 1053 926537
956 1401 394480
2283 1911 730653
1089 1942 609920
1640 2182 595827
229 321 69897
2333 1551 401759
1045 966 976975
2285 2303 839905
865 1746 976918
2335 1714 800032
789 1896 309522
1299 244 681808
2194 2055 265423
1069 879 883158
1668 1582 459540
1626 2250 760929
997 2127 706723
229 1569 746989
497 2170 213025
145 1809 981583
1331 1323 388989
1620 2125 200032
1847 36 488397
1360 1645 440366
612 1116 425220
752 1552 372752
1918 167 895526
904 616 551711
1146 1402 10433
1586 2362 200035
662 2312 183144
2252 361 573804
1814 1482 916914
1449 335 659651
569 1495 887463
1258 1626 153449
1364 354 367029
1647 2062 955793
1392 1330 278306
908 2017 274725
2260 359 283651
299 759 272983
182 943 891344
1319 531 362179
567 167 430660
2217 1632 256896
542 1530 354152
1676 1839 334073
431 1934 557722
1289 320 744637
117 618 259395
2233 30 180582
1730 1047 508196
884 2328 476015
688 2017 71637
2254 1607 120166
116 244 547809
484 871 615484
2254 1727 80288
2205 1525 636415
1348 364 222025
635 1796 263543
2112 1148 842530
1012 1413 180393
2400 898 811313
308 551 644681
625 1753 333502
1861 404 667210
459 1597 122124
1099 806 389579
1262 1609 432503
914 967 705867
477 1432 51917
977 385 464940
465 275 991619
1221 1343 441264
1344 320 755973
935 1068 249090
1063 1863 582504
182 979 819720
1679 989 686717
2374 744 789062
1319 2238 204823
1371 320 850098
1707 1729 150828
2251 921 750546
1270 828 362975
1003 1552 115196
1196 415 86788
