1198 5493
337 558 274675
550 1093 441215
956 51 532873
1125 1031 470770
150 858 634734
889 4 152285
1046 328 242301
932 461 70315
230 882 498960
944 1092 857274
153 261 336749
389 833 283679
188 947 962974
254 783 485987
639 315 405617
359 397 140420
858 100 215389
44 152 445181
50 211 912052
108 1056 592312
1145 1019 557008
394 164 943769
206 185 665332
1002 762 852
510 95 330857
10 638 279430
381 661 791843
967 299 970516
59 773 475321
1145 920 683760
99 603 590983
1144 432 74650
386 464 312994
1019 547 705935
379 726 82217
491 122 792166
176 114 326540
1118 581 908148
721 284 324138
166 389 280186
221 441 472255
102 190 517764
591 1157 908282
42 1060 424931
1182 877 212928
734 228 307256
613 777 481818
1046 532 703043
473 57 598933
71 1001 645716
4 414 609692
780 859 199548
844 912 330415
322 1196 847481
15 93 122967
696 918 78533
630 615 516612
625 966 592574
705 949 356648
523 631 542927
925 932 369655
527 1112 147367
618 820 892986
265 1129 847656
803 562 939021
758 1103 184682
1105 5 786625
712 206 503286
1168 492 449266
408 250 226250
26 617 42189
613 991 960407
138 1 158110
861 889 750487
553 423 712997
1142 1126 963358
1049 502 718988
216 200 147359
278 757 260831
365 465 742870
655 67 639904
1121 35 815974
304 1094 808492
1155 820 282976
359 1136 527038
376 577 492515
1038 704 820711
43 345 182061
895 1080 290752
424 1012 410965
1015 839 621867
1126 1120 665102
867 870 803506
951 1027 820533
362 154 563632
1051 877 157978
929 1056 911301
923 682 370128
800 270 108467
780 906 838703
1081 818 938039
1114 481 844071
777 879 242421
488 397 248693
158 526 105317
677 1087 336505
366 663 617017
179 918 897329
701 122 761565
612 747 694396
657 830 634767
44 868 436533
593 959 458584
1033 103 36945
120 496 665847
57 1150 435228
840 487 251034
944 603 164871
755 617 408958
776 885 233661
1031 965 823682
752 339 540940
480 478 893986
759 140 49989
46 851 375653
129 1095 741538
212 383 584083
248 498 877019
1064 178 77690
162 154 672639
61 378 514377
517 406 425307
782 427 268582
539 852 941830
143 360 588469
1031 486 523416
503 368 498565
354 462 912764
418 883 237109
142 310 584522
491 1047 936503
448 900 319227
1086 99 551198
1185 286 602290
459 384 330537
642 556 156188
1096 30 192215
321 390 239228
1173 426 242164
979 691 477363
741 1137 808725
1193 1054 693043
1069 734 794058
1104 195 399346
613 823 413748
570 863 616373
339 476 583186
208 825 98594
642 151 493580
1014 363 849483
1016 410 194967
61 1063 163071
315 266 516924
362 375 86287
440 638 223068
312 1044 67984
255 721 125109
271 36 560292
864 1094 203896
447 773 800682
1021 480 635516
125 228 969892
400 1003 85653
322 912 703876
785 65 420844
44 35 261354
1027 421 642645
169 1086 641215
1076 397 73534
1023 608 790989
805 39 860872
80 661 246380
462 863 394364
568 748 240289
976 411 806801
480 770 220052
252 566 281504
435 1066 149632
207 1197 387706
519 626 546915
575 52 353646
724 752 644734
861 1004 337842
1188 661 62763
341 775 381136
189 358 257021
676 515 173544
893 694 499650
568 350 943448
712 412 374704
856 825 893780
565 267 585824
765 660 417615
83 574 320141
38 633 890907
320 646 343052
921 385 550111
522 324 634162
1069 399 940565
382 1079 976493
26 466 496913
917 963 150104
1064 230 799020
459 351 32847
382 953 781852
1000 1040 215548
875 802 534060
658 115 129253
992 408 380679
279 676 441134
706 101 618390
7 177 17805
275 335 41602
44 945 21188
564 160 694362
791 950 979624
441 506 839352
1129 882 531535
544 348 809987
971 1058 145951
648 791 955476
612 765 794127
745 656 349555
605 939 226740
1159 1149 204670
864 273 547770
1018 907 397380
333 849 20475
426 252 257896
876 829 771159
381 484 896529
286 597 542914
394 835 61897
954 748 566509
293 920 485941
24 33 575384
506 671 953498
751 618 780457
604 556 55125
321 240 566665
1131 510 880064
110 1123 552038
309 904 928526
699 154 529160
3 468 997882
550 201 158328
253 1000 955917
83 451 401776
81 73 884924
872 1005 172044
360 615 673304
501 761 322286
648 101 423007
632 481 30427
128 383 306143
907 1028 773744
272 580 737757
826 1177 548560
552 840 16593
1167 822 557408
482 1087 323379
861 467 749558
113 919 923388
422 692 507389
650 552 951934
617 388 708363
1041 71 567113
548 897 97386
1168 886 865677
792 545 764176
697 297 22264
1190 696 953671
724 352 328289
53 1194 681968
242 904 428339
590 407 232875
788 1093 688199
1023 197 424840
4 188 272840
571 326 87945
384 274 946491
899 1106 876636
529 1183 398136
1077 151 431670
586 687 740155
860 318 225983
361 896 741830
1014 901 251163
41 370 470118
42 735 37099
888 366 167227
159 912 16092
627 1180 619705
668 493 376891
628 1052 704772
844 131 192213
741 639 976007
240 359 275949
1117 163 342838
148 961 437065
712 274 452153
536 221 74758
20 431 430208
10 3 770280
327 1164 467208
329 281 261250
409 1178 548180
129 966 916675
391 320 921811
345 865 475094
39 580 245773
1027 462 178438
180 596 985784
427 505 711383
870 442 903435
419 534 348262
655 629 887575
579 1076 588885
354 1191 304628
142 388 422074
537 1086 479280
888 315 277097
1004 663 374167
265 1030 805578
615 123 20698
1050 86 681546
803 1197 173235
62 380 788305
792 250 686071
533 211 622414
881 811 978041
777 290 338180
129 1165 840305
1078 872 969261
615 1152 958867
1109 149 673024
984 49 960306
1109 854 505915
105 187 57923
904 231 523868
907 280 165842
330 1133 451215
1103 152 406948
9 141 632471
697 296 929695
241 390 765110
645 215 229953
1158 533 656778
539 1143 325345
347 859 221513
1102 859 284144
96 1073 561439
103 626 384114
459 935 500949
925 689 597304
1168 331 391670
892 1111 420867
736 33 979208
768 747 29554
1146 715 261831
1078 1006 224761
833 278 874057
1154 622 249079
966 188 487958
108 934 100758
263 1004 924989
585 1177 529910
364 753 267128
631 388 243236
230 921 509963
992 1009 8558
64 536 59726
847 882 679774
229 884 880453
668 1001 799242
140 329 820418
1166 243 345553
156 526 24643
142 714 947006
183 177 947239
391 962 641989
829 1173 152180
1193 368 646375
1095 229 274032
742 162 495919
270 167 860956
26 382 507856
111 258 902369
1117 1053 29093
759 730 515808
391 974 805889
691 461 783191
147 24 330112
224 1057 396322
630 662 110752
1101 182 565958
829 578 991924
720 211 55343
902 737 145010
126 1070 479665
471 588 409758
612 78 293267
278 221 14456
887 236 711807
701 835 141232
748 1094 635134
782 367 344416
71 573 749161
1040 257 368862
139 559 231692
624 684 682900
394 24 435458
929 406 830867
671 529 441937
163 213 41829
167 159 990231
603 813 346278
466 1102 476193
609 483 439648
976 395 847648
1065 514 213759
793 252 311652
1142 854 682269
746 586 312936
460 866 886887
380 45 547091
742 1090 962707
1039 267 927529
941 28 739718
862 282 867799
865 993 493406
813 1177 417638
920 20 871718
297 215 959281
795 1008 723444
957 143 994715
383 280 11388
103 664 997782
746 762 651601
425 217 221469
697 1027 176477
649 1060 274787
760 1148 341612
1066 750 372549
327 1189 919266
1033 834 570524
258 505 452421
212 674 166499
238 1123 813229
1191 811 14989
1057 96 623587
995 666 867036
501 453 803076
1105 509 712919
24 699 259013
851 898 755418
985 903 572686
141 1109 64370
715 868 646798
214 431 970560
564 873 669630
592 16 909006
526 1114 442733
1072 1086 63309
1017 675 441451
95 630 828368
450 137 78783
693 147 631494
1179 373 756353
1047 1112 352677
413 848 864015
371 567 849344
46 297 279260
717 666 824182
746 604 699768
521 0 356212
284 744 225116
74 543 720955
492 186 258454
1079 1 523407
469 684 555536
269 663 140069
1172 959 119725
452 563 534587
696 797 335034
813 378 191466
751 452 20835
647 505 242981
387 392 203127
552 573 637163
341 391 895026
28 687 295344
414 720 91992
631 272 647178
121 571 19239
719 533 691425
1078 218 438993
656 189 690850
860 1067 982212
93 20 790831
894 278 274227
156 161 386307
1084 366 394497
322 787 826281
314 889 225695
793 630 618529
304 1054 218528
1046 319 233300
280 1158 724062
701 610 66365
594 528 49859
712 918 110215
244 136 676688
1155 719 851537
883 912 573292
1019 608 973990
1195 233 907263
792 804 225486
480 197 634040
178 961 916511
546 1019 273187
456 919 476766
344 878 820048
10 594 621604
789 554 360007
716 520 817066
1048 708 692788
509 39 540219
1163 121 400701
604 168 987912
382 972 602945
282 640 498231
598 473 360071
393 313 230235
242 817 226902
813 580 490955
982 85 228347
693 354 904307
11 773 933521
567 1142 759883
1014 944 217399
145 291 1667
820 1035 651992
75 774 325121
995 339 562321
153 1068 264852
308 659 279309
605 72 526733
1126 404 210705
980 649 603393
568 1064 854757
1056 317 208775
264 292 911251
1104 825 275908
1038 475 662419
1156 291 490214
183 462 676765
769 4 129323
603 681 558671
707 44 566740
795 1010 568926
162 74 756632
307 345 296383
349 881 385431
570 483 567004
1047 703 325407
103 989 795229
422 655 677308
998 465 250543
541 360 415704
430 402 197232
404 981 48315
312 980 267509
1037 405 720709
1081 877 720575
67 29 6636
315 992 494026
793 492 721435
81 222 939970
1061 333 154855
1180 294 815937
1055 446 832157
234 865 787177
409 426 712317
872 1051 999051
498 271 769578
341 594 410940
776 714 447790
516 407 682555
5 932 196653
67 995 866875
295 110 475094
74 1116 512525
527 460 274852
381 339 692282
980 1056 298439
331 1186 754060
179 783 614100
996 510 365086
428 957 24496
540 389 424770
1082 391 761892
239 819 871936
908 214 241501
931 333 556145
1152 519 313840
807 617 81145
905 224 363997
15 728 514189
15 113 424438
463 170 942257
859 1163 170204
172 1111 454146
823 376 800520
1047 552 482179
294 971 243805
265 798 197033
341 367 412117
394 243 148411
980 276 71773
339 102 186087
630 108 816224
736 712 496120
932 953 991522
951 140 159075
461 600 156613
82 392 138284
1017 455 708213
328 83 105522
676 195 859740
813 640 477399
298 723 485429
497 267 897041
83 741 964329
292 555 291670
531 878 130065
594 155 162458
47 351 32037
581 324 461213
1157 136 671321
538 376 410416
278 988 831716
464 843 632169
679 899 90292
123 558 630991
1140 182 909870
581 848 695136
172 623 491353
630 431 339733
864 477 626224
876 828 158079
624 15 926526
845 909 753852
346 494 100368
800 332 941932
541 415 5324
866 1003 437517
928 1018 726183
95 797 139923
478 460 163258
1000 828 716413
557 1113 222691
858 340 173590
786 822 883564
577 1170 133428
705 735 478418
923 822 548165
956 1084 584803
238 412 752648
661 864 484855
882 152 50187
788 203 436642
588 960 924337
817 414 534671
34 93 350320
527 951 993307
578 74 374182
828 577 74628
1049 104 105000
697 417 749971
922 570 455682
552 275 482683
381 1056 84917
328 401 610738
398 321 540723
109 688 981671
177 952 729192
483 649 901225
996 151 778146
599 884 179966
727 526 74839
711 969 553025
624 632 512266
1143 130 150511
677 1122 829575
704 1135 560942
220 949 496951
36 147 348963
1120 1053 933977
194 995 323914
1042 6 118414
196 152 531877
860 1104 855938
1003 928 230843
140 1096 83708
744 1053 782386
697 963 949826
279 522 263541
423 623 654396
821 1155 63371
1001 972 291680
615 164 373732
1054 1182 279765
72 1113 26938
595 1126 806508
699 775 946188
839 378 77665
445 919 878459
703 314 357794
924 411 864178
865 1079 453537
289 23 520109
376 591 802142
718 1117 322261
380 286 49372
486 447 451744
274 24 83098
557 639 751283
382 487 754452
102 774 428715
589 978 649296
610 631 585819
170 841 501724
824 515 725812
563 889 936173
15 780 895633
1051 168 474494
72 601 131590
528 302 630831
254 492 978062
968 1146 401820
440 933 64327
1014 160 410732
487 288 684450
1111 351 257262
609 1177 676275
1079 25 973418
568 717 19507
196 1139 801305
1040 681 146432
263 99 634711
1086 57 960834
292 87 695377
344 656 739764
512 515 821972
1141 218 945258
642 636 621093
744 394 930860
19 1073 345414
425 765 261384
377 241 956579
760 757 194920
588 237 523379
819 396 430849
1000 1008 598873
59 685 62511
908 882 596288
932 1057 926013
913 1031 680266
673 594 818992
689 245 562405
973 424 957754
1086 100 586392
1186 1004 401800
387 432 626132
410 562 89203
832 836 350518
588 223 977426
1118 515 984837
1094 129 469660
560 362 675329
278 379 725999
64 506 661131
1057 51 430270
605 866 971404
27 656 781489
498 774 112433
627 648 682668
730 1067 311220
596 616 279685
185 707 390049
373 401 622654
314 1171 57859
17 953 919911
368 301 242391
695 616 512155
922 287 897853
1031 447 16217
425 682 147073
463 322 744139
596 1031 326190
624 905 737011
433 547 934204
374 801 408653
8 277 934620
1073 1028 806399
948 155 559380
58 259 598124
695 497 998259
746 355 681265
149 71 305914
728 732 480413
10 865 396265
780 90 6953
887 1190 826220
1007 66 26011
941 87 48198
845 809 468844
1118 803 235055
1029 996 618942
733 868 362311
172 1192 799014
1041 719 603602
556 147 509609
925 340 314479
1128 1073 470468
693 970 198974
17 158 157138
1065 1186 707379
71 686 432811
703 181 201386
1106 687 546131
1031 1132 932874
1145 1001 855251
724 54 22536
155 129 617905
1125 372 550540
286 755 973947
38 463 106453
423 596 533272
585 863 508051
390 724 351001
1094 734 518719
42 90 741376
302 760 162813
609 792 917139
431 1171 585161
38 295 9401
610 997 833209
251 1194 177414
98 904 139050
897 567 889373
1035 1126 512261
834 41 138492
597 253 140176
40 117 118783
507 885 498369
820 834 722749
1072 340 532564
576 973 181096
690 85 793787
9 1072 948759
232 479 916185
673 290 141648
262 462 613494
1000 144 769020
1185 866 605401
1125 937 190313
757 874 143709
134 205 943884
589 904 402221
1109 1088 755613
378 558 595828
318 982 975184
852 817 760989
579 411 624959
431 1093 389833
611 538 275518
724 367 750499
1001 1096 340327
237 89 660313
604 139 517402
707 810 752747
959 469 207947
118 258 471164
669 108 224930
283 903 526081
919 125 933058
193 188 428873
299 191 653477
715 379 453843
112 43 255737
1010 411 859575
1155 382 703574
184 908 217626
876 913 778824
816 733 800170
206 648 848575
61 1120 230377
800 652 668276
605 517 364644
351 582 678759
817 844 740339
952 475 875498
1079 922 38241
69 212 592243
562 772 826452
461 1143 756304
426 24 346696
176 692 904411
884 1063 371915
312 1138 448844
6 990 154363
468 676 755359
67 458 817834
24 272 137134
944 1179 207096
971 360 528037
232 681 855908
125 528 688261
1024 343 715684
655 289 602136
115 1014 764027
489 54 373408
777 433 844538
688 215 626162
944 22 204819
462 389 525673
305 523 250741
295 741 46280
882 655 212929
797 795 724256
431 1148 660414
412 411 702295
613 608 3648
92 207 465523
127 128 499346
1142 741 160955
1158 635 109172
837 555 960876
457 510 951958
642 841 377555
837 334 409731
558 813 248742
362 210 565205
512 269 490460
1099 944 621586
516 221 371873
895 2 269759
754 442 679874
1070 154 745898
1062 1012 812483
160 503 725847
814 598 848388
2 40 7156
947 67 396140
882 903 118643
504 435 311519
270 345 635628
872 127 153238
958 113 176686
313 991 459933
979 719 282515
714 791 537439
801 1009 835802
45 953 881189
1078 384 929674
669 540 720340
427 908 38587
532 1067 271355
776 639 438764
702 401 122023
116 343 228584
933 114 234940
16 784 305403
327 757 506802
1032 345 745797
589 1075 384533
832 52 295176
557 564 782224
199 708 435184
272 464 740921
684 477 387240
718 975 746358
467 444 396980
193 668 364148
244 662 646531
1114 688 609866
999 725 790777
482 504 305239
676 611 144220
593 209 293960
512 388 487835
251 306 63591
930 943 670617
890 1172 752127
17 461 223514
1037 559 64002
757 717 21774
473 1025 660233
948 240 617492
796 17 165615
824 332 927131
810 360 700790
773 578 501114
362 70 294621
537 245 119573
306 650 172570
1060 696 704767
308 396 823271
1028 566 984902
460 403 319258
331 160 55917
150 867 169818
753 150 218346
776 1051 217004
207 1026 633186
515 1110 622619
396 309 494463
512 1191 32820
433 678 22233
763 88 24289
832 455 228111
646 805 797993
421 965 352167
869 594 155715
527 10 261257
372 479 9909
142 436 381952
74 84 919229
671 861 76640
544 157 953654
33 1057 239771
423 472 322619
702 607 343732
1007 993 316065
886 197 659066
662 1037 915413
25 1083 310714
614 740 427678
98 70 724799
482 895 904455
945 1013 228801
1146 825 414845
347 1104 192801
493 940 587441
1192 58 326114
742 511 885301
53 711 889577
605 1166 920810
200 110 420123
164 579 841228
121 402 147061
700 920 548519
38 503 410302
625 126 53473
417 744 603039
179 1141 475873
472 553 781310
136 390 270492
180 321 328003
546 1013 780876
468 5 144994
1119 110 877588
381 87 553783
963 208 425287
910 808 319708
122 518 15413
1077 233 721978
437 235 504195
1026 412 810928
695 824 107684
326 671 167516
795 576 782655
387 1194 247867
162 675 451908
831 1108 736340
241 1111 964741
530 1110 185707
384 343 978799
166 634 780884
756 207 447649
739 363 929669
900 538 730814
699 715 953892
1125 389 103347
124 746 602842
578 490 959646
455 945 916737
1068 558 334087
1104 398 464656
481 467 858658
826 706 635330
914 1049 933644
158 678 585095
1155 143 535365
219 243 473280
635 1060 89811
771 729 848004
409 747 709709
312 479 304274
433 994 635635
32 436 131717
513 854 873178
138 817 974774
40 480 882871
630 150 204778
125 1052 106422
752 679 438621
358 322 983423
1165 691 937661
790 839 987873
201 37 368732
27 426 301721
584 921 936827
350 363 572187
118 411 288449
1035 1074 845743
62 783 931221
775 552 846680
525 853 287047
330 409 704062
768 883 422286
1027 556 917663
420 111 760241
113 974 544499
778 689 191688
1128 486 146840
173 724 233685
977 475 467490
530 691 207928
518 603 178683
1090 639 490359
727 723 414792
1054 1071 775395
1118 586 831738
612 1019 915030
1118 144 210772
824 518 289111
635 1108 514961
662 253 677323
480 722 225804
296 1020 903485
1119 542 836086
860 580 218303
546 990 232670
8 1170 138512
272 920 205327
263 529 970541
431 966 995780
228 972 9438
307 889 173839
690 53 777766
530 1020 680393
970 910 82322
24 494 998581
601 460 515330
726 271 847150
1031 371 280377
791 954 545186
90 453 224727
211 163 398117
880 629 447053
514 668 523696
928 1196 442697
1184 1062 658612
898 890 297725
1157 468 410665
690 968 884215
26 227 107115
210 661 167011
1077 813 682280
975 22 785965
722 839 689790
620 679 902931
1120 232 270828
1 90 363843
780 124 163172
345 990 142301
713 858 197059
95 7 327882
955 424 694284
709 844 849659
103 263 130395
944 799 359645
932 180 356267
1005 1109 235211
421 835 735348
1197 462 246783
292 630 162426
767 466 580659
204 87 190712
297 328 624077
476 1041 396697
723 725 112557
759 740 401289
325 540 405255
933 584 149562
821 958 694458
130 561 501607
1043 407 133841
642 817 464076
963 502 7592
914 227 374522
392 859 142127
546 1189 968686
264 489 672132
878 462 948095
494 908 648773
1 847 615570
174 606 978966
128 866 96758
858 852 16885
982 275 690998
662 369 451498
779 824 810539
579 482 111675
128 50 462478
606 1094 90956
306 608 56554
635 466 27341
1041 1139 126072
654 24 724659
1091 27 812681
799 933 813986
679 1090 929222
253 350 308334
12 1136 138561
340 291 609717
743 933 582596
1133 1163 686490
878 398 384485
874 1185 873270
1173 456 167871
800 367 937822
838 245 919092
566 1193 691337
121 468 948799
287 540 657033
685 316 550528
277 930 372807
1089 757 987299
324 1054 973918
181 374 882616
60 705 833986
448 343 740686
515 650 784661
836 208 508038
244 172 731982
323 31 40733
781 897 26912
929 568 120058
1014 15 33866
1021 1195 131676
961 270 304947
656 783 194139
373 418 733398
1148 324 635166
217 41 118737
61 114 827760
455 508 120401
511 866 424406
275 521 177428
1020 908 67010
1005 353 949182
873 466 26025
139 237 567015
775 979 873825
119 49 169413
157 889 235103
712 761 93111
714 1143 696018
898 1068 771545
42 764 896772
340 486 596385
832 839 75925
877 1005 930364
915 822 744122
1029 910 569563
872 504 135124
62 448 913965
121 745 350822
647 380 662087
124 516 691171
745 59 507109
537 1120 150549
570 515 357265
255 418 402633
952 256 710020
198 844 912814
642 852 68546
1107 291 101789
377 54 489480
601 911 478005
825 973 731876
1119 278 851335
106 401 434189
982 872 459723
1001 710 890826
198 732 989434
819 60 996682
770 1014 814696
673 998 803241
87 440 849991
586 398 808047
529 118 4557
694 90 239741
202 446 764402
607 828 399253
530 14 753830
506 196 998484
824 495 455357
1103 611 337214
1016 7 168973
1035 1057 21404
1086 493 687675
219 1080 968527
972 830 387967
1076 112 526871
1194 445 59913
604 788 778508
124 329 26529
916 27 715515
368 543 66765
506 1107 290
696 842 160978
642 1053 200134
158 619 656515
874 397 899785
1066 922 881481
538 242 382881
462 657 830710
229 776 827868
1086 1120 50748
750 637 942033
369 656 292197
1040 730 383662
303 441 101441
792 818 635069
1196 260 679704
512 785 738327
926 46 486828
504 450 528796
179 847 580237
386 1196 248971
547 1110 285686
1098 1089 877945
586 930 114560
747 1152 310720
1094 454 349558
751 420 681602
737 764 30855
224 435 327539
795 807 155198
784 807 774510
783 852 439032
885 987 815154
868 485 440344
1005 254 762500
1136 1129 656455
157 771 902181
190 810 544983
1137 964 777712
945 328 685815
78 664 43380
769 1088 373222
225 485 844124
204 295 434406
1178 791 989718
399 28 146857
81 511 117690
652 413 967017
560 350 820369
1120 300 626489
656 720 403311
677 983 607559
28 349 182913
637 203 57594
74 1016 890519
240 313 821309
763 777 638310
713 465 17242
176 836 394657
1104 541 172750
992 751 621570
1104 1103 492375
120 871 589106
1052 368 150317
1022 265 160731
156 768 390852
571 532 719606
906 728 522658
295 1173 746196
940 696 124568
816 760 160551
732 71 981982
192 404 467955
1161 976 268726
1044 985 762972
417 228 408178
461 53 5439
788 696 38509
948 58 758766
212 192 284251
751 1124 599475
522 1176 897854
134 220 525151
511 1156 922498
999 1060 586614
888 150 234091
818 417 783823
179 1110 703313
568 521 945966
29 27 163397
909 111 21168
839 117 217030
1177 1048 857336
516 469 617519
713 1051 427816
1169 1020 563147
844 773 694218
80 448 763132
519 463 435548
150 288 399049
485 421 32947
684 1183 101868
968 754 97023
979 575 639299
406 7 495865
781 967 716991
1008 943 79512
1179 378 553922
465 147 874262
485 619 215660
686 762 265064
895 1046 385904
118 335 132279
74 1193 667666
2 640 281603
584 358 120119
798 289 488171
724 1129 7362
1108 660 129505
849 58 94386
987 45 674923
253 814 75418
552 532 600804
913 999 611909
709 769 929129
378 565 992104
801 958 476146
634 495 272393
1172 1159 995068
204 1022 671961
914 672 700010
1020 732 557006
632 870 235127
666 406 942496
658 209 911619
544 366 733328
563 136 49404
928 288 238409
155 1009 588996
472 424 985576
35 960 657899
77 791 85030
666 1058 727121
196 272 875252
733 803 724312
467 869 61534
523 640 110594
929 28 753936
535 882 660276
456 520 295522
840 980 952140
732 435 764830
868 960 43257
907 273 788308
329 219 996486
672 735 516798
1153 334 530315
178 392 229105
649 663 159094
1055 54 835760
625 105 282448
1029 301 35093
530 365 215322
182 1001 527222
485 528 508593
302 549 256235
451 1106 172180
227 342 143421
441 847 606451
618 916 173272
379 839 396651
365 366 116635
600 714 515206
1177 315 722873
1037 124 617778
223 410 631634
666 59 487474
689 825 833021
948 277 729422
347 976 876772
155 456 34546
545 92 702752
666 1151 915806
681 1082 72927
253 695 102871
1153 437 807477
341 32 851363
420 595 468293
187 134 998838
1020 1130 639254
23 473 805638
268 870 815005
562 993 254564
720 52 133770
620 31 290661
1066 311 744856
837 855 621669
843 1065 509441
695 454 207924
947 478 985668
206 167 63994
442 8 503964
1008 824 203623
3 777 346207
471 843 485373
401 144 161161
713 57 484232
760 1054 168496
1048 6 33539
55 851 189374
318 836 905305
293 902 595217
750 105 85025
1067 1102 813204
522 827 549011
915 102 142856
50 580 453540
1084 372 916220
496 720 735088
17 6 123540
563 625 784906
956 354 460636
888 577 7070
293 714 493403
647 218 678370
231 1120 372520
215 491 326356
461 206 140271
1122 510 119465
145 536 526000
948 381 56424
898 671 785173
259 841 198575
871 1175 468238
351 442 794393
688 888 828172
765 802 486251
5 262 65413
27 68 522574
1195 88 521345
328 767 545600
655 646 429718
1031 491 170065
355 821 776917
438 993 441673
551 110 60616
297 665 765521
970 803 374569
409 68 965614
154 1187 447047
1193 582 621883
404 551 50164
887 921 675082
627 274 299005
285 867 923501
424 470 777264
657 1103 378334
401 615 43812
309 817 761882
191 550 721353
785 59 353935
928 421 869275
905 813 150867
495 130 854937
672 459 821914
759 272 771566
673 1161 110089
697 278 471429
816 1001 392651
318 1014 901007
220 802 66283
1150 356 287310
307 203 657887
859 1065 229354
202 626 584790
681 72 577733
821 118 527211
447 1046 65612
379 552 935829
41 317 448638
818 691 242233
953 523 463541
1050 227 861896
237 266 52383
604 151 291947
231 427 344531
799 982 94725
344 165 795516
778 44 23068
967 644 996261
404 1163 629169
83 1076 143867
729 622 859990
502 59 464577
1106 12 713465
350 702 835677
605 119 561963
775 203 962799
913 335 408115
127 738 128462
622 1000 277028
120 329 581442
235 934 191163
526 726 617141
24 185 290280
135 329 684743
262 448 300051
1186 531 635977
15 348 221736
707 1024 916176
484 14 482857
989 1173 678166
254 440 390387
867 648 415245
1126 772 895874
458 129 715083
222 260 494118
900 492 403947
865 1191 890087
344 164 340081
612 343 903022
1166 747 625658
733 678 963221
684 191 730560
939 251 417003
702 211 572539
658 1148 405622
891 859 333073
813 886 596691
997 1156 897922
960 908 506075
1064 47 628672
172 186 109576
319 104 600417
618 887 9294
1197 501 133255
504 461 312019
1086 289 386296
291 762 757092
624 940 713169
334 951 321534
271 1008 275284
683 1161 687925
926 292 389250
1116 583 319869
743 861 121361
200 428 575708
711 181 231482
452 362 261018
1165 953 797577
161 565 119155
40 433 605761
1109 558 680979
922 1102 556451
1120 719 605855
745 99 121247
507 181 617811
101 587 639173
664 968 337921
241 42 142987
123 894 620612
720 1085 177542
660 502 934952
966 880 625256
561 887 784220
1153 97 729170
67 34 832183
520 873 205623
900 150 789884
173 245 676031
141 678 838124
1088 761 156267
988 885 866427
182 55 805078
270 1040 30750
252 69 364146
529 12 948426
1032 1078 220035
943 516 194949
694 1016 734874
199 1176 548940
658 589 377572
727 415 397291
41 731 509619
1196 241 838466
677 431 132559
882 129 170196
596 316 58923
885 199 407381
626 496 13608
791 305 49868
786 194 372556
731 1120 979245
816 649 585862
488 961 923889
572 688 614755
386 254 274430
182 242 286181
729 115 396708
1067 534 381497
204 1054 338560
759 854 394828
195 325 880221
760 990 160576
215 1110 988586
425 58 752549
362 443 235755
274 13 882868
774 58 954807
559 950 27794
124 15 113160
433 10 990832
381 594 111505
411 40 914198
395 369 851343
380 334 933463
1040 359 446326
208 790 728574
628 68 376937
195 674 163041
1197 1066 565875
295 1044 80891
10 427 350042
830 234 169747
1036 94 471930
106 151 437407
330 279 223748
823 935 55232
914 30 468128
636 401 489149
1031 489 515618
851 730 283639
809 565 742570
1045 922 432447
690 613 273336
838 535 69342
597 1095 38727
223 737 209359
867 639 246164
884 438 33603
1178 1101 75310
284 702 901972
363 615 518452
749 83 405168
190 282 165428
264 519 860747
361 426 38184
560 471 139208
1008 453 861687
1162 353 187937
779 593 424752
183 65 993800
745 553 754963
645 14 351863
491 1146 145006
277 273 434562
783 531 514032
757 249 235316
498 895 989244
627 716 175187
813 56 230774
748 586 90495
695 1095 337387
505 859 647934
939 14 701239
191 752 597760
727 854 843915
279 493 731893
571 976 986306
392 631 888759
561 504 860125
697 811 664540
120 1019 703882
1089 614 69383
936 1085 420691
822 656 762762
311 548 401035
1028 492 245753
1066 517 149043
412 513 37324
684 590 541490
600 1015 724863
832 148 766600
644 682 863179
105 1153 810586
90 1056 966833
56 658 474485
270 298 554605
769 1153 996226
1076 1117 904508
664 426 169459
532 562 50107
842 56 770582
524 43 641873
685 714 57404
616 654 335132
101 1167 890641
970 53 119854
1164 1061 566720
1152 411 644338
832 1036 780911
106 76 802579
63 1020 345393
848 428 683822
701 967 941115
1160 743 406382
1037 317 149029
216 224 859206
777 310 122265
47 249 551167
446 179 268953
1077 341 412807
762 1113 553559
957 574 446674
522 582 557096
993 216 430994
830 877 124932
251 1060 803405
151 257 837527
1134 52 118943
133 598 204440
429 895 540043
395 966 650602
210 253 836409
665 422 95692
1161 1115 200510
218 967 864642
591 1125 416041
840 1113 348713
140 960 364837
65 401 519571
1053 460 127478
493 353 432912
768 887 369195
299 354 254423
356 1073 917029
614 925 85416
1067 146 800094
544 550 677720
336 57 577788
711 684 941516
167 506 164681
505 1022 209178
511 504 482983
50 742 525796
1082 580 579844
716 616 636858
46 392 298851
190 279 504870
1180 166 76331
688 1126 192994
1145 724 589833
28 435 853342
1001 654 484144
657 169 896748
1043 435 118299
715 788 164184
349 336 987852
719 75 189169
1193 377 159739
601 775 489494
1001 420 329624
809 1139 182225
991 666 151269
931 664 949864
318 1164 864517
333 647 417570
186 1011 195892
627 139 163404
172 1125 806435
374 341 364414
298 899 323105
919 232 230865
1109 525 479589
466 838 610069
367 79 567586
283 400 802388
580 469 163497
1080 1119 543233
312 890 400841
777 558 572860
224 541 637289
233 459 69147
1129 824 18638
69 972 729220
707 30 496891
995 292 452698
546 521 997560
298 560 385322
193 998 891133
607 403 194116
689 550 90623
100 299 471312
42 332 650274
962 501 302828
796 277 759689
658 322 204251
973 43 191368
102 116 732964
1169 122 605249
833 469 112958
703 6 195535
298 219 853869
22 984 410782
158 568 802827
172 64 812965
1005 77 756835
495 672 794593
1003 535 905978
695 433 5790
1184 501 958594
273 189 463573
1060 758 751805
794 130 748332
585 33 166069
26 956 67526
872 713 210605
163 154 610821
948 378 894512
91 273 598359
705 1067 699750
54 747 226284
72 789 99120
20 1099 189083
136 824 488228
186 211 131446
497 105 917584
891 1092 300537
750 401 440375
292 410 473587
135 432 74423
860 115 131395
1069 795 192686
221 348 69160
53 721 785944
825 840 963782
59 275 790740
537 45 955152
115 678 80816
821 220 169036
649 9 738334
105 67 514562
1128 1146 360999
553 373 357150
222 1192 84743
933 376 691115
839 687 420563
631 645 283836
756 106 584622
380 227 841155
482 1077 330080
951 186 47847
470 1119 14929
1051 70 483542
234 1162 998364
221 125 510471
968 1089 876852
1134 151 973170
303 886 567347
218 809 596561
3 474 366840
1050 360 20373
183 1091 73899
77 416 418230
1104 1003 244914
327 469 788516
44 392 165584
642 285 779821
625 825 464510
1069 319 289149
909 750 26299
407 876 831887
601 87 597212
452 70 52151
364 946 403834
438 872 584450
862 132 271517
808 153 919812
1020 435 23684
1088 436 913148
1141 352 770438
846 275 857336
208 700 173896
1105 596 839253
900 400 778300
28 1027 64837
873 458 385383
1117 761 533591
228 468 611764
762 424 326951
327 1053 587258
284 1133 413398
402 83 771011
346 739 793845
124 762 858036
691 597 975726
243 47 790562
695 663 529559
32 635 421288
604 952 333480
111 973 870407
1001 457 687806
121 1128 760835
1128 1084 459113
1115 1061 760927
459 1080 232720
744 139 654103
800 289 656635
399 964 434652
557 449 230772
489 390 91857
802 600 436222
121 675 783638
822 430 964377
282 1152 238981
248 770 642117
312 1133 48670
659 644 338391
772 724 138158
836 234 694021
353 796 676515
60 190 216171
524 515 848021
557 1182 706494
49 1004 236690
876 343 981156
364 696 116725
474 1088 682232
869 896 773943
178 324 931605
697 724 825600
175 1144 2779
825 495 686612
836 141 341514
360 166 900672
56 682 292016
606 138 596995
1024 1018 271410
453 800 517256
233 1160 313636
541 598 926096
744 200 803331
1140 409 699902
642 811 802637
904 737 715617
900 1181 444543
354 219 454232
93 1092 87445
236 46 517588
152 336 541365
829 1189 13748
989 554 324172
103 844 65086
445 989 399898
195 517 759629
396 408 30173
1135 932 386124
279 23 643942
1170 886 22800
1019 276 142099
669 921 437648
311 1012 573152
395 208 359469
15 221 174459
360 547 359189
954 252 495709
1049 833 640637
604 881 657742
558 139 866058
323 1119 77738
916 473 889004
474 588 57542
1048 704 505148
328 271 848896
1117 1013 975970
204 1096 839316
1197 766 344866
355 1176 294797
364 1166 910607
1115 863 116856
1117 392 427857
145 356 800471
522 904 164932
993 596 683510
141 960 571362
703 614 108981
819 1179 673809
558 438 537659
1107 0 316937
134 135 841808
892 900 364231
262 36 236968
616 289 949969
847 421 203192
1119 18 134400
812 522 476579
8 1184 654906
785 717 822029
519 397 730787
988 337 587255
731 316 660461
887 135 591251
486 623 367360
784 133 211604
41 424 749570
853 1149 870482
6 1190 961018
353 1115 470174
397 764 633113
843 462 716555
1012 131 160329
39 165 745708
1114 440 665686
26 266 71583
29 508 866799
662 621 956612
683 899 962421
329 638 357971
684 565 935117
598 764 107663
127 1182 511550
722 211 490974
466 941 357130
384 702 95232
207 522 840267
996 177 942910
455 693 918296
488 893 145296
747 300 359060
669 995 909084
148 901 615844
858 533 37416
666 805 809126
213 653 936440
280 547 831411
1157 400 424784
444 389 519585
156 349 39999
1107 1149 970459
61 708 340467
1057 1096 954162
772 872 665178
731 120 677752
250 23 478187
952 415 491944
577 834 888309
631 515 902413
862 19 203343
457 911 623080
514 465 368137
891 979 568241
414 283 537125
465 1160 638495
28 604 883383
167 1098 758194
516 1 391023
42 269 37767
439 880 269528
1140 263 950362
238 1016 166867
86 421 350689
467 1104 626743
1008 840 89933
1055 107 307390
113 234 614929
260 290 103236
952 724 616110
566 634 387363
536 119 298485
90 1085 59118
316 1066 66467
742 412 87081
578 707 215343
343 125 162091
972 416 550991
890 721 352068
305 498 372452
1159 365 179398
426 544 874738
535 769 172055
1185 532 932202
783 1122 194083
132 671 749253
384 1010 25691
911 228 237124
1126 711 842135
375 141 719215
294 939 550583
344 653 18956
376 535 839233
664 379 195798
709 9 842511
202 861 554485
245 344 602014
108 886 149508
684 498 677996
956 792 919086
1005 1078 57815
300 73 982955
150 495 245983
771 523 769614
1197 593 342125
172 666 440197
885 34 794511
576 442 846215
571 1158 498215
7 341 460581
20 477 743035
1120 807 692743
467 957 461962
59 179 692039
704 734 654742
532 1161 274563
447 516 331177
14 299 504545
1003 729 774489
1060 813 763097
174 11 865518
1147 806 234678
388 1073 530904
1162 1139 404263
267 797 288606
950 1149 855893
63 371 277866
314 1068 9300
1092 304 369155
837 513 191080
495 836 511598
359 32 289244
865 790 710391
880 1051 683392
583 1096 248485
491 654 862751
116 776 21408
62 900 552729
164 341 538105
1116 385 662786
579 34 520943
766 611 471472
277 905 862940
384 1063 937672
72 661 798333
707 998 8704
31 658 82640
1151 743 678525
1071 939 997855
14 1084 927946
423 829 565536
1133 247 59168
717 446 448337
932 187 256589
61 795 711698
386 759 224592
707 663 434256
486 449 247603
241 961 129851
381 367 424549
461 1188 490991
313 342 529944
666 1108 394082
730 298 539650
1004 808 243466
362 714 639058
954 25 580325
341 322 688624
979 172 560158
1175 554 600978
419 379 400625
1038 900 801926
73 874 413019
278 204 627332
443 312 95162
252 1125 178398
978 846 709530
746 491 946446
897 819 472585
1041 713 700272
612 987 110900
1063 1178 800522
271 138 291413
521 743 83154
828 226 603448
218 577 200938
651 1015 536099
346 838 871872
780 1073 170830
812 1003 795047
588 1128 99219
678 102 369728
782 15 226130
743 1053 987614
798 34 285808
781 1112 550806
609 59 543630
651 510 502302
388 152 228102
442 671 124490
723 775 608146
609 220 833022
189 613 352443
495 165 160776
593 390 553006
1009 160 985287
946 1150 376112
159 973 828621
56 655 801007
809 456 156836
879 994 22470
1014 94 475088
909 123 902776
579 85 321769
204 180 383619
101 938 692160
318 140 117431
467 833 938552
522 156 914934
508 702 559380
677 237 514573
1043 921 157200
179 197 172452
835 608 604826
48 449 762166
394 454 22538
625 308 783024
647 187 134529
515 78 108814
113 203 625569
532 466 927900
104 108 793663
456 1106 484054
652 1044 589505
82 925 473488
698 1024 836569
730 55 383150
405 385 276834
505 716 351718
108 588 311511
768 981 688257
655 435 359874
125 1134 548606
86 298 856610
248 1025 548022
473 1137 221370
44 1190 252233
635 879 149528
23 915 929047
975 983 286438
84 586 784804
523 231 811612
759 260 134760
415 740 698130
1013 71 710188
525 83 160326
725 377 894635
97 758 171573
138 118 228752
101 523 63786
289 446 851218
933 1061 163568
366 265 694399
74 719 930121
146 391 593812
1067 566 293317
268 738 763982
111 660 879654
2 260 470541
387 401 82299
428 1148 352412
616 1029 480962
334 483 970531
841 1150 166307
1183 615 792591
1028 339 175818
938 1008 105332
736 523 101588
1052 436 592933
1006 688 236613
206 67 950502
438 80 187392
297 62 678133
628 1059 214701
492 514 502581
161 505 259691
267 86 79553
278 193 486739
56 1050 764061
939 779 248491
1181 889 656417
139 281 688842
201 88 472245
820 817 954168
1152 5 447719
988 1046 341854
957 191 456731
34 314 32307
683 301 149710
1141 703 242602
737 314 633579
7 797 361201
270 661 674168
78 468 242137
290 278 959491
424 1139 298197
1023 657 484198
554 282 649443
1186 1072 713046
1187 559 271206
564 73 693686
131 161 12032
569 213 486974
680 483 106603
119 530 801036
1148 331 978461
584 100 349963
512 1078 658121
515 651 640554
999 858 586959
651 378 447939
651 949 794573
912 293 789188
318 693 337108
316 288 225933
719 610 720457
579 1174 837181
32 590 421714
252 837 92876
871 268 252039
24 934 402446
361 172 193218
375 319 900947
303 51 127743
1180 616 215823
489 704 669169
57 1117 22828
723 819 71590
355 714 52752
417 430 902588
749 770 269055
125 862 16639
1004 827 729196
654 809 700735
403 560 666221
1019 479 588508
853 6 148279
17 708 49638
274 1164 406458
973 72 648173
125 1002 326671
750 959 278768
605 703 734857
608 438 326523
508 103 327276
1018 762 490653
818 115 45618
1054 112 960559
1109 750 775379
1017 730 913727
419 862 173849
462 714 343134
304 321 600603
999 119 191635
1076 331 161164
543 575 481383
782 63 798299
400 545 111292
383 916 809184
190 873 192908
528 974 791138
348 1101 520691
358 684 909059
472 242 466863
34 1097 816498
342 256 499187
867 725 137821
51 417 654372
1055 839 798487
571 953 576815
1117 933 468500
213 270 547930
1106 1166 791905
1186 845 760489
412 1086 184782
474 665 521912
281 739 16730
125 313 10731
491 115 303153
176 849 116753
66 460 117072
835 267 530549
1062 313 990152
662 440 352784
178 104 98988
607 60 548744
70 238 64565
614 426 485640
293 728 759169
53 455 884231
851 418 982155
268 190 960710
353 20 119631
570 746 511087
459 1045 28623
610 24 957697
297 1180 46434
771 1086 933650
282 934 345509
1054 529 383711
682 271 144365
715 382 577019
624 473 105098
1081 658 562403
745 901 564697
9 489 824851
574 245 957189
99 1099 798039
542 265 916803
908 607 875018
1146 1031 373267
11 639 587247
76 241 38971
1078 177 577931
265 680 392732
815 655 728343
1106 1091 824035
592 329 625199
1137 781 204884
247 488 22090
982 927 601
250 1054 552845
254 569 48408
837 253 985275
949 967 519939
604 411 11945
1170 228 701989
700 327 279025
542 994 811812
1085 831 682710
1126 97 394830
667 404 484862
543 56 163674
1020 823 103392
1012 64 117476
237 811 42169
537 341 181350
141 737 903303
908 702 810691
664 763 428474
1141 275 848500
1058 112 283975
123 108 801876
16 204 862637
145 189 819925
732 820 636582
929 706 384935
187 539 632185
1192 184 964927
993 229 418473
1048 1156 935339
284 1134 487158
378 379 479276
95 1079 474721
65 1127 531542
44 1163 316513
1064 1044 168831
1025 945 306825
220 139 243650
265 685 29889
100 1111 114479
457 10 823597
617 476 800822
356 1108 802466
1082 904 729002
69 1118 346521
126 913 69743
197 974 857250
1117 657 446927
939 106 167622
1162 808 39920
242 798 648932
1091 213 572294
249 899 227168
1146 64 295199
1163 1098 430354
842 295 695675
698 743 385142
1012 733 658861
740 296 773255
383 635 181654
302 802 916893
420 1159 662544
929 642 998305
42 1132 577019
886 57 538615
1188 147 815705
616 413 207321
3 534 564206
422 658 51177
397 318 789353
148 115 648846
169 907 993814
993 681 310099
872 534 50836
1106 126 495511
148 676 463577
694 198 970100
292 532 75234
575 945 600815
753 514 894640
1082 201 579546
480 707 450375
125 22 862782
8 734 475113
758 303 89428
1085 32 547662
582 1126 861243
685 977 317178
549 787 155887
322 514 150367
375 972 695590
119 581 80715
1017 1013 576353
425 731 260607
216 378 239780
512 545 702280
91 288 763289
811 145 411677
670 91 592688
914 799 562549
392 263 519999
128 416 145281
677 597 727933
284 1190 57746
1116 143 350363
981 571 113735
112 988 777849
343 1147 6124
718 953 463684
972 1175 475064
993 1028 488582
364 416 981677
100 631 609485
1171 535 766066
1064 123 94011
774 955 820250
788 1108 237711
96 271 363714
732 386 494995
178 616 329676
460 161 279097
102 1104 701667
58 913 749799
162 464 198084
17 154 972860
294 584 648094
57 70 526445
1086 966 76210
602 907 232825
459 266 100
180 442 902336
245 68 171463
71 481 497110
912 274 729142
851 334 948584
846 1136 677895
939 665 735209
997 646 161173
190 1057 693495
470 106 443415
1164 67 534266
826 1089 639760
933 1149 328020
1033 1068 616825
349 1093 536190
502 433 641755
393 244 96736
547 461 589353
369 204 316047
310 896 52176
419 747 372865
832 603 236974
151 726 42506
40 486 303140
779 358 378460
883 1127 435004
7 736 576415
10 955 759263
1066 1045 589504
529 377 816657
992 707 58551
929 851 543612
929 135 629348
583 580 561123
795 136 941412
440 1000 655138
955 690 799437
663 1180 320997
513 735 491539
215 945 615524
998 743 973197
319 625 604683
921 212 58696
180 1057 398879
584 579 937664
1111 616 419642
233 362 489650
886 1034 162605
1101 687 636515
305 996 250721
1053 16 166827
333 171 597429
533 1037 578679
634 106 143931
771 280 286187
724 87 514058
639 855 739835
101 916 699787
206 591 804173
551 427 544427
368 391 964668
301 1028 831985
479 1076 471974
773 1078 935420
578 817 910251
988 1097 567160
62 641 292955
354 463 944026
883 997 969662
710 913 64371
1193 708 83849
1026 979 940186
1061 766 902201
686 581 583947
508 919 286084
368 333 950463
766 1115 172910
579 531 157646
401 891 914651
916 1046 293893
582 310 711695
604 346 85892
762 226 47964
414 748 554635
319 753 599282
807 825 72598
1161 33 137793
60 1091 132525
657 664 349235
83 1000 151123
1086 429 935132
1031 266 421001
270 226 934254
665 567 448866
336 567 718717
367 1090 25997
818 694 162422
1001 595 514138
497 728 337622
159 831 23872
734 364 921606
524 103 8698
600 68 718461
1092 275 911021
83 165 938610
858 953 958195
1057 307 125772
994 633 55644
444 1104 976403
102 866 372821
253 545 641743
329 651 560549
571 636 744660
528 67 87570
730 664 399064
485 444 685606
1190 73 832688
775 655 361006
989 355 295292
354 1075 940543
1039 995 548326
275 148 975881
172 1150 172946
405 1024 123041
826 566 334486
453 498 725225
876 327 826054
140 1023 442871
159 409 285145
250 591 36834
537 260 900657
865 196 83374
997 553 17877
1108 497 35941
929 278 593669
591 801 740884
215 978 515818
720 1056 635964
687 878 554474
79 213 557544
506 559 459210
477 680 993360
591 55 823379
63 506 787846
932 274 256041
739 417 482693
152 62 579147
573 832 499591
914 581 235121
900 117 602254
283 424 849812
258 931 161338
694 83 455460
733 298 15468
1193 1112 461752
719 299 129247
652 1025 875911
879 103 692935
925 627 753922
89 235 689238
1145 943 660389
700 610 171046
197 933 196351
586 386 150493
488 370 498552
212 468 570271
569 629 69196
412 477 27406
195 445 488977
945 1037 507688
75 471 205585
177 78 86891
750 518 174960
1033 1071 416207
115 305 599469
324 1123 667048
438 475 7181
418 1081 990906
934 43 156022
640 491 972672
992 897 595636
1079 313 940519
124 893 502228
1185 200 282772
209 223 134698
862 76 80486
477 942 371045
841 7 282607
67 365 587341
1067 561 673067
333 607 752421
117 61 24562
672 154 383633
674 122 4805
190 185 535574
228 992 601264
645 1051 417841
280 1128 437488
526 1027 69406
653 395 404031
994 466 271327
115 134 844245
766 1074 266548
592 376 922370
558 903 908538
927 141 955284
27 32 124719
931 213 997492
189 543 553070
1093 1150 884697
776 999 758476
408 56 120204
1011 402 77854
486 1003 866553
274 165 486316
623 335 693089
17 312 535979
372 230 51704
149 480 849839
370 502 49479
127 1031 955936
974 43 642326
1145 1042 691918
632 1154 674563
530 744 198695
747 902 611713
333 128 754519
553 492 651910
899 79 189789
100 954 792174
879 675 203216
537 985 267091
443 750 445781
298 23 712698
433 640 590844
1016 627 190798
1075 1065 46479
845 169 495975
720 8 596308
6 116 4273
1128 262 864605
1179 74 427917
839 578 628696
153 650 611436
317 632 509270
5 289 669297
971 864 457299
1038 649 855170
569 881 535843
678 983 374632
647 6 925418
704 598 852873
118 931 219162
410 441 54461
512 715 683520
1066 399 672010
97 286 449864
400 638 242438
238 1032 572569
473 1005 514866
312 518 122149
423 230 959894
1000 980 526298
138 459 16373
33 680 827469
919 1174 563028
976 580 627696
672 893 759320
711 123 251078
470 691 840484
264 60 426082
658 68 447989
1172 832 582584
253 984 197091
837 975 519113
249 114 453928
479 14 618725
629 812 333721
1186 463 946798
493 259 275823
858 1097 735738
28 284 45568
1070 193 308860
654 1007 860030
232 263 745437
1150 1155 924905
792 588 436038
1062 50 329015
1014 605 787891
178 483 845917
460 843 375807
281 137 648478
1147 59 903591
535 7 535698
11 767 973721
376 417 959597
557 282 135306
1181 813 922411
822 575 147672
671 382 168814
1133 1134 456842
827 53 319885
484 800 814757
865 847 267184
501 110 922635
638 846 87325
568 1003 514471
1023 567 526265
724 876 149412
742 1119 909915
17 930 611284
487 388 643309
149 568 579068
776 1160 864284
295 460 458744
896 880 803505
76 1168 894610
138 876 629220
933 201 775131
218 610 888709
1028 455 898200
712 1071 153194
271 319 601891
243 230 513098
117 867 866594
1166 36 213973
798 103 200011
955 225 258442
570 1015 60672
750 1067 434809
818 89 176081
1045 771 116040
639 890 494700
1031 589 745469
277 333 669649
1051 878 554568
850 331 399903
349 307 233029
128 710 497335
382 1116 658857
594 19 615590
762 872 775579
1164 1135 396435
57 1033 747222
667 693 486886
644 868 323374
605 62 416645
450 982 959316
1104 328 14499
1093 869 462693
737 1059 534244
713 414 299842
853 958 126428
810 279 289470
295 939 855720
466 907 347343
586 368 549982
572 1119 297276
51 58 764269
193 295 624138
1180 829 5516
372 791 270230
1183 255 885375
1175 394 23689
627 569 374628
856 407 341317
629 450 523679
611 706 800350
119 820 500051
698 1129 937475
442 283 217987
1071 669 721317
734 673 105328
431 735 716207
1161 235 140794
675 70 555014
957 1185 391515
439 1022 894242
1007 586 303302
1083 217 862802
367 790 559145
713 1045 240347
232 1061 296777
1096 251 945510
1100 131 308858
253 286 447719
981 1143 304245
787 1166 486110
1055 459 259978
929 133 114040
564 1102 628353
718 936 334698
76 827 920721
606 941 308362
691 982 475184
82 87 913138
646 1036 5154
428 448 613042
908 1017 486597
26 959 783008
417 1041 86763
608 1037 382673
151 812 653957
1169 84 105805
552 1191 731206
460 508 290240
3 1133 796786
434 1121 473671
250 383 653538
859 666 209367
707 1121 191715
907 867 905745
241 624 784411
368 654 222482
633 0 547662
48 311 692020
551 417 947134
1168 872 391212
414 932 577404
491 660 136474
339 795 865645
481 255 627520
670 1152 108510
123 495 997161
319 972 174603
11 592 551855
334 908 892553
234 564 875799
276 242 635674
1167 617 277549
917 1144 596265
605 900 496868
269 539 493344
292 975 960180
28 508 14592
758 684 128316
674 826 395187
1174 530 883627
1040 658 646729
819 529 133945
304 939 538112
369 8 711472
36 201 248107
391 807 915062
74 705 448105
52 283 973419
277 1103 985858
429 820 497302
392 868 149866
1126 759 598530
907 223 7532
718 500 661911
605 192 824358
353 406 406167
1055 916 699955
1024 397 545038
351 416 858772
389 897 736857
343 231 159394
847 522 59523
536 116 643142
128 630 786474
643 394 563998
177 733 409981
1139 0 104891
18 218 266700
309 933 69274
562 208 7910
902 1078 259035
940 1024 698804
741 577 424341
490 953 83741
682 789 601112
898 939 77054
355 467 369984
21 1101 855596
843 708 181738
1098 204 489890
221 263 191332
309 1165 495100
923 778 530221
681 481 81096
404 912 946199
27 459 342637
861 210 163914
113 449 309983
227 489 939545
746 45 137867
143 454 567126
548 189 649085
109 1027 880269
416 140 169084
870 159 76215
102 470 301794
384 1188 725288
581 614 875160
298 1197 728317
617 756 415922
1140 397 200637
1024 102 278437
1020 569 441769
362 108 988802
1140 185 266595
1118 463 197586
386 591 561883
862 244 332397
101 1135 289478
956 1035 978536
635 682 37802
1155 899 296847
282 124 892733
570 351 96274
164 292 369686
684 1042 471243
498 947 11476
838 667 486243
120 395 369363
336 226 879956
511 510 843935
1127 696 884829
775 17 376440
384 214 338805
84 997 736598
410 1116 204539
359 87 58382
433 709 989911
92 190 900327
594 1048 80342
920 722 37136
561 18 872978
455 623 972432
735 965 885393
246 644 445150
71 208 831233
173 1064 414230
256 232 961105
520 661 321590
800 150 307645
64 493 388719
791 271 286964
871 259 142472
1053 141 638002
39 251 316543
936 274 692810
381 180 734643
1090 3 689548
34 452 262067
201 1123 513375
1155 356 896753
259 273 183747
229 88 344375
735 148 557570
628 373 709462
514 946 313130
1125 1153 270612
17 285 555039
502 634 8660
790 894 482214
193 642 457034
559 213 353945
836 1174 997839
1170 415 703725
373 413 110444
1139 769 784546
368 171 299486
353 815 978889
1193 309 427313
293 863 135044
293 34 445490
191 1197 749327
246 71 296691
137 1160 800956
705 9 727433
567 847 158609
1102 831 216344
738 882 144233
1146 628 315082
167 277 960587
1081 886 391504
357 801 939927
1131 258 517749
620 987 802159
552 453 837581
419 96 422990
962 514 72227
100 1182 606370
1099 541 607375
811 262 945271
734 514 789256
1075 1071 415144
543 55 658911
803 682 297303
823 484 430293
561 1122 652158
609 932 885701
320 97 554298
1164 1145 804828
755 383 835592
321 1110 970567
433 553 519996
928 585 332782
875 377 850779
774 877 69166
150 171 571329
155 941 67393
327 30 190224
1005 724 343787
389 940 257410
703 458 869155
736 335 117437
281 502 717144
351 427 890961
1164 721 98761
50 1135 321823
478 1043 27102
682 594 662167
804 694 449056
999 852 681495
20 1004 883477
718 860 263987
197 559 925286
919 543 325644
367 218 759074
993 5 182358
706 133 353169
908 959 743839
906 643 35115
211 99 54183
1016 611 515608
515 484 664599
375 807 171009
220 764 324634
651 25 759161
475 978 603156
658 1069 986137
179 725 446670
963 432 359040
460 174 696829
62 490 417067
1137 503 10080
843 943 657178
768 628 647422
372 1037 23481
474 680 467865
71 803 983895
454 759 273392
992 787 53489
1138 164 34747
695 696 255970
1071 940 780117
1011 492 978414
133 306 535681
346 198 216306
1021 483 914527
1178 26 779577
828 1119 511931
127 826 364078
1145 1068 232784
571 1017 253973
1167 961 495894
904 259 645336
124 1023 810097
652 1187 683406
457 188 299763
80 36 953537
467 834 260027
763 597 513418
97 701 724391
981 1104 542917
678 287 84208
935 890 667435
694 781 659370
850 243 909952
302 244 781952
163 464 734858
986 211 762110
17 526 348532
1045 123 310452
518 365 425041
727 776 381645
865 590 594407
1094 834 528248
84 919 111001
914 269 365840
358 94 840448
431 730 495953
1158 655 107368
668 67 883672
179 125 574963
926 153 593558
4 546 256640
240 693 164876
878 1139 94863
448 215 176066
471 71 827117
672 18 952230
1164 1186 277493
373 293 727387
1074 228 857881
1130 348 921133
435 681 936726
33 499 354214
74 1143 873283
765 663 541481
865 195 735925
1182 708 506398
236 230 879023
357 267 618924
574 115 951572
446 21 883584
876 712 254079
639 567 416050
525 2 712272
687 909 653509
524 451 300190
498 244 907352
961 563 45264
150 794 599897
753 933 503289
63 148 392346
693 431 855336
1129 81 162871
500 438 250786
1070 796 663356
860 550 283519
254 82 322608
1190 190 627111
726 810 348145
801 81 717679
483 117 468729
245 439 899869
656 711 359555
1196 255 970030
885 1105 184655
725 791 400506
299 156 129445
683 1135 259016
503 129 579902
726 676 790610
0 955 805636
799 1059 703946
84 1078 760681
681 927 2137
666 669 411805
443 586 189473
931 1119 448461
1132 481 779425
1108 27 707947
467 652 666944
22 258 491998
92 434 233467
80 941 620104
180 970 55200
1009 864 917554
80 1138 762290
557 190 318741
1016 767 459670
297 308 934862
1152 956 675389
205 572 352179
1132 1007 927054
617 809 986297
389 299 747460
329 567 816694
1157 724 53700
597 502 548228
313 131 854170
293 631 684071
270 489 167388
744 658 220566
536 910 207099
7 1097 618078
107 970 655663
671 189 983129
261 939 44521
694 345 413929
364 556 544500
640 967 48568
275 975 858472
864 109 234579
82 949 825013
791 505 483789
508 613 169119
786 176 916416
634 227 259578
792 397 636708
155 165 844120
612 749 560959
699 281 452565
1026 1138 455024
984 520 706226
571 138 36397
1018 1036 822276
509 798 585138
686 299 940828
627 1100 81875
1110 1044 621113
1072 117 927918
819 300 39271
455 1131 533207
721 612 693687
762 1192 908644
434 854 641728
144 846 776064
638 725 558868
103 568 271191
489 528 744200
444 0 647318
4 1183 544111
829 724 400763
1126 255 916863
517 27 920486
270 698 416632
411 696 427562
117 431 305579
796 1057 645895
365 559 950911
793 1155 195126
807 308 526670
594 993 708937
853 829 39290
477 174 616394
875 1048 11766
139 981 143235
889 1049 629851
832 555 156536
72 364 372225
493 336 250604
675 708 661535
190 643 678943
213 234 589656
395 567 256993
1017 49 573596
722 651 388022
94 1027 923418
601 857 215381
1196 77 730820
68 15 99977
1177 876 222733
784 454 873809
985 1039 617611
519 564 724324
341 235 193699
835 62 457338
133 1112 115912
470 508 761996
348 430 260365
366 796 253230
496 1101 758916
24 383 187910
1130 291 73373
1111 836 705059
696 1021 437611
510 296 834334
177 793 212569
2 223 42276
59 258 28745
808 597 219534
1086 584 597711
209 345 693377
973 936 406192
803 157 575673
847 270 733055
583 1129 43686
935 899 689726
547 119 200437
60 333 328882
1081 310 875998
187 1180 151743
231 1076 734925
484 1143 365448
122 463 517958
501 712 217906
818 130 358401
172 417 894816
332 224 848741
920 1094 849806
445 632 957869
173 234 565005
914 74 767035
838 899 414259
995 1187 54728
514 960 593436
946 237 954578
865 835 938309
813 649 944203
55 138 592893
685 277 978583
957 115 84009
630 1087 495148
223 412 728594
80 910 118699
1112 387 354181
688 659 344849
414 512 859101
825 1013 789383
840 426 333439
462 745 499289
610 10 318047
598 978 275593
741 428 501969
722 99 537207
1039 990 819311
1156 717 675962
714 33 348807
149 1089 478757
862 1083 170556
467 659 347606
100 218 706347
302 295 742174
299 94 825854
1040 4 76547
1089 1183 203335
1101 766 845808
563 577 64423
811 591 526401
1026 925 333912
25 873 822303
283 788 17460
748 444 732583
920 953 153486
1046 7 362806
1192 846 206258
259 474 940159
701 1082 236449
236 79 803295
297 83 969202
1080 728 993805
820 254 289245
298 1074 183287
1117 569 343793
938 158 489621
733 123 699314
829 32 909516
805 879 737427
525 155 351675
143 571 362530
174 105 338950
283 479 175141
1089 706 328104
592 1154 267975
920 729 197027
987 1132 669435
63 294 596171
573 854 683268
787 365 743915
368 91 502262
582 742 459967
387 1033 622281
225 1165 693339
876 1060 810417
153 867 430788
659 1052 246065
331 226 482641
102 824 315288
1196 526 736570
190 454 598477
301 1194 840917
512 944 631097
439 480 659604
980 69 101691
1081 643 81745
1045 476 978333
799 511 297878
299 1124 8781
921 549 742356
245 94 812722
226 131 694040
559 80 541755
307 726 592985
1082 1108 744430
428 975 554374
885 388 450712
332 523 512868
1106 172 583892
337 944 862886
225 414 883914
182 591 533339
19 740 795401
534 769 674549
1000 327 977732
844 169 775625
111 444 840761
1101 570 448562
804 923 970213
285 847 356237
430 249 726275
1060 636 685626
244 29 132521
506 1188 71329
768 174 749393
462 442 51911
551 609 152924
756 1029 660061
174 408 437429
1036 49 180138
987 367 357408
1016 703 923178
146 1035 822291
671 258 530981
86 655 835718
1111 1154 664892
141 591 505575
997 785 396529
295 568 506449
693 568 79616
932 817 488523
929 917 398433
218 665 60783
353 463 699590
111 570 898158
664 709 941738
114 895 237488
437 1172 119349
793 423 2287
941 808 817175
734 1065 527792
1023 849 822586
1095 445 636085
332 14 382617
274 791 459783
571 124 245654
580 319 453973
345 13 991028
266 546 213356
700 39 554639
739 921 804190
1060 115 647382
223 774 217524
496 486 356665
634 468 212001
324 793 613252
421 866 522526
335 285 865959
363 833 557340
512 1020 389944
1185 934 96242
715 500 694447
512 395 869211
186 1012 646348
14 881 240652
71 762 387506
902 548 47109
405 760 294646
553 464 320832
292 300 424737
530 316 762129
1072 837 116733
344 578 842774
851 304 147333
1153 783 753912
1146 419 219564
121 916 258809
488 864 691644
15 279 462947
273 339 902137
866 1172 906693
21 23 874068
316 402 113192
1001 568 306482
394 898 356980
79 1023 81276
37 121 370980
365 273 622328
797 369 896433
856 813 637342
170 632 239159
1166 577 991573
655 406 110161
1173 73 976957
1142 97 441245
585 310 820375
173 258 12793
938 780 483221
275 1050 384246
830 98 491523
540 548 375762
280 711 895477
743 839 630337
94 418 96622
206 941 105982
169 730 799674
1180 692 179026
440 412 536054
653 1124 689589
385 954 148542
710 897 350609
838 752 35909
247 178 956618
703 527 999434
153 448 740232
490 859 856947
922 823 841817
923 207 919026
1174 656 47013
1036 828 287498
122 102 534429
262 914 306824
239 176 15942
189 673 303183
365 930 509226
1189 608 818314
811 937 919505
1018 1080 404717
592 909 934230
402 781 816561
649 485 767797
338 722 684141
697 10 939867
837 829 506591
465 633 649846
365 1180 628405
407 863 390077
330 1092 178375
996 913 798357
84 829 596831
429 1090 807818
976 300 218345
101 487 129916
998 318 858960
697 324 44785
1101 701 981150
852 1042 635153
617 1092 972650
981 849 343747
992 532 90748
833 930 550187
943 472 697446
732 625 721456
619 696 926613
1163 748 956984
932 707 336008
828 284 564862
640 983 774409
730 32 852260
634 255 659152
6 1006 276339
723 1158 180505
573 292 416920
337 1196 92172
909 839 3470
70 990 645346
354 881 459677
134 576 35913
611 751 719750
830 541 194676
1105 103 66470
1116 1070 770615
832 610 760193
682 687 240091
1053 404 98308
938 707 119650
376 456 873719
163 1140 86834
685 1066 505101
433 999 218320
493 391 535936
794 1009 260388
133 182 492643
164 411 369023
859 1077 370904
669 405 172580
495 456 751750
390 386 634647
879 970 680536
724 656 920157
240 902 83408
883 302 915562
928 887 2819
675 518 628588
335 1031 859687
149 208 727824
417 918 741004
603 786 800414
1153 250 740514
108 408 951869
248 945 662799
461 387 922866
595 788 247469
416 279 245520
167 925 871998
443 365 364667
1128 580 493516
524 1163 830818
875 259 968364
1127 330 319944
123 56 459786
309 1066 535682
687 40 537687
150 602 156166
958 273 19443
1072 587 393280
705 51 893739
1163 182 543392
1039 975 875552
1187 1055 990116
968 35 77330
160 668 607412
175 944 482329
304 661 406381
256 1140 314352
239 631 711864
1101 1023 24717
691 61 459722
51 305 561849
120 940 437954
393 607 329489
129 825 220571
907 677 289236
298 630 841793
173 153 660047
885 537 266990
819 210 65537
723 648 399087
1111 1040 287451
421 285 30008
1134 550 970630
806 1062 333055
440 1078 774427
486 721 468602
333 851 625558
890 624 755434
692 1100 372012
1128 1063 880955
114 949 530410
32 397 104376
842 642 175150
794 151 987290
557 1180 778036
1089 892 1855
319 121 424805
256 841 516612
690 927 692698
799 465 461283
106 618 846857
976 603 703684
691 350 571948
1021 726 561135
296 1154 510129
1016 1185 969955
1151 239 814922
122 351 640066
149 1022 562789
188 799 674593
410 1084 839249
924 23 71034
464 115 389096
1122 1088 936131
842 1122 978444
800 305 882295
650 14 841653
360 126 709094
626 565 487923
305 702 1253
100 332 108172
863 734 23799
331 601 235202
649 414 43078
629 654 302522
499 243 693713
1024 364 708217
326 382 450169
334 936 349947
509 290 995451
458 68 237689
1094 211 284087
87 638 164063
104 1104 365559
998 638 204691
942 203 190479
673 771 273132
1090 506 840899
737 690 20108
687 861 490328
32 943 910414
572 3 1360
415 440 765661
1126 712 497887
837 65 583449
939 957 912789
1164 71 627874
283 33 406381
617 145 427766
1083 1128 879564
95 981 661358
954 80 947903
175 405 260399
556 1031 35462
163 96 358061
272 557 7244
952 817 108498
738 1056 667138
565 563 259835
856 713 773541
367 1132 833632
1104 885 219684
1001 1047 519448
542 669 902470
620 1005 264143
1183 582 913439
107 803 601622
1170 322 823748
207 988 766899
881 10 654686
81 340 948757
906 807 979312
827 577 782017
1190 811 120723
316 121 469961
196 1031 702845
91 987 833379
827 704 421400
508 387 843376
497 983 832234
13 389 149350
178 875 222509
393 1170 111979
572 1144 654360
400 147 696552
565 499 29249
992 1178 165363
537 1062 789805
236 792 594324
955 439 751521
1142 1121 536105
970 557 972416
704 514 707984
780 1080 718179
493 311 584715
5 612 714635
680 472 756231
724 821 875944
436 495 20045
435 1164 100442
413 568 235125
871 606 586056
1069 483 267420
812 1185 365445
190 947 157091
447 743 468379
201 874 634941
1035 1122 203522
992 789 939782
885 488 46854
129 15 793308
840 1109 66506
210 958 594179
714 1000 795539
723 778 42255
960 3 948004
1050 1031 451355
660 36 738981
373 1180 919795
67 1024 702580
565 521 811158
131 1075 750849
1115 1067 495248
1123 496 396610
1067 671 554502
137 48 900356
328 1178 849093
303 197 533993
1151 1000 18331
685 462 26112
501 1176 456885
555 424 556341
634 158 784657
999 441 689109
858 499 832943
217 554 309838
295 541 582308
1080 24 843968
507 454 206816
411 16 414508
940 278 647448
741 314 431460
267 89 180205
693 891 373337
1096 1188 862449
857 940 750796
1066 224 81697
260 865 909970
858 907 220991
541 962 68737
965 597 734284
713 733 528512
573 32 237328
1176 1136 865220
382 63 654677
890 1 384235
938 197 516356
385 939 907997
698 280 360250
363 265 567135
122 663 984649
478 397 76041
423 244 757014
394 125 187767
1065 193 433594
80 1166 345063
766 1146 466897
276 27 546506
702 1076 671640
40 178 336889
524 266 545847
146 515 494568
36 389 968105
445 862 977364
917 350 79143
45 564 376688
704 277 104418
1097 1192 971256
260 51 708001
891 700 431009
404 564 106564
806 691 885715
521 346 697789
962 1015 714322
405 667 621123
864 353 369927
988 223 229561
803 695 97084
1005 749 186457
507 42 748662
586 69 54635
649 587 603180
83 408 125283
789 277 447033
792 366 595343
831 247 954568
245 976 710081
518 525 237022
30 604 485130
430 105 554947
676 223 510606
793 232 659509
898 491 362522
853 455 899375
813 114 736143
1154 292 860883
174 609 410203
602 714 100009
293 900 120640
230 849 489783
417 354 700780
153 239 285513
1051 528 556531
148 446 65628
459 167 919936
0 472 75836
475 194 613617
490 638 987202
570 499 953141
223 826 77501
259 1032 476668
128 703 907897
125 370 71457
883 177 617893
266 343 765101
500 7 544049
775 9 612247
451 459 180309
53 303 703635
961 376 347306
314 232 305918
702 262 353202
555 402 201564
315 1105 641462
1066 612 108429
1191 1120 861461
224 528 271159
473 370 263187
11 212 956248
786 940 807985
818 981 445319
325 680 239563
588 53 51841
1110 360 526926
444 892 822445
265 604 300707
517 367 950422
120 708 720251
429 8 611534
338 577 165250
266 650 458822
759 507 509361
514 399 659071
1090 539 26134
90 851 893928
1082 624 988500
186 1016 174020
78 1140 184449
482 425 205528
330 738 108857
747 976 738682
886 665 300499
854 307 29970
701 117 266021
711 897 481510
402 416 154289
735 743 528759
749 330 799891
1 1139 904431
423 581 186827
736 29 592469
93 860 239346
638 23 398880
877 427 987018
302 710 94583
1057 277 590580
1024 681 117175
846 110 554457
723 686 325202
686 1103 767066
1108 320 280118
546 770 107950
204 1033 82542
665 0 362617
417 773 304887
719 795 495022
1043 532 144164
627 1161 965768
412 1152 137113
928 506 571515
399 975 528231
890 773 786621
1034 905 666380
177 109 869784
107 898 664977
1134 693 824170
340 239 139512
1094 266 34903
1018 902 635763
70 911 98306
869 726 721750
223 878 844388
152 602 375504
1066 1165 912126
83 724 429244
43 1136 860442
141 1025 477240
165 693 319406
1040 1068 88213
421 890 780516
659 601 61578
1104 910 352369
271 395 420027
922 606 699190
511 250 917268
85 363 786278
390 700 762687
283 169 952655
891 777 88911
277 1054 802548
679 1173 333967
1019 971 237074
381 1006 748233
1140 314 412330
797 506 841088
139 217 952071
123 882 42821
33 785 435833
911 543 411102
605 475 420557
728 95 926174
838 576 262704
1176 842 297559
450 230 232707
843 665 663129
60 376 16027
471 904 658596
267 721 916193
516 1137 803632
507 1024 609161
924 1120 594442
1016 664 627740
718 288 167320
678 139 91492
333 1089 148383
370 3 541102
1160 831 676591
343 265 246382
972 215 592536
407 1185 808371
41 776 450266
150 621 424244
219 892 732876
957 1150 720083
900 809 220242
111 435 808984
503 556 257089
125 924 154007
169 989 906805
842 467 778124
689 1158 629128
374 1184 476890
719 147 775687
19 758 261006
1148 22 140728
1048 268 907676
976 610 887049
917 221 868230
909 747 758982
788 638 808314
0 1 133386
1 2 629070
2 3 592834
3 4 361931
4 5 186562
5 6 272578
6 7 561763
7 8 122428
8 9 117073
9 10 18357
10 11 970442
11 12 961990
12 13 221298
13 14 955535
14 15 113838
15 16 128924
16 17 961299
17 18 155390
18 19 116052
19 20 947565
20 21 869724
21 22 261950
22 23 989421
23 24 259387
24 25 74090
25 26 454446
26 27 470682
27 28 120626
28 29 55186
29 30 573633
30 31 485126
31 32 264673
32 33 504144
33 34 102346
34 35 63861
35 36 772184
36 37 224808
37 38 922424
38 39 400298
39 40 911567
40 41 208221
41 42 721122
42 43 679745
43 44 241424
44 45 119042
45 46 840958
46 47 30383
47 48 138536
48 49 275158
49 50 754561
50 51 488888
51 52 455042
52 53 974925
53 54 889412
54 55 147317
55 56 947499
56 57 378610
57 58 610749
58 59 25966
59 60 12432
60 61 838619
61 62 897061
62 63 242294
63 64 133484
64 65 829143
65 66 93575
66 67 575247
67 68 600300
68 69 188647
69 70 104715
70 71 785079
71 72 348637
72 73 653969
73 74 602442
74 75 489711
75 76 18642
76 77 476461
77 78 243738
78 79 510481
79 80 897701
80 81 382884
81 82 497457
82 83 454554
83 84 347505
84 85 531204
85 86 596954
86 87 350568
87 88 614162
88 89 555147
89 90 771411
90 91 36932
91 92 667964
92 93 256149
93 94 253682
94 95 108890
95 96 489535
96 97 180673
97 98 614423
98 99 98472
99 100 116403
100 101 156939
101 102 367697
102 103 362859
103 104 129755
104 105 830185
105 106 127905
106 107 679571
107 108 978387
108 109 46904
109 110 353613
110 111 766236
111 112 671826
112 113 156700
113 114 489695
114 115 353530
115 116 320512
116 117 607865
117 118 213047
118 119 743651
119 120 886970
120 121 314765
121 122 255183
122 123 567897
123 124 777044
124 125 719349
125 126 147935
126 127 773657
128 129 495106
129 130 825116
130 131 307568
131 132 354251
132 133 940200
133 134 529024
135 136 967648
136 137 832178
137 138 23026
138 139 612453
139 140 158009
140 141 992959
141 142 727786
142 143 770535
143 144 894559
144 145 789507
145 146 788251
146 147 251327
147 148 638326
148 149 100530
149 150 350818
150 151 217824
151 152 430675
152 153 474113
153 154 319796
154 155 711010
155 156 423195
156 157 9177
157 158 511204
158 159 634614
159 160 78534
160 161 937573
161 162 472519
162 163 769280
163 164 22935
164 165 681407
165 166 47876
166 167 859571
167 168 322270
168 169 937755
169 170 776841
170 171 132310
171 172 829560
172 173 280865
173 174 500028
174 175 541413
175 176 870796
176 177 616003
177 178 416216
178 179 186453
179 180 551869
180 181 973781
181 182 204499
182 183 669064
183 184 239536
184 185 739536
185 186 342799
186 187 42992
187 188 476195
188 189 672949
189 190 326368
190 191 295473
191 192 93777
192 193 128893
193 194 20468
194 195 202453
195 196 341836
196 197 358788
197 198 254240
198 199 26609
199 200 560729
200 201 257059
201 202 188123
202 203 6661
203 204 597163
204 205 207494
205 206 206407
206 207 421048
207 208 736685
208 209 663418
209 210 388634
210 211 788932
211 212 353135
212 213 892504
213 214 118477
214 215 933544
215 216 400342
216 217 296962
217 218 617369
218 219 107620
219 220 208242
220 221 316040
221 222 338710
222 223 64554
223 224 401083
224 225 729092
225 226 285025
226 227 27320
227 228 236254
228 229 895673
229 230 398956
230 231 677645
231 232 425875
232 233 4864
233 234 444168
234 235 777486
235 236 728727
236 237 127819
237 238 902003
238 239 346632
239 240 618228
240 241 677889
241 242 250072
242 243 25646
243 244 368938
244 245 56256
245 246 247657
246 247 897035
247 248 990056
248 249 943028
249 250 565276
250 251 650926
251 252 168676
252 253 657100
253 254 406181
254 255 943331
255 256 157781
256 257 148778
257 258 252308
258 259 230968
259 260 846748
260 261 827445
261 262 61635
262 263 241111
263 264 212541
264 265 12139
265 266 734993
266 267 388283
267 268 468370
268 269 148265
269 270 438315
270 271 556414
271 272 480749
272 273 715226
273 274 670998
274 275 295921
275 276 132285
276 277 444737
277 278 42072
278 279 646554
279 280 249198
280 281 262348
281 282 798649
282 283 714731
283 284 211910
284 285 484336
285 286 789735
286 287 245914
287 288 672064
288 289 69972
289 290 3616
290 291 165110
291 292 943107
292 293 326685
293 294 727827
294 295 915924
295 296 607061
296 297 365768
297 298 238888
298 299 354003
299 300 169835
300 301 502926
301 302 171524
302 303 567032
303 304 409429
304 305 939991
305 306 949225
306 307 398073
307 308 734816
308 309 400927
309 310 736322
310 311 19042
311 312 46163
312 313 888939
313 314 942283
314 315 513735
315 316 548400
316 317 509649
317 318 971951
318 319 287960
319 320 410172
320 321 66827
321 322 340062
322 323 68961
323 324 449592
324 325 629791
325 326 400157
326 327 918535
327 328 286065
328 329 761916
329 330 664433
330 331 627996
331 332 28870
332 333 726117
333 334 436184
334 335 407024
335 336 510661
336 337 651470
337 338 684996
338 339 479319
339 340 347543
340 341 300574
341 342 594740
342 343 789152
343 344 371975
344 345 999520
345 346 904179
346 347 961390
347 348 396911
348 349 639889
349 350 625745
350 351 151209
351 352 55170
352 353 868179
353 354 282249
354 355 458956
355 356 508495
356 357 632080
357 358 925052
358 359 892941
359 360 93844
360 361 193969
361 362 94754
362 363 81727
363 364 77432
364 365 157353
366 367 507238
367 368 55233
368 369 241211
369 370 15688
370 371 728399
371 372 779875
372 373 481315
373 374 745166
374 375 96754
375 376 153207
376 377 908853
377 378 312038
379 380 558361
380 381 707175
381 382 142193
382 383 11123
383 384 987960
384 385 806367
385 386 946165
386 387 516609
387 388 632156
388 389 75158
389 390 927729
390 391 730817
391 392 636774
392 393 486090
393 394 10531
394 395 696971
395 396 513687
396 397 917538
397 398 197661
398 399 441181
399 400 422099
400 401 991024
401 402 743783
402 403 864670
403 404 383593
404 405 796936
405 406 38793
406 407 104980
407 408 512743
408 409 466479
409 410 439875
410 411 443567
412 413 178434
413 414 597870
414 415 190236
415 416 911894
416 417 45622
417 418 836489
418 419 4897
419 420 696716
420 421 147031
421 422 46701
422 423 483570
423 424 95822
424 425 262316
425 426 658178
426 427 716862
427 428 867459
428 429 979069
429 430 545229
430 431 526118
431 432 607269
432 433 143452
433 434 988923
434 435 276110
435 436 15689
436 437 320757
437 438 388178
438 439 228176
439 440 192900
440 441 412687
441 442 219636
442 443 298273
443 444 55791
444 445 278978
445 446 334907
446 447 668530
447 448 564007
448 449 870724
449 450 354228
450 451 642842
451 452 31032
452 453 249577
453 454 514807
454 455 378813
455 456 544285
456 457 867040
457 458 916899
458 459 925784
459 460 13375
460 461 810514
461 462 349450
462 463 907460
463 464 516172
464 465 522486
465 466 520062
466 467 11147
467 468 868061
468 469 737921
469 470 660941
470 471 45958
471 472 28272
472 473 85839
473 474 593889
474 475 173364
475 476 772556
476 477 925509
477 478 66579
478 479 210126
479 480 698724
480 481 979772
481 482 91213
482 483 309569
483 484 866305
484 485 906938
485 486 989927
486 487 572867
487 488 356848
488 489 516001
489 490 801923
490 491 521628
491 492 119636
492 493 753069
493 494 383754
494 495 380876
495 496 585032
496 497 422145
497 498 2117
498 499 820387
499 500 332349
500 501 219718
501 502 47873
502 503 725105
503 504 57812
504 505 196429
505 506 763947
506 507 474795
507 508 346562
508 509 513783
509 510 609477
511 512 630494
512 513 429191
513 514 198577
514 515 247422
515 516 943586
516 517 235946
517 518 151580
518 519 627527
519 520 662027
520 521 174302
521 522 405447
522 523 564947
523 524 792443
524 525 35567
525 526 645845
526 527 293096
527 528 357725
528 529 350040
529 530 955315
530 531 304117
531 532 385697
532 533 265936
533 534 350288
534 535 822443
535 536 664300
536 537 782437
537 538 396730
538 539 675654
539 540 10874
540 541 255097
541 542 876272
542 543 452527
543 544 870065
544 545 892725
545 546 958864
546 547 673063
547 548 608423
548 549 612026
549 550 644684
550 551 33739
551 552 553277
552 553 302342
553 554 735871
554 555 662447
555 556 51914
556 557 571436
557 558 137103
558 559 878357
559 560 697809
560 561 962711
561 562 481231
562 563 579544
563 564 975817
564 565 963645
565 566 76797
566 567 69741
567 568 807336
568 569 769556
569 570 996403
570 571 57762
571 572 816157
572 573 282687
573 574 814783
574 575 43567
575 576 357710
576 577 280397
577 578 364184
578 579 508311
579 580 965547
580 581 344553
581 582 660180
582 583 74344
583 584 381572
584 585 80793
585 586 271560
586 587 868334
587 588 990987
588 589 639421
589 590 165695
590 591 840189
591 592 608315
592 593 633530
593 594 705069
594 595 355526
595 596 305741
596 597 526833
597 598 688267
598 599 19094
599 600 346705
600 601 186093
601 602 918562
602 603 233833
603 604 804066
604 605 780348
605 606 111353
606 607 995007
607 608 916440
608 609 940912
609 610 623540
610 611 350817
611 612 146965
612 613 488246
613 614 15552
614 615 887693
615 616 847721
616 617 944453
617 618 840093
618 619 472006
619 620 151162
620 621 992711
621 622 830839
622 623 516782
623 624 962788
624 625 810272
625 626 777012
626 627 207009
627 628 135241
628 629 859610
629 630 683113
630 631 237233
631 632 107038
632 633 397329
633 634 721196
634 635 781321
635 636 654853
636 637 116848
637 638 718879
638 639 28348
639 640 835595
640 641 50459
641 642 419810
642 643 572395
643 644 659841
644 645 484088
645 646 786941
646 647 274663
647 648 337833
648 649 765674
649 650 656978
650 651 633936
651 652 78160
652 653 267958
653 654 86145
654 655 174006
655 656 137357
656 657 975620
657 658 651938
658 659 454876
659 660 71022
660 661 812411
661 662 606078
662 663 201962
663 664 970946
664 665 988588
665 666 926074
666 667 925240
667 668 618637
668 669 376587
669 670 874308
670 671 404461
671 672 844070
672 673 829036
673 674 500650
674 675 821606
675 676 367787
676 677 606212
677 678 105238
678 679 891323
679 680 272030
680 681 348430
681 682 858399
682 683 540529
683 684 349726
684 685 359093
685 686 354771
686 687 737578
687 688 310346
688 689 429634
689 690 482827
690 691 627258
691 692 673575
692 693 548593
693 694 576911
694 695 65887
696 697 962300
697 698 291218
698 699 782899
699 700 176238
700 701 868188
701 702 337748
702 703 112770
703 704 442938
704 705 481413
705 706 214338
706 707 717692
707 708 986665
708 709 656470
709 710 866762
710 711 598672
711 712 941031
712 713 251339
713 714 177080
714 715 898431
715 716 913537
716 717 470415
717 718 398556
718 719 172143
719 720 929640
720 721 207840
721 722 508514
722 723 770549
723 724 991974
724 725 104621
725 726 450365
726 727 35874
727 728 980382
728 729 329746
729 730 686383
730 731 50057
731 732 516938
732 733 221969
733 734 519383
734 735 350749
735 736 143231
736 737 451949
737 738 183515
738 739 464815
739 740 289624
740 741 251733
741 742 922299
742 743 381675
743 744 248484
744 745 37488
745 746 238772
746 747 721357
747 748 870767
748 749 951482
749 750 515276
750 751 380110
751 752 68783
752 753 594499
753 754 624659
754 755 355536
755 756 899126
756 757 236973
757 758 564948
758 759 140343
759 760 905255
760 761 732661
761 762 249998
762 763 198468
763 764 346409
764 765 238670
765 766 249501
766 767 591712
767 768 693364
768 769 900186
769 770 567141
770 771 252591
771 772 173184
772 773 88508
773 774 68636
774 775 833564
775 776 887596
776 777 921674
777 778 731836
778 779 622122
779 780 276408
780 781 512799
781 782 100520
782 783 385412
783 784 448594
784 785 747698
785 786 53394
786 787 255841
787 788 979793
788 789 387021
789 790 804019
790 791 911426
791 792 16401
792 793 119181
793 794 503739
794 795 587134
795 796 78338
796 797 875914
797 798 275501
798 799 446841
799 800 437890
800 801 531206
801 802 345375
802 803 161965
803 804 32507
804 805 106089
805 806 430821
806 807 324050
807 808 325698
808 809 831052
809 810 58251
810 811 899467
811 812 811387
812 813 450267
813 814 199113
814 815 745250
815 816 714247
816 817 11654
817 818 203670
818 819 582819
819 820 738423
820 821 206778
821 822 50915
822 823 93902
823 824 602098
824 825 210725
825 826 112497
826 827 337450
827 828 182765
828 829 642729
829 830 801342
830 831 671667
831 832 467001
832 833 604414
833 834 266899
834 835 451343
835 836 49409
836 837 860095
837 838 896179
838 839 35600
839 840 825740
840 841 230445
841 842 335682
842 843 673807
843 844 921068
844 845 341934
845 846 860419
846 847 807468
847 848 47516
848 849 935981
849 850 833785
850 851 576609
851 852 193798
852 853 130295
853 854 973893
854 855 340027
855 856 542887
856 857 444524
857 858 704655
858 859 988673
859 860 987848
860 861 703173
861 862 272478
862 863 643708
863 864 954518
864 865 959705
865 866 699670
866 867 992465
867 868 111024
868 869 627978
869 870 207065
870 871 648129
871 872 394885
872 873 314989
873 874 502987
874 875 349464
875 876 16335
876 877 985003
877 878 183947
878 879 988070
879 880 663884
880 881 258687
881 882 129523
882 883 888111
883 884 602115
884 885 304338
885 886 354774
886 887 858357
887 888 364262
888 889 161207
889 890 631208
890 891 436496
891 892 808288
892 893 974093
893 894 705832
894 895 265772
895 896 910919
896 897 224756
897 898 23024
898 899 552840
899 900 289618
900 901 722091
901 902 323411
902 903 567041
903 904 251762
904 905 259312
905 906 743344
906 907 432265
907 908 797457
908 909 972778
909 910 812056
910 911 267484
911 912 820462
912 913 824381
913 914 674519
914 915 203121
915 916 469701
916 917 14195
917 918 116057
918 919 899100
919 920 250221
920 921 679913
921 922 166872
922 923 633105
923 924 723488
924 925 709190
925 926 544865
926 927 813643
927 928 772473
928 929 938302
929 930 640403
930 931 336708
931 932 340201
932 933 220356
933 934 962798
934 935 233935
935 936 520419
936 937 979789
937 938 2179
938 939 470033
939 940 412332
940 941 306484
941 942 854556
942 943 999816
943 944 439319
944 945 609658
945 946 931757
946 947 330127
947 948 724826
948 949 561761
949 950 81827
950 951 777916
951 952 197718
952 953 591976
953 954 292525
954 955 777430
955 956 5560
956 957 243197
957 958 904005
958 959 586887
959 960 194627
960 961 535385
961 962 403935
962 963 218789
963 964 537457
964 965 938839
965 966 112780
966 967 96549
967 968 991688
968 969 180639
969 970 258813
970 971 295010
971 972 600676
972 973 353764
973 974 660668
974 975 965081
975 976 440515
976 977 276809
977 978 507573
978 979 969476
979 980 181219
980 981 551448
981 982 650662
982 983 694284
983 984 8169
984 985 425360
985 986 941820
986 987 606289
987 988 118666
988 989 12664
989 990 370071
990 991 417940
991 992 822133
992 993 80524
993 994 40970
994 995 419042
995 996 561732
996 997 163804
997 998 829034
998 999 786232
999 1000 709545
1000 1001 85201
1001 1002 588955
1002 1003 864777
1003 1004 88821
1004 1005 671481
1005 1006 901877
1006 1007 559200
1007 1008 336830
1008 1009 445023
1009 1010 278104
1010 1011 153195
1011 1012 136440
1012 1013 401066
1013 1014 396339
1014 1015 44644
1015 1016 168062
1016 1017 430647
1017 1018 740234
1018 1019 152805
1019 1020 520523
1020 1021 758180
1021 1022 572213
1022 1023 136752
1023 1024 925933
1024 1025 714728
1025 1026 428217
1026 1027 809877
1027 1028 992679
1028 1029 735271
1029 1030 703326
1030 1031 849859
1031 1032 580790
1032 1033 880741
1033 1034 247911
1034 1035 622129
1035 1036 346310
1036 1037 707126
1037 1038 567661
1038 1039 274947
1039 1040 246630
1040 1041 951823
1041 1042 169669
1042 1043 451948
1043 1044 407196
1044 1045 907013
1045 1046 706253
1046 1047 306367
1047 1048 914699
1048 1049 10235
1049 1050 599897
1050 1051 503940
1051 1052 68475
1052 1053 703735
1053 1054 208664
1054 1055 997335
1055 1056 200530
1056 1057 993050
1057 1058 657246
1058 1059 62699
1059 1060 510308
1060 1061 560422
1061 1062 622667
1062 1063 556847
1063 1064 439349
1064 1065 66084
1065 1066 552005
1066 1067 530940
1067 1068 245836
1068 1069 4356
1069 1070 644441
1070 1071 973222
1071 1072 319594
1072 1073 849011
1073 1074 802580
1074 1075 207208
1075 1076 289458
1076 1077 319906
1077 1078 437310
1078 1079 901221
1079 1080 336062
1080 1081 30406
1081 1082 246235
1082 1083 201500
1083 1084 949297
1084 1085 785491
1085 1086 974021
1086 1087 277642
1087 1088 170704
1088 1089 317724
1089 1090 248113
1090 1091 958772
1091 1092 927556
1092 1093 985583
1093 1094 28481
1094 1095 618563
1095 1096 459893
1096 1097 438373
1097 1098 594977
1098 1099 222265
1099 1100 716807
1100 1101 875811
1101 1102 368050
1102 1103 939478
1104 1105 664519
1105 1106 426585
1106 1107 963656
1107 1108 712189
1108 1109 130966
1109 1110 521420
1110 1111 346141
1111 1112 271734
1112 1113 899210
1113 1114 414757
1114 1115 489741
1115 1116 787660
1116 1117 109890
1117 1118 904165
1118 1119 913656
1119 1120 526199
1120 1121 797559
1121 1122 614613
1122 1123 474398
1123 1124 964938
1124 1125 526480
1125 1126 941505
1126 1127 182898
1127 1128 625801
1128 1129 479700
1129 1130 592980
1130 1131 66818
1131 1132 363146
1132 1133 953875
1134 1135 700240
1135 1136 755086
1136 1137 8365
1137 1138 486031
1138 1139 424039
1139 1140 712432
1140 1141 512332
1141 1142 96123
1142 1143 411422
1143 1144 982199
1144 1145 415977
1145 1146 654152
1146 1147 771457
1147 1148 42637
1148 1149 541714
1149 1150 653510
1150 1151 820494
1151 1152 704681
1152 1153 67836
1153 1154 959556
1154 1155 838429
1155 1156 747741
1156 1157 591823
1157 1158 716418
1158 1159 381698
1159 1160 443968
1160 1161 380042
1161 1162 29749
1162 1163 800241
1163 1164 953805
1164 1165 751789
1165 1166 828316
1166 1167 478482
1167 1168 787748
1168 1169 625727
1169 1170 587891
1170 1171 911098
1171 1172 843554
1172 1173 309152
1173 1174 79272
1174 1175 863874
1175 1176 1804
1176 1177 387179
1177 1178 6247
1178 1179 252550
1179 1180 245646
1180 1181 472742
1181 1182 654002
1182 1183 505477
1183 1184 590988
1184 1185 568840
1185 1186 312600
1186 1187 555395
1187 1188 894226
1188 1189 710454
1189 1190 391535
1190 1191 766356
1191 1192 211570
1192 1193 946565
1193 1194 371936
1194 1195 649881
1195 1196 63555
1196 1197 867686
