7531 1906
684 7453 652753
595 2997 232576
3299 3734 261493
1162 4015 639818
396 2204 912310
5173 4740 368563
6187 2225 903195
6983 5299 344559
1127 822 831036
3616 1154 607919
6700 4534 458674
3858 6257 381445
4424 4352 532530
5278 5611 523123
149 4598 87655
4328 5139 938736
2068 5745 550577
6327 6085 91311
1134 93 297614
5330 7442 60226
6879 1732 342051
5423 4955 485545
3574 3744 433417
6763 621 346304
631 7092 21595
4853 904 402854
950 4827 111954
5797 5272 262241
3735 4355 569782
3604 1848 115214
1626 6247 793007
6274 1712 261715
2825 7336 748340
3866 4874 791078
6958 1088 872668
3358 4258 116441
5030 355 486560
2690 4641 669029
409 6028 901419
7093 2343 43968
5948 260 523904
2843 2099 848984
6097 4147 748561
1715 1124 797376
5546 7074 502891
7445 5160 538212
5126 6401 646079
225 2869 241816
6645 2922 651995
4379 3503 199156
3840 3626 311595
1388 6081 704375
2914 5564 527249
4498 3167 148546
5088 3144 730477
1876 4339 839639
1442 6842 275110
2191 2738 335881
6765 3245 501970
1243 5737 561145
5389 2106 330806
764 4070 172479
6413 4609 197106
5159 306 564652
6724 2175 603203
3355 4002 733746
6895 2012 81161
5615 1476 835566
3452 5922 246009
3908 4254 195066
6684 733 979191
2644 3098 648925
3123 1549 679330
2209 5113 922827
5854 4076 998975
5055 135 260296
6683 6093 545654
2523 1436 324297
93 6911 118263
5000 2157 679936
5485 3123 408917
2278 6904 891678
3803 6454 524886
5359 7215 981594
5941 1711 124764
7260 1209 882793
3131 2806 454538
6850 2647 585239
5654 5440 601659
7210 6821 595878
7341 4242 617732
5403 1548 714115
4298 181 511013
3023 7428 300562
4214 2831 512235
3959 6720 376515
224 502 939763
1693 5803 139392
1164 7169 407491
4776 1542 972256
868 5570 517434
4894 4262 374403
3160 2490 932435
7128 7182 507046
5278 1627 5707
5578 1061 416085
4224 3331 549587
6236 5299 313638
7421 387 59542
5287 2704 14930
5449 2550 415292
6764 4495 187797
2246 5520 459355
274 4782 771997
2678 2844 841251
4297 3251 193945
2905 3064 343478
6339 2974 748489
5938 6175 80558
597 6682 353781
5927 7129 181141
3767 1756 338188
4174 4836 200516
211 1263 772415
4933 1766 949849
4383 4269 941182
7435 2956 151520
4523 978 959724
318 708 750233
940 69 683600
2725 6627 584174
1725 3915 758084
7077 7472 678594
3207 4263 486217
3616 4856 51794
3650 3095 270085
2559 1957 686907
1694 5458 922346
4983 5239 199329
4186 6898 457895
7161 4134 26384
4579 7451 608334
6056 2579 628733
917 1495 240864
6718 2025 425229
6622 5347 306240
1255 2585 65562
4155 3161 652507
4725 6988 265168
3566 3669 517338
467 2229 571027
3552 2459 302891
5796 5529 688281
293 4697 229691
6673 2939 632455
4907 4223 684265
1835 7397 123689
4167 987 680952
4236 7395 64194
2566 6813 597558
3259 2304 216011
2519 4931 961784
3975 6291 301659
2509 820 932693
3808 1820 757761
3190 297 167209
5751 1980 885693
6636 1697 109322
855 5918 994947
3767 1712 970254
2549 3337 544738
4106 3354 967391
517 1645 627976
6777 6579 97156
5322 5881 444342
3735 19 981070
571 1874 700764
851 2769 383872
199 7096 786910
5547 5466 217017
3790 7363 730325
645 4257 605685
724 3491 645549
7438 6821 127209
716 998 485526
6461 6774 804352
3179 3687 440195
3023 7267 428362
5203 3110 859684
626 1102 813473
2194 2294 825977
1926 6301 528364
5609 4429 274588
2553 5482 759854
4451 7008 6127
3623 1646 704529
4801 372 784767
1437 3193 256633
2732 5408 916936
4257 2295 461191
871 2174 488385
5747 1042 714103
6842 366 706584
7110 2808 427005
1011 5832 567177
2824 1099 770553
5979 4085 699815
5268 838 116272
1637 5577 101476
4297 6424 535479
960 2310 955531
1718 4388 659331
3021 6854 468290
7472 7224 798153
2511 647 350777
2371 354 410835
854 2290 41088
6365 957 803532
1659 4647 732752
7190 7360 888491
1356 5055 903851
4532 6315 220308
1809 2362 330088
1150 5499 657584
834 933 523244
3546 7367 869041
7034 1417 239716
7322 931 111407
865 5897 890447
3939 5058 271891
3054 6421 905808
1986 5482 850690
7331 6928 909407
7413 144 432274
5370 5005 219929
3979 3431 709829
1691 4811 382047
6914 6460 127066
1118 5355 610012
669 5565 342922
5432 2119 513432
2634 7145 301852
830 2498 689331
4790 492 554221
5592 4284 353046
5087 4102 251728
429 202 649922
2145 6329 886046
5415 6719 415513
2619 5788 385271
3990 2309 968185
4155 5077 816669
886 1614 396629
5589 5938 943277
5086 1193 322063
3705 2985 113502
1488 6026 924608
1221 2338 692068
6973 718 292861
5591 7162 763173
7398 6806 63289
5885 5679 353853
1324 1458 939925
4877 5179 760643
2338 3338 230443
6346 6449 957397
2887 618 228562
1493 4031 899163
4947 3505 605943
5902 3893 75454
2576 4294 944212
1321 55 875067
7067 3413 139590
479 2798 32765
3544 6696 316429
377 3832 363221
5927 4320 165258
7402 6918 482890
1841 3693 870198
79 3720 333229
2513 2643 822619
4775 5895 377010
123 6114 998471
67 5106 91340
1012 4993 442871
630 3131 973918
7330 1900 456814
5881 5349 338835
1653 3334 427011
3659 4569 630152
4197 3463 824460
5722 5460 570328
6207 909 201384
6897 7092 570697
7488 7448 933828
4952 1110 266740
401 6788 940786
1609 5310 132773
2619 130 920019
5447 875 648922
1503 3298 667030
2640 5170 736998
216 6901 780014
7526 6861 755240
6379 6513 737285
4609 6237 401854
2571 5782 261994
4838 5004 871721
6166 3392 702572
3669 92 109852
7320 1478 478198
463 6964 576404
1602 4347 866292
6915 271 941332
5598 3928 226611
391 5017 547818
2790 6947 271658
200 6320 547191
2644 4356 980855
1429 6377 297079
2854 1724 145512
6125 3282 64993
3176 729 17748
2648 4908 885402
1350 924 926723
3596 345 940239
4301 4509 182288
842 1897 969460
1548 6579 681471
6365 1437 54794
6325 4449 781082
1444 109 208567
974 5751 371177
4871 2629 579476
121 2571 130377
5000 6939 579006
4725 4052 23452
2523 3236 196422
2023 7448 345373
5181 5949 394851
2347 1898 522183
243 5675 57697
7163 6045 260959
719 2891 531882
2342 6683 971091
502 1792 553634
1718 7112 549514
4773 6945 960779
2734 3810 713454
2079 7342 652063
2006 10 967359
7070 1152 933175
4072 3692 136664
4589 4890 821475
3993 4426 572676
5008 7197 581782
5473 4971 432477
240 973 807265
3747 1322 375433
7165 2768 362811
3167 5965 560660
56 5070 835083
5276 5652 236412
3395 6521 574615
4905 1960 320210
2827 6207 24449
7357 1995 95637
4237 7060 972302
7216 6601 96961
5972 5135 203106
1442 1554 50952
2522 187 540509
5055 5261 231779
4144 3904 274432
1382 6557 780697
7356 5747 450952
6105 903 280057
6004 173 564933
1469 4178 884640
6611 4504 674458
6302 452 655386
6682 4318 208332
471 3009 445672
3344 7342 268611
516 1706 231310
3837 7437 357066
937 951 262219
4920 2200 13664
100 2750 715617
4157 2368 340044
6437 3373 629079
3651 7226 818901
2130 2897 479772
913 2291 476175
3453 1731 147937
4015 3555 598945
2430 3216 52690
4592 3396 440288
2339 5798 978379
4464 801 209569
6441 5096 280480
1152 3931 950132
4827 1716 223642
252 6638 376972
3313 1210 926742
552 474 278897
4847 5875 101698
1059 3900 252566
2077 2028 621301
6489 7508 192234
1285 3610 712908
5776 5622 859474
4036 2802 453579
6196 3490 694440
3368 1978 988799
4498 7255 189752
7341 6611 617598
6232 486 623080
828 4981 411090
1842 6161 33037
6277 1071 118285
6853 3126 506290
6002 1622 916307
7440 6355 378923
2737 4701 456479
2530 2081 342659
3082 5474 961861
3626 3358 893071
473 4835 408136
3106 587 943392
1767 6282 749773
1147 2672 839838
4733 6689 407519
5798 5462 252192
5691 2133 578464
664 5038 24322
5036 5953 53419
6151 5784 338511
19 396 92355
250 4279 141201
2601 3624 851078
6270 2293 902307
4186 4530 689450
6197 3109 42541
4871 5703 523862
4214 5227 584024
6200 2152 334048
4241 1357 482262
4212 3594 868649
6565 4375 234231
5558 613 331231
3352 1427 785748
4783 3963 45763
6038 2598 579328
1766 456 152921
6781 1703 932580
545 2907 217290
3639 7125 528225
4423 2048 902982
3451 672 187172
5043 4790 506570
7252 6209 513166
2589 1287 741169
3005 4145 506475
1459 4341 94815
1461 5777 156247
4531 2695 73967
6619 4619 916131
6792 4455 800569
5353 974 232746
2395 4046 421210
5176 545 40222
5722 5458 913459
4595 2063 583996
3808 5584 474488
4748 916 955404
939 2497 465712
2731 2338 236992
5770 4248 39148
2764 3672 547433
826 4256 661962
2881 301 903530
1771 668 137288
1606 12 937878
5436 5483 749912
6276 3842 798161
6863 3677 191498
7344 5615 490772
229 5769 142092
3491 3419 760295
3520 7072 712767
4700 6744 723858
5044 2746 506654
1775 6070 104930
4172 12 86470
3135 4477 537515
5677 1475 371712
5366 3641 613486
3339 7375 981734
2027 2779 421528
990 1123 273147
3671 1404 752118
7021 3109 676341
244 3615 85256
3322 1427 841700
5507 3898 546106
310 708 145701
2497 7470 38629
4850 5202 912563
4698 6387 737321
2470 1938 455225
5387 3790 225881
3352 3861 281935
904 6958 88402
5438 231 543941
860 3829 470597
2625 3118 757616
5961 1078 996
494 7449 251716
2453 6950 723580
2238 6427 159163
253 4122 71475
2847 219 119026
7152 5531 766711
2222 3191 682370
7412 1022 856610
1695 1497 854309
7195 1586 556165
5938 3391 590364
1063 4966 256468
6242 5306 408311
3777 1991 535331
2397 1660 832618
5207 2489 985845
6301 2871 807298
3857 7424 993987
4219 5156 568207
694 6723 93374
3153 1951 230645
622 1426 404827
1533 631 813172
4295 5634 990271
7479 1189 195751
3100 1832 674873
1295 1534 783973
1162 1024 516522
1118 5316 538989
7461 4587 527088
1211 3660 802571
6545 7473 994853
1244 3911 808721
5618 446 79788
4322 2741 938668
5341 5768 208455
4485 1289 46868
3350 2398 508076
6109 843 900790
3586 3643 211632
2119 7464 60086
3387 881 395186
6775 4030 660536
6808 5353 953343
887 3774 394778
4204 3329 247305
4530 1137 853151
5487 5572 348288
4397 59 175972
5487 2001 719728
6522 6033 106560
4047 645 614077
3536 1411 70496
5055 4056 604952
6092 4076 213764
7184 3081 310029
880 1177 331458
6916 3068 647924
3373 412 166079
4387 4341 570694
869 5981 635376
7169 2625 204965
6164 5164 546815
6553 7327 780766
5178 1452 587966
6304 1135 493408
7098 1517 307388
3301 3951 477733
5954 4181 732310
2579 1264 874227
3664 3649 685922
4095 4370 121109
2553 458 925077
1196 3297 898457
3063 2935 189729
5993 4850 258805
4126 3777 768828
4979 5112 94415
3112 2386 979136
7258 3529 667251
5760 6385 899742
5926 1150 845022
6722 7227 400074
5663 7503 887939
4388 4272 715140
4613 5361 971025
2161 64 241369
4077 4703 355622
2883 709 331554
4631 5110 205243
189 4788 275924
2746 639 399409
3497 7379 581812
4901 652 25912
2220 2298 660215
5107 728 374277
748 5455 716331
2544 7453 263231
1118 4878 227798
5047 6599 809668
6831 5122 174369
2954 87 525618
4574 5504 619429
4209 5653 533065
7083 4469 949513
4074 2414 836180
7090 6179 44236
1005 674 554921
4212 5089 970219
1028 2777 565098
2441 5187 135215
7467 5975 985349
3060 6391 255353
2939 5288 402972
5766 1510 516200
5512 3864 764371
3725 6447 200732
4014 4849 310991
6796 5141 261702
3257 5025 86766
2802 4202 388970
6021 3552 71021
6927 2500 25985
4907 2333 256286
5183 6641 961220
2496 6396 978943
5910 950 14173
1049 4418 529532
3839 6805 550235
6235 6438 701632
5056 1891 877110
4530 5728 202749
841 6975 607379
6867 3923 821738
5515 1097 353153
5171 3056 370925
4971 298 337841
6273 2621 427577
1271 7186 449250
3816 1154 376460
2848 5370 695660
3975 7230 557974
7175 363 586731
1095 5704 262905
6968 7103 421731
1458 2763 976121
1304 467 910411
1226 4851 596924
3552 5858 410809
3853 2441 830969
6598 5982 360992
618 1858 459607
1475 4485 281030
4535 5340 402964
5507 6616 278403
3474 5447 616215
6167 4635 986453
4660 4875 563748
3761 1986 216661
1465 6168 525938
825 460 716311
3853 6980 264513
6908 7290 178433
3306 3196 636930
682 4595 409181
1579 4791 939639
2508 2604 903072
4536 1274 702629
1606 5311 183273
3798 3591 51444
5307 3318 558340
3118 4218 175965
3822 3140 631990
3042 5531 415579
1946 4643 606449
3181 1355 407493
5636 3480 438709
6187 1089 603088
1672 6186 509185
6479 1095 522741
4439 2299 346489
1516 6855 425401
6610 473 904644
6309 5646 176738
4111 438 915253
6669 4536 168409
3499 4246 747052
5709 1497 231309
2670 6463 238908
6699 7067 993216
909 25 607021
5854 2021 496955
5727 7499 158347
2828 6984 843354
737 102 55239
3429 4946 392401
584 1427 725881
6727 2837 874171
2708 7338 75236
743 6915 125005
5963 3094 408838
5518 1384 539722
6564 7075 992340
1755 1074 96764
585 546 524556
1005 1305 109050
3142 5898 99259
7037 3487 517397
66 5565 193105
4870 3519 236244
533 3040 301914
2075 4686 241245
3482 1204 658896
1752 2397 954506
2027 6331 141863
4155 1824 219525
671 266 661217
3032 2674 6773
2581 1622 270906
4472 2374 524033
3203 3786 140529
4165 6155 618557
6788 3657 486345
5299 879 960720
3126 7344 773753
2185 4940 581051
37 3683 576371
1495 5167 839428
6941 1819 163856
192 4703 722733
7311 5232 960338
4657 5566 776377
5595 6574 235138
5441 6388 667099
4005 2846 333097
5760 3095 873733
1313 6164 560386
4857 6845 64605
1276 7459 256033
3136 3715 229147
6283 4723 654941
6676 5031 888357
4007 3024 337162
5517 2453 723747
6602 769 554086
4776 7371 815221
3973 5226 697453
4190 3268 692457
4584 3011 185358
1315 3192 352283
6186 7280 560256
4018 2077 144072
433 4483 601737
3637 7454 621740
2408 813 714513
1100 5392 202026
4698 1514 686150
7062 2645 542522
5237 716 190424
4563 535 517777
4138 4260 319186
6328 2039 17317
4358 7377 948484
7042 252 597576
744 6436 672937
4698 6925 399043
160 1301 808052
77 6336 980354
4203 2258 256993
1199 2343 712458
84 783 547693
5570 3094 255201
5531 6283 556641
4329 5123 302743
1605 2932 658539
4466 4041 262464
6801 3226 260806
248 2626 937092
5371 1451 277966
1707 5220 993816
2621 1662 954902
3396 2538 275230
3522 4483 460714
6830 4431 358897
155 86 94050
2455 5001 339990
2028 6959 728323
3612 4580 401815
2839 2428 535779
4985 5600 450964
1719 3865 739035
3392 5007 917643
5621 867 95084
4298 7525 488595
2083 5291 732823
1334 5554 482233
3113 1863 953003
3890 1097 243929
6861 3240 762391
3111 6897 846782
4469 6553 757348
6926 545 956096
5974 1025 241023
6618 1006 55509
5920 3088 450731
6648 6827 301701
6737 352 882293
2957 2839 669181
5722 5946 160972
3400 1493 347592
6853 3595 545640
7484 5811 260139
3290 5594 151630
6379 7524 926671
6136 2403 722534
6652 4166 927489
6937 3962 562277
1784 4970 658333
5688 6210 133122
1451 7090 218836
5871 4609 947196
820 2921 896930
2778 818 164102
2041 1343 163228
1524 2497 602156
348 2058 944839
5325 1270 562134
4368 7086 669316
5880 6235 278564
4384 6873 622219
3343 5224 406031
5372 7371 92553
911 6569 959954
4071 4543 440492
6093 1545 716912
6513 6518 307981
1907 3281 148556
2382 1792 940101
3504 505 140787
926 1791 174067
6647 2691 256134
345 6201 68136
1454 2754 540895
1721 4029 309057
6837 6425 950071
4246 3462 401687
836 1735 156757
91 4964 797859
723 2473 897381
5418 7154 461712
6607 1606 22415
7308 1438 39144
7432 2691 630927
3439 6460 463837
2874 712 811938
2489 4756 250254
6926 3662 134779
310 4961 48837
4153 4908 762324
6762 7501 67272
2144 6218 790494
6080 7272 40684
2118 4721 674565
4546 970 348227
7348 4041 588634
5754 6576 385571
7354 1869 899566
622 3495 909601
4337 7250 633584
197 1331 966696
99 1174 804614
7357 5829 94864
714 1032 165211
1210 3909 809182
7298 4162 836161
1476 6378 286023
2171 5566 703331
5965 5596 581728
299 1531 255156
2469 4152 856928
3983 6541 869522
6210 4615 500125
575 6934 25276
1365 3856 181918
7368 785 282546
209 2218 546997
6963 7087 961051
4231 5752 100660
7428 6081 859443
7454 1744 377266
1779 2828 113813
5576 2303 691890
2147 2819 149613
4492 5776 884069
3849 3477 547910
5059 7183 100735
7447 6319 390004
3840 4683 448120
1910 1029 718013
6868 7185 608734
5597 2720 70768
3884 4630 95200
2898 5134 831483
796 2872 693286
1373 6546 538949
4709 3936 208526
4031 5335 862306
4236 1742 899436
2272 2081 943586
4355 1669 47679
6718 3621 66655
6146 7324 279579
6464 5024 116974
2548 181 52859
2907 4793 325364
5923 3102 887853
525 3636 114835
6033 7239 964371
6255 2578 214286
5697 4315 362467
182 5042 695181
3316 3400 311032
1425 3781 29713
1957 5853 786388
5523 6669 740469
101 3615 693642
381 4155 689144
6483 2595 599118
3469 2833 60607
6392 636 451408
1022 3970 398912
5749 7384 342578
2125 6570 604736
515 1426 357418
5585 3195 694665
715 5913 934984
1650 691 77522
3231 409 104869
5857 494 520852
6552 6554 579673
3643 5004 497923
7403 6133 685949
2658 3162 730837
7383 4594 243701
6011 5203 934153
5876 6319 68267
362 4596 952152
6658 6091 798627
1060 6019 105777
931 4053 660859
7529 2435 857399
5708 136 294099
2132 1161 494158
1404 2323 807185
1478 6333 812993
5566 4442 964188
2893 6820 881415
3930 4695 260204
4862 3473 631778
4396 772 338261
1667 6511 248303
2294 3613 124482
3861 1718 441571
4588 3701 344766
785 389 437907
3861 6916 119168
4934 4525 689666
6814 2415 559106
2335 2026 814498
1669 5107 122997
5766 639 867322
11 4706 417005
4232 5197 747576
1946 3262 742733
5179 2824 524290
6993 99 438654
2469 6406 543485
6683 3216 251524
7291 945 804500
5088 1795 401875
7486 7028 417327
7253 5879 429348
2583 1008 633101
3870 1930 70188
6090 7005 874832
572 6941 530326
7265 6050 478313
7168 5144 522123
4862 108 488473
5157 2903 150724
7237 2306 228182
2468 1820 333871
1694 5161 880521
3865 6968 966122
1289 6698 252833
2013 5640 852115
5021 7350 66970
5137 5565 918592
5656 5324 580288
2548 4168 645271
5938 5274 428789
3972 2668 475796
1462 7221 619104
5851 2629 85042
7199 887 350475
6376 6316 36550
873 3802 219237
6227 7499 228576
454 5473 565794
1744 5093 241473
1970 4848 947870
1857 5765 861621
4778 1590 23887
1426 2240 47454
3251 7489 962285
4791 3921 899153
2484 1791 5251
6593 1956 929505
1789 5138 230431
4311 4644 597990
3888 4969 492634
6161 213 846626
3633 3258 494644
2729 4537 386719
4290 6545 551798
3670 6015 323642
1617 4287 637616
3221 191 295181
5617 5452 212672
5447 5921 476580
2199 3712 423328
3659 1623 185372
3620 3793 87868
7497 6792 498538
5680 4672 536207
3901 1607 794740
253 2110 823381
7086 3859 147624
6447 1449 918117
1795 5584 238487
1781 2856 813532
1462 514 415420
7348 740 250687
5040 1764 190339
215 4532 806099
1040 6152 702546
4776 6659 907871
2912 5367 234314
4751 1072 143668
7246 6794 477750
4923 3664 380760
3881 6308 487751
7263 5056 520387
1657 1275 864847
3003 5971 429401
5592 2765 578739
3469 2974 800996
3082 976 622860
5848 447 900612
4566 2625 634417
6968 3166 128157
1697 2641 181009
1195 2471 651659
6775 5411 484794
3983 2051 953037
281 982 427068
6686 3167 326311
3766 3916 599158
6879 6080 972628
4841 7437 225161
4777 407 616998
7086 654 448255
2338 3696 232924
2684 4804 317261
4492 7460 459167
7305 6386 247159
6337 3219 289927
400 6411 183224
1821 4559 742831
1942 7004 591716
3188 2214 160998
1636 6118 343510
2044 3723 945127
717 2626 661196
4994 2296 295427
2883 419 8964
331 3960 329134
2125 3341 85628
2149 6459 321177
2414 2050 590119
2270 7367 36002
6931 5686 262581
949 3154 164855
2505 1375 124769
5931 6568 902803
5166 6166 139011
3743 5723 900608
4743 5602 43040
5001 2310 891831
1810 224 253069
78 958 781525
5776 4590 50083
1452 424 653997
5839 2708 10013
3359 4896 586953
546 3376 424467
4725 2965 550301
987 1218 338048
5945 3803 300455
7360 5436 619777
1089 970 480758
6440 2214 782551
6360 3676 496860
580 6893 284542
3767 519 213305
2933 2107 540044
1334 1362 700223
4297 4119 159062
6796 932 685337
6424 6180 160025
4942 3868 143180
4050 4368 312176
6876 5375 563736
5234 117 849352
3132 3360 497889
2164 1749 383193
7256 5964 553392
2720 4734 850659
758 6503 127327
4280 3942 57264
3768 5144 741762
4945 6433 225621
4164 4684 640235
1836 7157 440492
1530 2948 641534
3634 429 222108
4565 2969 913693
2972 6144 232200
5153 4726 1420
7256 266 858831
582 5227 611361
4490 3765 379300
998 1944 573446
6094 5706 762486
2337 3703 735036
4544 2041 161892
4825 5680 905080
4878 6925 342326
754 1649 780356
3307 2370 173422
471 6053 779149
136 634 337697
7060 2615 539117
3288 2196 602287
2900 4043 178311
364 1705 332127
4329 3394 140517
5592 2661 284820
4102 4357 537107
5645 5447 824274
5192 1779 934
3534 6357 478074
3380 7116 206879
1237 4039 498901
6765 2756 606979
6221 6784 280877
7012 6689 186866
2170 5733 203478
6069 5268 510464
615 753 162187
2458 3683 791625
5925 7326 136282
3338 1660 40984
192 2004 375577
6799 2549 504649
6610 6255 787851
4734 6045 50939
5827 4820 441582
620 6130 489894
882 5088 767499
5258 2677 115926
1753 6105 93680
7161 4929 596629
823 3904 860602
3770 5833 57778
4776 2006 758613
6788 4559 998323
4407 1211 440810
6593 2670 645305
6649 1704 285228
5659 896 769427
6809 191 325847
808 5427 999946
299 5313 935193
3784 1006 797842
4342 6637 733288
5974 4301 240497
4250 2905 872057
6096 5212 614244
2156 506 350505
5588 6435 115218
1648 7369 459174
4816 6989 103565
5119 1474 601124
2788 6341 970445
3109 1836 619307
5387 1863 210721
9 3397 81768
318 2046 125441
1672 6888 100836
5794 3454 28706
4700 6632 327611
2402 2883 622222
3084 4957 826387
729 3110 522418
2790 5062 329381
6041 4486 549683
4049 1918 934466
7208 792 654864
4413 1113 239580
4988 4852 285915
1331 1208 450127
752 3464 463901
2790 5675 331068
980 6531 187196
1679 1955 128585
5481 1991 570756
3102 5402 94272
4106 4827 622182
7222 495 827049
2058 7268 373146
7308 4870 828178
6345 2197 372678
6995 7037 358670
1593 465 173441
6471 4213 160073
1612 4489 879388
2441 3025 604849
6935 3206 379615
375 2672 416912
1098 3971 885288
6173 1039 509513
4252 6724 713653
222 7092 490114
5851 5731 687344
3315 3130 367476
5212 1182 807496
5481 3117 447298
7256 5654 512341
6768 1443 419360
444 4653 801877
6836 5362 30217
7262 4301 138618
6538 3813 141178
6917 1942 435283
1713 5924 433404
6295 5180 518956
812 3168 852860
816 1340 443329
3885 5031 737661
4806 5572 577885
6660 5344 434896
4486 5872 495816
678 3248 19259
5297 2508 582414
3041 3866 513977
5226 3113 709309
1730 5333 701178
3619 822 790482
4972 5831 226578
1982 60 44247
460 1804 27529
6287 5599 222659
5920 5063 567701
4296 3964 275633
1114 1203 477157
2810 3715 460533
1066 1483 431488
4996 3703 38932
2704 2621 957465
3598 2065 138405
910 2391 176389
3417 253 305479
7338 4104 482254
5994 4624 102382
5259 2525 772753
1988 4195 129276
2246 6292 347280
6613 6255 970303
1964 7530 362051
1112 4534 158696
2863 5472 149331
573 4976 466466
4831 6070 912886
5521 1658 527349
7040 5409 122227
6774 3859 886780
7127 7445 902980
3963 976 771251
6927 3062 618158
1955 1990 770106
1897 6893 616727
2872 2923 269460
4092 5620 50788
6004 1690 677817
6780 4180 576748
3964 7268 71034
1784 5218 414818
3778 728 446611
5592 1714 150782
2132 2929 462777
3821 6345 738199
5293 4704 979295
3841 543 721424
3440 508 988588
5607 1597 587343
20 4986 710076
1148 1421 507450
7459 1558 77498
198 3614 359230
7498 7087 489795
1423 670 810384
3839 4376 381565
6907 1264 957922
1415 755 229948
233 2977 635696
3814 579 993541
5489 591 215907
4317 2980 536753
4302 7445 246231
4779 126 549935
3218 7443 453276
6347 4157 532705
2524 3514 747284
467 6161 951744
2631 7192 460213
403 3359 931296
2816 1622 628096
5364 6686 252255
6692 581 995878
2643 5542 725395
2444 2998 124120
3498 7100 97851
6215 3915 623635
96 6038 404861
4603 3023 696636
6392 5721 278847
2984 5106 697956
5214 2085 681064
2899 1187 517745
4045 5662 40595
434 225 366559
1212 5475 985294
593 1020 326113
1768 4533 116373
6742 5385 744701
4224 4817 399300
1464 3615 667052
3157 6589 152052
1078 4109 638831
5889 7176 27915
3208 7018 419055
4297 4184 372067
1432 2159 611452
6186 7221 878125
712 6679 621931
4187 6784 39109
6363 887 295913
5765 1975 973354
96 224 948021
6047 5429 234814
6077 2701 143311
1888 1262 387669
7177 4426 333715
2142 6212 987449
7149 4707 87385
5511 1548 914162
2449 3725 13809
5594 4412 849042
2633 3273 777009
3205 2844 650951
1118 5382 237695
5023 5672 728744
3825 1784 164471
4133 1540 910470
3369 307 820962
2996 3123 73216
2701 6187 396484
4311 3547 684220
1407 4104 905862
2826 2749 806863
5691 896 719079
2885 4957 654342
3746 4884 395526
1483 3904 697268
1453 2944 130243
7193 5840 996822
6040 6490 598070
2326 2890 951095
5594 3934 137705
3605 274 2893
1508 5909 56960
3053 2561 28874
761 4557 101663
1180 1867 630970
2928 2361 78652
6261 2169 590762
7406 6487 567809
1754 6762 2758
5982 7529 434012
4954 2565 433144
309 6021 237550
5434 210 428454
705 1099 375118
5989 6776 122469
1221 3018 665194
2216 2507 563695
5064 3330 948334
1542 2907 36866
5645 7517 541584
2622 966 771391
3180 1464 717799
2569 5782 140969
3585 6036 448737
6951 3471 618649
2703 6499 900048
813 1002 170591
3937 2195 521713
2234 6711 298992
4864 1017 379753
5559 2711 115935
5202 5952 128982
4141 177 480789
205 6363 55326
7026 6899 327486
6543 2281 238037
7424 3278 721897
5699 4247 795447
546 1668 399235
4255 4289 320284
6992 1090 466773
4661 5260 178852
6081 5581 223102
6478 861 392777
7059 2668 376343
2589 1472 209858
2378 2998 662112
6798 4515 771694
3939 1326 577473
6816 1317 214362
2810 7389 410796
5612 3012 561860
787 512 115918
5695 5443 969853
564 1419 527393
5381 2499 601844
4494 1259 942745
3306 5618 650714
7267 6062 298855
6572 3472 292716
3484 965 765915
6036 76 941724
3063 1581 662015
4577 5136 679717
7104 4208 355841
7434 3857 101892
4993 1492 220780
6568 3473 398356
5188 6101 635840
3318 4721 476942
6295 6101 102891
4070 2969 341562
1953 3407 81692
7482 4596 939313
4329 730 168492
5242 4876 873997
4170 2602 326416
2667 2125 784438
6780 4445 9459
895 5435 830547
1621 869 515873
394 3066 124173
154 1145 119458
7348 1306 296448
3552 152 725113
1052 6164 632448
3444 2368 913799
2184 5475 396586
4304 5950 793492
3211 4209 752803
4373 859 816583
5685 6151 94386
4304 1469 351833
6077 6301 179235
7320 7063 326933
3534 1274 993958
87 1781 910590
6941 266 664194
4529 4012 997495
345 6317 797420
6695 350 752943
2342 6797 154941
5695 4456 392792
3618 5440 145789
916 2265 568552
4184 3140 622785
3695 2748 337599
2286 5806 221768
2637 236 79498
2115 3976 925262
1345 4523 983858
6209 5907 386196
4011 5846 484735
6809 6184 278288
4385 1298 22238
5843 3513 203645
3921 6777 962857
843 5809 511092
572 5203 284407
1035 3373 649905
658 2216 838597
5900 2644 335019
6060 3086 559669
3817 1035 272208
5967 2206 153852
6091 551 590907
3803 1007 920785
828 5155 439535
1282 1159 780342
3668 5150 495540
3188 5738 791915
7239 1361 99489
268 2007 197688
7452 2866 558066
868 325 445679
2016 1346 85244
288 1104 605272
4558 68 795099
1755 4188 791702
2116 5225 540755
4158 5436 596579
2665 693 535225
5532 1226 857319
4056 6403 590973
4742 4761 538439
6137 6984 111147
4431 706 959461
5575 836 235895
7065 1406 194492
104 3858 439491
3085 6478 203710
1649 3837 739535
4322 1537 694981
909 3999 239335
2982 3582 431781
3603 860 845722
7374 1780 140581
6742 941 904161
4110 3225 553418
4224 7158 875550
2736 189 664473
6306 5855 431877
2043 3631 204065
1656 1223 789328
3029 6524 180626
2519 2998 818472
5783 5508 248442
3481 5004 597656
4398 4373 739864
7120 7252 287165
124 802 275831
5516 6441 702271
3083 7245 191537
1139 3912 97751
3610 1612 838867
1251 4025 520373
6519 2236 760863
5136 5625 45350
3645 3154 752211
652 1613 534819
3722 5098 384238
6964 5356 276692
1677 4053 422208
2072 1147 615727
5364 5906 800823
4383 479 791618
5814 6425 682816
4301 2843 548986
3834 1890 314338
1930 877 651172
4902 5661 239781
3780 6677 433864
1013 6826 867274
5582 3320 966655
3234 808 624042
1977 144 721526
5964 6876 100831
5766 6221 928768
1061 855 158478
2148 6424 947841
5743 645 854949
679 4890 51989
6670 7129 244314
6238 1500 583578
1094 6694 433198
4451 4090 762015
3384 5675 395273
2074 2927 812270
4907 1482 835646
6243 3825 755807
4453 4834 394409
358 3324 979093
2944 6323 970976
907 3835 94957
1084 3843 790922
5767 2552 348502
1865 6149 952884
3139 2364 412003
1228 5188 965508
3721 425 731006
3275 3257 727902
5805 2657 102116
7511 1241 537852
2114 5923 712035
6537 5732 909101
3719 1490 185920
6455 1897 131128
747 7449 949724
6511 3676 821076
404 5625 627706
5087 4817 925261
3643 5900 751655
6597 4038 551723
5729 6448 257866
3609 590 985156
2990 4089 599766
1565 2045 89174
6381 4590 540240
7142 1947 172293
377 4423 298463
5568 6471 29886
1888 4011 924214
2221 4039 394453
3684 5721 565575
6528 4158 282835
5701 4820 452511
417 2154 927118
2094 1220 915547
6708 4554 738912
1523 1580 939040
5127 2612 603153
2073 5415 583418
5629 2129 855203
4492 2903 605938
7498 6860 647241
4018 6094 501200
4395 5713 26436
3514 6861 470685
6912 2462 337674
3758 1087 35721
750 4074 650079
7432 2395 881944
6987 5786 455128
7337 3473 714371
3254 6061 345281
2664 6301 805440
6278 714 13272
2521 2738 784593
5844 7313 680058
2459 5470 832530
6721 7083 547611
2068 5143 85340
3084 5339 397136
5169 6958 983673
2655 1943 434462
2787 1389 698460
4195 94 209729
783 5444 718909
3294 7501 55759
2414 2946 175192
3321 5721 829965
1833 5263 376735
6313 1413 465043
32 5866 921610
4032 1193 525639
5013 1612 587551
7437 884 254115
1199 2090 675046
216 7064 977116
2527 2465 672712
7499 5274 693817
5477 5617 389288
1807 66 767320
649 5679 744632
4166 2394 707633
5357 6506 828149
1997 7449 836453
5406 7330 650916
3100 1422 977322
3859 2901 136053
5995 4016 416085
1342 4809 629452
6652 3327 376101
4224 1088 313287
5074 7213 459695
3969 206 83509
6130 1872 348976
733 2146 530185
2227 3920 38372
3027 1883 428510
6331 6334 908552
7350 6115 253264
3027 5309 655647
7320 5256 288660
3913 1490 956970
5843 4390 73264
2659 4327 807320
352 720 915574
5324 912 883969
5121 6115 471095
392 5539 128240
1182 276 131707
6563 5721 486084
3635 5200 939404
3723 3952 82808
6095 2533 741274
5363 4132 198846
5237 1288 226710
30 3073 278272
2067 2232 718175
2617 3067 766299
6296 5621 59252
5541 6428 249051
2775 4444 592114
4460 7330 187562
7230 1381 822046
6907 2287 706767
148 6728 396804
3476 5887 589336
4027 6772 856749
3420 5520 832384
7016 7158 983695
1325 3559 910126
4087 5239 979500
4917 3046 264322
632 1616 516665
3100 4368 934190
4723 5467 118508
3842 3450 900930
1216 799 279881
7005 5104 264717
1606 3120 584083
4402 1819 216807
307 1382 301093
2605 952 392890
7505 6478 575147
2946 3890 746419
6359 5459 167942
7383 2485 573441
2232 4720 623693
193 1607 648177
4064 3186 7187
2113 6439 285200
1140 6810 218020
6939 227 512568
4587 3953 316633
6186 4883 871005
3250 4513 778339
652 4547 241047
3127 1952 749541
1989 2346 37699
4270 3558 561702
3138 3510 996197
4309 7365 63977
5062 5045 760000
5053 7192 125840
5235 6344 173075
6755 6054 385359
1947 4170 13408
4469 1504 200412
1017 2409 815465
3339 82 220674
392 5706 984793
3112 4617 524032
4715 548 981113
6345 553 292970
243 5376 156120
6679 5210 206847
4805 364 220026
6535 6783 543508
4543 1341 740509
6874 3919 358094
7520 2632 857362
6552 264 909332
1541 5498 984140
4129 3606 561640
2572 4884 825919
1361 2820 291380
7387 1931 128412
1923 2659 912066
507 5482 118243
779 4284 710462
2010 4912 604828
5630 4260 5767
4830 4631 88640
1441 992 251613
6688 3062 586936
5986 1917 699058
1803 6269 679087
4178 608 97854
914 4328 516166
2880 3912 304198
5417 2261 937134
6071 1170 313496
1702 7523 894517
3098 7147 946041
6532 3680 733176
7505 2848 149508
3223 4329 6001
348 5092 454306
1653 6590 943974
6192 6230 961228
2426 759 877440
510 2900 180035
6766 3931 455914
5003 4306 540057
2543 5425 601994
7157 2035 341539
2685 6678 323680
2982 6909 819153
2817 1331 296952
4700 4040 898431
7243 1648 140651
6905 586 937625
3553 4182 551614
2366 329 993639
5694 6859 154076
5885 5070 802366
1181 4190 233502
2337 3800 42082
4592 7091 244568
2259 715 481301
6069 4405 630699
5465 4223 412993
2595 5414 217661
2240 5868 874959
1988 4339 61840
3137 1482 306130
7041 5127 579958
3955 3403 102328
93 4699 327854
1545 708 118758
2556 5038 831007
4370 7004 876005
3769 4928 942378
1652 6738 664630
7224 842 170855
362 5291 483832
5930 4502 968453
3459 2455 491143
4901 1319 91011
5310 3627 932625
3805 2367 615989
2543 2748 260379
4666 6585 326819
5394 5791 617060
4041 5431 927252
3190 5269 501625
4854 6029 37107
6205 273 481782
5781 2550 568366
1304 6806 436533
6736 3146 128143
6387 2989 841711
1007 2640 724439
6825 1351 302301
1219 863 866295
5732 2100 622453
6263 1274 699936
4536 1855 608158
387 7270 347570
5040 5586 373637
5405 1165 596861
2599 406 934635
5811 451 245787
1995 3206 159599
7196 3571 860589
1793 6496 180626
