6733 5532
2812 4685 238270
6184 4350 658403
6356 3628 44546
2525 2518 98877
2208 6433 184044
741 2593 365204
5141 412 809397
5334 1361 372894
4816 772 457838
5957 6489 441880
830 1053 774835
17 175 587333
2889 1783 558587
2458 4358 164365
2943 2742 621888
1252 664 582036
2321 5873 732909
1304 5323 288851
225 5041 345717
6319 4873 213624
6497 931 290030
951 4833 330352
3935 3482 40685
3063 734 393007
6267 5195 314191
5220 2082 807116
5324 6038 35894
4516 2696 251624
290 2549 455106
4031 2965 831342
520 3497 695274
5939 3953 893982
6419 4515 710283
894 4340 886356
3968 5783 86494
5302 5683 134650
4213 2795 863881
1771 5608 219962
6250 1805 672964
2481 6514 872104
4934 1118 315200
1216 5853 333894
3739 2749 442298
4798 3725 560822
1809 4762 537634
70 5971 326445
3154 36 694870
1638 4462 442346
859 5782 81966
3603 3100 839860
4248 1272 763495
3251 4489 250507
1193 3911 384056
1686 6409 718555
5997 6682 916126
1375 1736 220902
2150 2602 457267
2674 5200 442643
5990 503 962705
4466 5095 456175
2913 512 598283
328 833 691168
5632 3423 993479
1418 577 821996
5117 1044 501757
2398 4930 537112
1176 2824 152786
3903 4580 683293
5425 884 768872
2813 2718 860774
2639 1875 463186
4873 6280 309877
2925 2392 825247
1598 6000 317888
720 2628 13188
5301 2152 702781
6615 5851 746360
1984 2107 784383
447 5180 575715
4171 4883 692896
3568 5660 177782
117 6565 420007
1163 4552 92782
6510 4084 602967
6392 3223 888951
578 5522 748473
2213 3268 35584
1608 1015 1158
1448 5911 249678
644 5732 375436
5037 3051 278496
4619 4410 323750
1119 3703 978694
3594 3598 395135
2197 6579 62564
4594 6039 542534
64 3907 134254
3835 5796 638157
480 16 278126
4798 1622 890268
4417 5547 874525
1594 2320 481146
4758 1327 17631
3829 2101 805416
5206 788 973322
6499 4003 363205
3413 2311 779635
771 4345 330559
5810 5380 774770
1073 163 483971
3544 884 830637
6518 727 82376
1676 3173 371783
2739 276 699995
3032 4534 822383
2454 2738 953480
3583 939 391778
6339 4595 762207
1757 502 544986
2531 5128 828278
1483 4383 365322
1923 3707 805470
4652 4358 517489
5297 1596 23658
361 3400 797496
744 2749 690140
1226 6676 115882
2708 2565 607531
662 4829 576244
5859 1334 135326
4719 1053 650235
5766 4218 148793
5025 4172 115425
2987 683 704401
6173 4595 336180
2323 1027 504371
5610 6666 562305
2069 5416 239790
302 4531 802918
5172 2716 8629
2399 3650 73915
2679 3704 334925
1198 3351 665459
1098 5863 986178
3621 4394 843830
116 1926 742054
4350 2784 791961
1381 5492 215197
1103 6186 973560
428 6320 646038
5464 5915 401773
4748 1790 18883
5654 6594 35861
3877 786 295592
1044 2575 514370
6622 2600 540159
3796 5279 161046
5623 3857 785596
3660 5292 262764
3738 1191 41787
1136 812 37939
4040 5553 220150
6500 5792 124034
4005 1700 918094
4664 5561 9985
6420 2384 993102
352 5624 829097
4445 3583 663446
256 5913 650639
2655 3554 263600
4526 3835 74476
759 5809 46351
5596 1863 153423
2644 2076 485754
5551 3653 221967
2947 4408 529178
1013 594 181829
354 3585 867466
2965 4030 143945
18 5472 406966
5079 3192 719578
1336 3911 36639
3696 5401 434913
3238 6122 573493
3399 6437 53504
5606 1849 840153
1112 2800 481466
6528 6651 260974
4080 2457 954535
2331 2036 179097
5407 2625 861936
1784 3628 890370
2964 3688 393938
114 6119 109244
5070 6085 570093
3141 3943 44139
635 4475 146148
4271 4026 794750
6663 272 348229
521 2448 407532
5932 3942 522785
4820 555 926208
5448 2837 872007
3833 3654 18338
2782 6288 138189
4106 5010 465723
616 3032 946736
1311 744 813867
4885 650 972296
6116 446 753469
2101 3 568235
4197 1075 604678
6452 2781 383401
4626 4135 667436
6518 1615 776025
6566 3875 204041
2223 4000 890553
4757 1044 47071
5450 4411 701239
2367 5178 178083
3167 2998 564349
3094 3971 150349
1330 2050 711658
5394 3404 208707
3284 252 671624
3426 2900 657311
3764 4009 393744
5084 6376 278686
1719 406 300570
1901 5117 929476
5155 4513 123134
756 3636 578652
5066 5870 307313
4871 4726 107322
3249 4528 438252
4063 468 531128
6189 3861 586538
3788 6046 44859
2174 2452 269655
4267 2669 828674
5608 5700 138607
6320 4541 429114
2853 3929 885712
5982 5690 976090
2712 1354 290340
1767 4705 517192
3093 5547 763573
846 4663 896773
6063 2802 645092
6280 2988 106074
3342 4091 567478
2804 5627 100589
1636 778 777829
571 5380 412074
627 6206 746117
352 4161 748789
2552 2215 402953
2680 2136 749603
4922 3799 637272
5377 3446 634114
1977 2924 889692
1340 5901 475405
5409 1255 104548
5777 1852 714651
5184 6250 405134
135 5834 117375
1352 3595 649467
6380 3981 796855
3988 81 952804
5361 81 967991
3250 4060 493020
4268 355 577576
3441 2462 713640
6295 130 78010
5445 212 552969
3115 3827 753357
601 968 293889
4533 5056 538687
68 1573 251081
2210 625 934022
587 241 561705
814 4598 830130
5550 2305 584935
3135 388 891308
3744 1452 579979
4346 2542 999380
3249 6543 624541
2128 3255 229981
3243 4842 426192
5745 4779 826962
5141 6425 826329
3671 2885 605678
5368 1871 195486
808 17 41374
1063 2102 46082
2304 1463 468738
2063 6610 675937
3431 1087 273069
4827 3917 788947
6506 4156 698344
3860 2613 169457
3441 692 89163
3088 185 285384
105 143 987112
142 871 394593
5774 1597 469919
291 1108 309269
2528 2552 448542
2420 2201 153634
4024 2231 328548
33 5785 139631
5100 3243 441954
5806 6481 668329
1336 1908 366735
1798 4087 133093
1096 1723 531911
622 4945 734680
416 5558 843781
3687 851 438007
5037 5742 470226
4778 5434 151458
4110 5375 281841
4183 5325 378074
4870 1636 593802
3305 982 69053
4586 1887 857119
1221 4289 828655
1521 4524 600164
4276 5238 614203
3233 1582 771245
3913 949 474056
6083 3004 846619
1429 2780 924756
4893 3073 617151
6540 1089 200139
3915 203 296751
607 6552 257269
5145 4834 968788
341 4598 778065
1957 5126 399520
2209 3695 447867
488 376 240531
6379 979 28846
135 3272 283358
1628 3125 423479
5794 3997 386729
44 6120 545474
2017 2120 937591
1462 5202 650052
5748 271 852301
2250 5679 253228
886 1567 415511
4540 6504 703075
813 3222 370791
4366 2734 341187
6113 6513 275879
6511 4497 879939
3677 1405 292064
4587 1823 469650
1040 4078 825027
591 6347 697052
508 4054 565355
535 4509 740956
1235 6484 480715
5882 849 235192
327 1326 455057
1855 633 509827
1062 5055 448409
5710 5950 749512
4316 6239 967897
54 1614 610937
5915 6527 498508
3419 3621 475701
4482 5482 120846
5212 6664 677760
3792 1905 552851
721 6127 403540
1318 5648 70048
5845 4927 806988
5027 5532 284361
1789 1606 22058
4679 312 679126
2733 3647 588939
4180 3338 947575
4187 2260 309469
3309 6515 735494
2864 3345 700474
4472 5657 850245
2070 2750 379457
1356 3250 176048
6431 2455 163014
1916 4940 689593
1220 4886 172010
5807 1774 749958
5646 4448 192445
3699 660 765254
555 5761 335091
2898 871 426681
3397 5818 744981
3556 6266 937565
4754 2516 992927
6408 3663 339701
3018 3592 131056
6649 1409 755446
2024 4897 109088
5031 1499 353774
4945 2500 525902
5065 1029 181871
1279 1273 375458
4095 2989 954577
6713 4231 67321
1964 5585 589698
2361 1497 389557
3192 2003 448824
1260 6339 984851
3810 747 951895
792 302 590274
3638 4327 752778
1278 1366 993532
495 1410 681060
1840 5609 620403
4334 542 114046
3417 2130 24371
3433 2003 421660
6516 4237 937113
3300 5387 771369
3641 6150 220943
1027 3540 783114
2570 3305 762400
4396 2477 344789
5336 1506 573899
5776 4755 896224
2642 2078 232847
3220 3551 195499
2624 5283 879956
1993 5936 251604
6516 345 867975
4038 3112 901611
771 858 867972
6256 2605 515585
26 4120 287509
1944 6617 373944
3791 1811 729724
5764 917 195501
342 2450 169385
4060 4594 101966
2916 1544 638623
2317 5864 600052
2037 776 238957
2315 1245 189361
2212 5398 974603
2580 958 494360
3537 989 914557
2037 3945 670381
6175 3304 314834
4548 6512 867949
3637 6229 513687
2959 158 968463
2673 5499 368481
812 6355 104186
2426 3285 145009
6519 2267 17215
2079 3349 277432
3972 1744 20
3940 3297 985129
3012 2893 248349
4123 6220 411271
1339 72 257004
1354 5720 994524
3609 4637 846756
3277 4759 692599
4658 4715 960907
4482 2482 580977
1104 197 237537
282 4952 334325
5562 6103 859461
4505 5024 999307
3380 4556 206348
5861 746 618831
1440 569 448695
4035 5490 387650
3014 3719 635160
2588 3439 47688
1078 6352 12975
5703 5332 64204
2538 221 847349
5005 1685 486326
3185 6158 49584
1712 6195 396816
4706 2829 524177
6422 3837 437215
623 4862 811184
3926 6233 525758
638 3561 548069
1365 6115 569082
1246 154 241164
3216 4240 968836
6721 3666 422496
1064 5886 531814
5992 6145 682288
6358 433 911037
479 3535 148585
6685 2734 663424
6425 2715 563893
6161 4738 436804
1952 8 407836
5083 454 432426
890 2269 283709
1520 4061 490522
1473 5926 902264
386 869 703332
5049 1906 962206
5600 2104 522039
2794 816 48049
3031 4771 729892
4772 997 427142
5869 1553 41412
2269 5231 547439
196 6668 291254
2121 6352 212327
3816 5305 499458
3953 3134 246709
4164 1589 351314
433 3551 652500
5696 71 309433
2729 6641 954179
35 1967 630149
5641 1384 546765
2117 5004 774356
4966 4355 914130
3700 3989 981225
6061 3815 701608
3762 5609 551469
813 3681 781
4612 4578 861198
1809 5146 398644
3532 3481 592458
6003 407 521702
1535 1250 233955
4594 2173 513704
3424 4335 64210
878 1400 554388
3345 5385 844294
6502 2208 432880
5494 796 730463
68 5208 614868
3082 786 156540
4237 6544 864212
1124 1822 823418
5174 175 749005
5227 6294 605132
91 6527 643294
2666 4715 913804
5782 1641 640314
5564 149 668921
5204 3723 540359
2194 1927 475877
3379 6712 635400
2246 2318 175774
197 1566 90788
1691 5078 326428
6515 5528 954311
576 1968 919541
3783 2473 522733
4026 6619 172307
213 5730 914775
4396 515 94430
2183 2301 683233
5604 2520 248234
1787 5915 2015
6261 342 742610
851 4163 822401
3475 3869 899814
4211 5891 349921
1942 3397 758800
2577 943 858981
5682 355 584303
2502 3067 721529
4713 6190 549924
636 6415 917907
1527 1222 923508
6227 3126 127689
1387 4410 838995
2400 511 501982
3328 2316 632375
1578 2230 268196
1944 33 291151
1985 5275 9268
5602 4452 220536
4629 758 408787
6701 3626 393619
1543 4436 255987
3644 394 991632
5019 5244 660327
3415 2164 188607
2314 916 880837
5759 3946 151751
5235 6538 327072
3071 6226 863934
207 1913 876748
2262 1960 649945
4971 292 438561
566 221 257257
5535 101 917332
3448 6195 592796
2384 2509 360204
1122 6483 457508
5699 2595 796966
446 1643 228176
20 2208 308463
2990 1861 787867
1067 2702 68938
5330 635 469506
1098 6478 526280
2185 4540 819898
5811 6574 568682
995 3122 281269
3851 6227 412073
1330 3195 86355
3922 4928 419383
6033 2073 618441
2114 6513 467456
3339 1922 958738
697 1794 141661
3170 1627 825255
39 3555 108864
2313 2904 468610
5256 2972 863291
942 905 547048
4747 5174 659978
5602 3972 223797
5249 1432 917449
4939 4357 926288
3096 3308 720014
5077 3065 407102
5955 2484 699360
4263 5739 213936
684 2179 473316
1812 4791 922178
1045 541 723207
1666 4101 439103
2575 5917 935689
3408 2638 26401
968 5826 69963
4099 6572 333402
6174 3534 539625
1621 1135 460983
6369 4492 323383
6027 4811 406689
1139 2636 523367
2336 5816 986061
2942 5113 157110
6706 2506 250779
6680 3508 343251
6435 817 198739
373 4682 304377
4894 235 206457
1390 5791 898654
714 4207 775724
1221 1431 738562
2258 1051 544400
1774 118 407517
218 4144 686612
2136 3540 532450
3644 125 725795
6058 5367 841669
2421 6065 920235
6035 2751 206992
2570 6151 264917
1696 516 498021
1756 5296 307871
2086 669 22314
4950 1597 398178
925 5320 411256
5410 1548 16380
5070 1919 271834
5615 1561 486426
4564 2346 34741
4650 365 186714
5158 5112 115751
3775 2229 848764
5710 1677 210852
5150 6053 759888
3802 5879 498075
941 5070 776484
2672 4528 20712
1933 1409 254252
3968 3185 964213
2946 2549 691441
2920 5458 658531
6200 4474 268053
5719 2014 365005
3685 3341 691243
4027 4684 602476
3285 752 807112
746 1397 849255
4673 4410 508322
5101 492 280095
1829 5869 649916
3979 871 308668
3868 1849 532621
4708 3942 133228
1085 3204 79231
2875 5560 411444
6328 3755 641906
6496 5618 610620
1505 5197 36847
4411 3610 13135
121 496 495496
2048 6001 766725
720 61 144864
1540 2936 390326
16 790 2677
1795 4310 660844
1369 1679 725808
6239 6353 307479
458 4271 758305
2581 4610 873456
1928 6151 322526
404 3155 641579
5557 3658 341593
5647 3752 889295
4158 4415 414980
6524 129 211067
5160 6273 64589
2438 5679 399939
2974 1438 995888
5015 6641 752708
4080 631 720812
1019 3490 873310
5855 4983 43561
3902 6507 533901
1838 5515 184172
5927 974 349795
2353 2889 994704
3685 3841 975904
2035 2383 440091
3694 3035 894784
4503 1876 24222
1010 439 583146
2232 5565 555266
2606 3007 268224
6047 5937 536386
5723 4229 17517
5228 1224 349988
2326 2112 701873
522 3102 259168
215 245 71126
4136 397 938167
1468 6338 383034
6462 272 668133
4035 5236 915213
370 1254 377917
202 2335 523261
3738 708 553151
2219 2196 313966
6713 6025 271546
2900 4486 288315
1464 3259 185587
124 1893 598206
6119 3955 927482
4203 3337 165796
3817 2955 884038
191 524 223269
2796 5124 719498
5518 276 259701
3478 1454 438805
5455 657 810930
927 2584 734425
3120 6259 256713
3069 203 585986
1628 196 824904
5796 2023 639683
5652 2821 912635
4629 6304 580366
1411 505 939626
4150 3235 449045
1036 1073 376227
1539 2879 259214
3391 346 348215
4237 4788 875332
4188 1233 228918
5294 2636 360872
2374 6394 731678
3228 2751 372666
5241 997 621371
6571 2355 936680
5342 2692 778913
1415 6175 983173
6088 6226 275492
3757 6304 716200
5653 3433 830604
5534 889 37765
4767 4811 153903
6378 4960 752655
3449 1776 69565
3314 6232 817639
333 4804 608890
417 1845 148830
5024 3379 917089
2946 37 418095
6269 3475 733869
129 3967 4128
1768 1625 711672
1775 4010 393211
5472 4592 103365
2060 643 176505
3250 5425 388627
3925 3110 246117
7 5551 954809
6240 2855 217813
3274 5824 755500
5948 4819 34937
2599 444 170018
3961 782 631623
2216 269 372341
2304 3111 682238
4501 6183 115473
2387 2229 760601
6541 5412 540397
3425 193 162210
1337 3841 655280
6376 3488 553802
5996 769 422854
5687 3148 86289
1509 4077 556933
4927 3963 447075
4500 5589 589236
3626 5599 591763
1771 4953 927332
3305 6214 380186
1682 2210 321029
865 2773 972623
5607 1409 350501
1158 3832 611825
3558 5087 871932
4313 2551 413034
6512 5597 38611
2272 87 498440
6119 2160 900476
6380 2893 481376
3153 828 330784
1957 5319 941644
4786 3818 453649
1714 667 551010
1206 4404 602456
393 4157 517313
1758 976 146355
4369 6474 194884
4760 5016 359179
1017 6033 642424
5599 2805 82260
525 4517 531183
4066 729 578662
1732 5079 454937
6123 4643 798020
2748 2972 616278
4561 6552 950203
3810 515 788439
1035 2863 632741
830 4845 661890
3224 1907 642943
6164 6618 75419
1627 6708 337043
5292 4255 718690
5105 5443 274011
280 3407 468597
3462 3899 772293
3535 6479 171566
3169 2480 530591
4017 5957 551239
1476 3474 896221
1629 6654 366635
2312 6426 600406
5750 3197 202970
3789 70 973843
2671 3578 87418
556 2275 537838
2207 744 621736
1378 2554 402569
4322 2720 970574
2467 3223 877680
3119 1630 776299
4124 4463 232679
1025 2079 773478
3416 2676 279786
2135 4137 158700
6722 6657 928096
1896 5775 262154
6461 5498 967174
1385 5295 450950
1042 1152 903718
4174 5781 833279
448 6435 375838
3953 67 217434
4549 3987 254194
6511 2170 656790
3657 1129 948402
4458 6331 447252
1878 4086 515858
4505 4680 537253
840 4500 543395
3535 119 988539
4124 260 548003
1933 6322 158275
5554 3970 658173
6622 4785 896436
1443 5626 272593
2095 4753 935851
1579 1050 128117
4904 6563 362604
3363 2215 787835
1634 5114 803424
4972 1164 96777
3883 3909 963219
1781 521 294164
2917 3314 349431
5914 6317 178903
492 1381 528645
2989 1152 200793
4562 6415 75051
3380 4104 806836
1865 5536 106621
2735 2699 167734
987 4661 15020
2222 2474 966010
6170 2557 852192
3811 3828 656826
476 4954 830297
6496 3853 847179
6352 6627 541911
2499 2846 477122
5066 2411 936722
2972 5570 683907
2719 1781 93032
5226 3509 847362
791 4090 510671
3426 4702 273161
1872 1672 777906
5631 4950 680468
776 363 254006
4509 1046 733377
2098 4493 121024
3409 3174 712097
3601 6566 169750
2275 167 121002
1931 3884 494987
5694 4595 700927
1949 3168 890019
1455 335 865849
3437 2438 26138
6643 3092 733417
614 6140 506030
5530 4446 739534
4045 2157 908073
2377 144 963355
6682 1881 710175
839 831 664904
5096 1540 827060
4446 2051 225987
5783 5316 376502
2646 6241 661254
1320 6639 974218
2747 4301 869990
1542 2766 310543
452 6593 208868
154 2317 884775
3575 892 973164
3195 1748 189633
6401 6520 766569
4817 1708 439749
1766 5935 885478
297 3895 286575
3766 5360 749415
5564 4693 600517
5968 251 470015
291 3771 232215
5450 1740 183494
6138 5970 201216
5437 403 41551
1475 2304 430840
1252 128 568929
316 1542 949531
4486 4656 783631
6055 6185 479355
5224 4121 943375
2442 529 667377
4926 3718 81028
5486 16 635428
1061 1826 213232
6634 6281 889415
1597 1724 127368
2593 2685 400172
761 4960 238318
6415 2099 444936
701 4464 612514
2856 6133 424938
3366 5421 246457
3898 2498 581142
4593 611 636091
5258 1722 676355
1281 4733 71209
5078 4644 341680
5495 5375 436676
3272 5012 270344
3107 6594 191669
809 1138 194398
527 4523 318523
3743 5864 505084
993 2891 519582
456 433 24096
5193 5711 984317
3320 6541 563635
5628 4267 519451
3434 5008 23957
4862 4333 998011
559 4532 559376
916 5479 72421
6383 4301 233631
5676 2239 638343
4748 4767 667101
5602 4859 243958
771 4377 685292
887 3610 638806
6380 6320 824743
3640 978 803821
5185 3212 279303
4629 2503 366237
853 5228 903133
4901 4335 675630
1475 3769 112647
896 1278 254036
4393 1227 659203
5619 2360 967389
2671 4976 849904
3074 227 26138
265 990 834402
1606 54 187206
2093 422 455171
2879 5712 812044
4362 6643 287960
2638 3032 257108
2043 4917 807210
1421 2022 314473
5259 1741 464436
2931 5618 186092
1504 2610 651734
6115 6120 142388
2458 675 491413
6299 1315 604895
4004 4234 752753
1502 5716 875567
3957 6103 103150
417 4046 646416
4155 5429 969746
3441 5461 217735
1128 4262 209238
2391 4522 15296
4444 3625 978864
2869 1815 280958
59 2984 105520
1076 6330 681726
1422 4578 604485
4053 3242 262610
6730 328 221230
983 1973 996588
6721 4033 364240
2347 3535 199453
6718 3612 339335
5983 6146 313181
4053 5238 830770
4415 5134 414163
166 4266 546477
2816 6536 252139
6392 4836 108136
1924 2660 772651
521 446 431428
4845 6422 994244
4289 4045 685854
1239 3442 147
6445 4962 537929
4209 2699 681726
836 5725 811020
1277 2002 237488
890 419 275305
2978 2716 434542
2181 5039 405492
3278 1143 926101
732 3398 439741
1222 939 39705
860 4667 637727
3930 4847 537674
3786 1219 436979
2433 2967 178037
257 423 333516
2491 1963 140562
4131 205 2756
3456 5546 691207
6047 4477 151085
3788 2380 828827
4000 5 680820
846 3014 913754
4987 3329 604006
3858 5813 7911
47 4884 920388
6488 1051 447293
2104 2205 757229
3709 4212 693329
3814 6619 110153
5600 6485 909541
1559 1510 272768
123 673 355924
2238 3483 750704
3742 2088 282955
5609 2339 60816
1654 1644 355353
3366 4343 249962
1370 1094 36474
3747 2885 630260
6644 5254 983627
1995 6584 510696
898 6271 446398
5240 1298 75944
5763 426 270780
909 5375 210569
4577 2977 646791
5105 6499 929776
3636 3046 551179
6204 1606 157805
1879 1469 452397
683 4778 664873
4223 287 246231
3464 1933 474591
2134 4368 99119
4956 814 734618
603 5052 228598
3061 3980 294543
933 1903 880773
1384 3160 503453
3586 5411 464916
3334 387 556066
592 6716 571003
383 2981 829358
2320 4783 80732
3985 5539 224863
2085 4235 446572
4322 6411 314027
657 2874 202999
944 2070 35652
1042 4908 304399
3053 1476 261131
3831 1434 956825
5783 954 251724
1961 1645 138467
5566 5595 282527
4469 1173 431845
3482 6323 204258
4078 5678 43300
5411 2212 409118
4178 2664 652780
957 3631 823304
3755 2043 317108
1644 2558 609517
5189 295 526279
1698 922 155340
4025 5987 26553
2712 5139 852358
5308 3848 564132
5364 1430 78948
4632 1603 19671
5762 5899 744440
2386 4422 977135
482 2964 389332
3377 3584 27208
2942 5853 400757
1235 1891 318753
3421 6052 231278
1522 2362 498663
6044 317 426754
721 5116 566767
6263 1967 803860
5379 111 569089
420 6274 884330
562 5780 442407
6694 4447 99471
2260 1581 82631
790 1016 317326
0 4355 377408
6003 5113 907595
4047 5447 876375
2858 4531 676337
4391 2543 594450
3992 1228 234434
6116 2782 308559
6176 458 85194
1325 1053 316137
6437 3017 849183
3993 4542 297047
4517 3763 248585
5658 2996 76879
3200 3721 236910
800 5256 913542
2457 6542 347861
3923 4981 218834
3312 3155 216078
5377 2516 355418
1597 766 659422
4243 3116 548784
3285 1189 305974
1345 4114 526181
6081 2966 307479
6384 4660 572835
6526 6024 749581
4255 2217 717928
2433 2845 160249
6297 4293 4032
4275 6232 260486
1077 1854 359386
4683 3976 153180
3926 3793 472106
4234 2944 617310
5117 1355 371314
4828 6346 882506
151 4658 733132
2294 608 817021
3370 1727 792
6726 2324 472751
6153 3391 220988
5942 2198 307532
1104 1830 926799
3089 6359 600190
6408 5194 655413
864 4385 815829
5874 2371 475948
2734 1383 478336
2915 4976 848281
5303 4490 783117
3747 898 646626
5352 2796 793647
4914 4883 893642
4204 4974 513066
6490 1362 24703
1752 2420 139926
2161 1498 615852
5577 6467 556345
800 290 818147
1061 6532 916283
6444 1098 508278
365 3538 73590
5987 6398 393710
6058 5120 310922
5394 5666 744340
4841 155 565337
658 5352 923171
4267 5026 765741
5594 532 27024
4366 6617 499534
779 2197 203908
5572 3028 454874
2071 5426 186813
754 4341 368255
2867 2511 529985
5700 2394 464521
4995 5467 119189
353 5994 222258
557 4678 72250
242 2442 37637
2293 4262 516979
2792 6039 707590
5414 5640 701384
1704 4042 428568
6305 3769 417488
4478 4548 703897
5262 2624 144570
1184 5097 525666
1425 676 550168
5812 4532 414589
2420 4279 580784
5773 6111 67912
162 5053 81018
6636 6559 822762
6677 26 374037
4294 586 335037
1341 4782 905759
1973 4337 532190
5339 3767 654173
6191 6397 583655
1352 3839 678263
2962 5155 769195
1671 102 605782
4824 6127 540425
194 4373 298342
3164 661 775190
5488 3119 656391
5258 3321 278691
1692 703 765665
1457 5077 580748
4952 5392 179304
6626 1936 138744
2917 6707 664161
4061 5411 579180
3267 5857 634314
5356 1764 878045
3218 1117 3850
5891 5410 803698
2300 4472 153211
1402 2035 127616
2067 1002 186130
821 205 547553
2157 2705 870707
2398 4202 675972
2238 3340 288663
830 2021 191075
694 415 180548
6182 4745 56530
4016 4678 444232
218 4636 551787
4044 6029 785069
3064 3382 433148
206 1529 276033
194 4558 71891
267 1155 396255
5088 251 785738
6607 4536 572009
3517 2507 474770
1562 5302 408682
2868 4872 70757
2153 3988 332282
1931 1634 745546
4719 6693 464184
5533 6703 110925
2051 4927 268346
162 5900 14245
6317 3050 176551
6336 2403 991761
122 2474 912925
502 6261 401014
206 5857 759202
3758 1769 720063
4901 5550 810633
6245 4823 443339
4500 4482 832012
2347 3963 583621
6327 2742 737897
5028 2255 249364
3847 811 828325
3443 1363 794236
5179 4172 892865
4424 5474 950355
6063 450 884468
4533 4719 874766
4964 3815 868250
4471 33 359980
2214 4136 30704
3082 3814 516540
4460 3686 436205
5008 2942 522347
644 3144 548010
3129 6400 354394
3324 2050 112783
4719 2617 617973
2020 2351 61298
6449 4036 728605
1102 2246 990396
992 808 738292
6047 3772 792032
5529 2274 261576
6333 5767 277503
209 3640 810726
3367 2967 273751
5483 1132 720830
6180 4925 573442
5970 3343 378723
138 3631 765231
2123 6626 618307
3812 199 824075
2803 2948 491452
812 6416 560846
1160 5058 257395
1962 6074 76685
5987 5387 99265
3786 1903 628319
5637 93 273492
5140 1884 296007
887 6009 948475
2020 901 166328
5036 5591 669312
6574 937 807913
2919 2511 285922
6429 5585 519189
758 4370 917891
5022 1618 99580
3146 5159 975448
2341 2591 356740
205 4979 23004
3157 4189 842188
860 2486 710204
4020 2188 649162
5213 5378 994030
2857 3320 171301
5344 4461 984908
3761 2388 512459
682 1814 929064
5214 1185 733214
1867 6664 744004
3858 1978 678554
4874 6073 761856
4413 3567 743929
514 3325 247784
2225 6406 949637
5243 3567 70432
4556 5339 729979
86 2637 395894
1348 2403 102446
2008 1171 125316
6514 2880 612622
5718 1922 224125
3539 5170 569258
6649 5767 167861
5828 3389 716883
4728 5921 974458
1052 1890 231199
6557 4600 156450
5214 3764 974586
958 2998 473976
6411 1605 708536
1147 2585 583108
2570 2300 936181
3885 955 823701
3731 4257 708685
2729 729 886916
2713 542 734516
4733 262 322146
278 2862 445214
155 5650 488877
540 6581 987680
5605 712 328320
1130 1468 418895
271 4996 952428
2854 1779 887668
4203 3161 305732
896 1670 382280
2518 4226 885655
5339 6173 59636
1138 3506 689719
1096 3678 461793
2459 6593 361161
2351 2675 816022
5903 5657 307313
2614 2811 189965
1173 2626 640065
2782 6611 786073
6063 1955 271798
1968 1900 403712
2146 3005 187213
2048 3861 71874
5400 5257 344781
2930 2599 396518
2226 1872 211483
3479 4431 51957
2722 5790 312055
187 5778 633807
2236 1679 105854
2685 1904 577587
2221 236 640243
3940 1001 599706
1158 918 605035
3928 4192 276766
2558 729 571530
6065 3619 32801
2966 4230 217115
2604 2177 557685
6577 5237 722420
3455 1448 973892
5232 4750 650759
463 4010 155056
1231 6674 204893
2488 1097 882171
2641 1353 285527
4645 6044 116075
1138 4436 699262
6482 5881 906456
2375 296 586979
3617 3652 233114
5812 6245 164679
3382 87 649769
306 5097 214868
1677 5407 662124
1006 1984 849720
1464 6521 68820
4525 3596 8896
4556 5794 500247
4914 6 371559
1142 3462 443441
196 558 484213
2811 6411 619885
3109 3960 43505
1645 1379 370253
4195 6716 10512
2828 1452 635252
1660 3587 709569
2161 2914 840983
417 4347 4914
6545 6315 152011
6346 5292 495781
2508 2620 371268
2265 2192 665327
5679 5732 59637
6092 5107 800537
5679 4695 255229
374 34 823160
3626 2405 480941
1956 2549 738543
652 813 214359
3098 6388 899048
5135 4949 602392
1684 5376 984600
144 5612 208017
6347 856 51374
5418 5550 385212
2479 2992 894619
5161 701 960277
3558 438 84745
2966 6042 760959
4131 3433 960695
2911 6332 911826
6220 3731 620583
6632 5802 618467
4490 2887 545400
78 1347 207670
5266 216 719669
6520 5223 366261
145 196 759454
2763 3074 904722
5326 3992 747949
571 3854 201063
5293 1351 532976
6043 2060 787192
1010 281 205718
1783 3694 79748
5611 6213 547333
3007 4864 801157
1556 6429 220563
6215 533 121028
4249 94 910849
513 3505 846513
1307 351 555891
1070 5057 742263
6255 4601 663975
1616 5484 502835
2029 4064 958836
1506 2504 805982
4022 5672 612334
5600 1884 807501
770 5925 516381
6041 754 163446
6235 5116 874451
351 6484 376657
6667 3756 102285
6582 6105 406374
2184 2527 423607
2234 4412 916540
4508 3257 370695
2120 794 782181
4059 6419 473671
1008 1881 536495
888 548 326022
1349 3289 262083
3532 4499 339390
842 107 664102
2390 2601 898359
372 674 43604
5548 4477 973677
3372 4029 549268
1061 4523 16911
2460 968 405862
6285 5991 130183
2715 3087 973501
3291 5671 592896
1667 6167 582776
5377 844 367216
901 5018 614613
1274 3886 110303
1503 5312 135052
4605 798 101999
1084 1823 639569
3629 1224 702814
1083 1572 305632
5597 3909 632870
1079 2437 742491
6207 2360 786268
6032 3042 323013
3137 1085 758814
3246 6722 218620
2707 3044 880350
2323 3499 38261
2711 297 267177
331 449 448853
1757 1276 726009
2213 3937 188813
5534 4530 297361
3887 3385 454035
5969 1707 508215
4814 4354 775719
3722 5515 622108
3725 5577 973499
3213 3462 784854
2292 5267 48796
5293 4561 443956
4185 6094 810326
209 811 694144
2118 2392 178460
2945 3852 257426
882 3115 935237
6015 5176 109224
4533 2114 96220
5391 1584 822073
3536 2116 909490
3373 2686 293428
1891 4759 967044
3978 3127 558318
5573 692 88600
4883 1544 287156
3328 2751 169922
5580 1739 925939
4251 4699 523651
2217 2761 642379
2379 3254 43886
4344 3904 22578
6494 2278 172921
3232 102 828619
5305 2719 358403
4555 3295 303763
477 1591 389583
3274 3554 462464
3178 1883 998530
1627 610 692156
3675 2270 217800
1275 4396 864696
5674 2548 622123
2246 1984 879747
1237 2206 417567
4859 2278 559289
5693 1431 146820
6140 2521 587480
817 4847 160988
557 2788 500650
2614 3132 809730
3820 611 717739
392 4785 883930
5851 4671 994476
4371 2418 641257
682 1338 580287
5960 5215 338686
3818 3374 392211
4621 2009 598460
6614 4103 63365
1428 1045 704320
3610 4892 191956
3232 326 425592
1658 283 428255
232 5225 183976
2357 3734 162594
4199 5720 259462
119 6667 906149
999 4790 237919
6233 4647 823884
3272 4831 406960
127 2296 450509
6374 3447 668522
2868 6727 78295
1883 1248 783575
6105 4882 296657
5158 6096 691831
2985 3936 870961
5541 1734 378223
2691 2971 380018
5863 4038 447255
1216 1719 276383
4713 5617 254578
4284 5926 451453
2023 4845 40344
4053 6625 524798
781 1476 661738
1741 1787 255011
6007 3687 4057
632 2513 848325
5374 4338 707446
6375 3927 172393
6157 3293 736232
2759 2688 711798
3753 3311 464744
1341 1019 379571
4827 496 585596
1481 6691 304214
6367 3163 524450
6165 5853 269405
295 39 516655
4383 812 5457
6724 5730 102374
6614 2944 686831
4597 3148 731934
5365 2511 992922
1595 5995 453189
5066 3017 578673
619 3613 172834
351 700 882049
5529 345 485390
6001 3086 861136
5368 898 852550
4836 4258 138715
5199 2983 514425
3205 4504 506054
3554 3087 985994
4577 2206 497415
107 4363 257462
4048 921 328959
4101 673 108860
3846 4902 250297
1741 5108 720028
117 5560 615425
4622 1709 366124
2351 1453 245094
5117 2359 408881
125 3162 667374
4119 6427 897932
20 5477 40857
499 6204 260028
2130 2603 64072
1590 2401 201357
4777 6275 231217
5343 972 501917
4239 449 294570
5694 6110 479313
5589 3891 492577
1352 3053 277887
789 3167 903387
6551 1784 700040
5125 999 576489
4684 6166 256739
2930 3874 746682
4368 750 849995
2775 3930 952882
5260 1673 779456
3348 3786 977126
1707 1409 298378
431 2602 190721
6425 287 590862
6093 5856 823619
1114 534 276698
2474 1590 252407
6558 2736 94021
3307 5790 516425
1388 3422 300626
320 3289 747518
5302 2426 899202
3448 355 818944
4431 6196 899300
4385 4245 624373
6156 4094 73185
23 3045 76767
3746 3571 944888
3031 1795 828066
6430 2878 778971
2003 487 27369
6288 5476 102167
385 4970 176184
3564 3873 727184
5141 3966 458911
5225 84 825043
3035 4711 457513
2459 3736 414700
878 514 607517
1693 2384 841949
2227 4264 745231
4153 6275 495436
5692 1579 289614
1958 497 333035
5267 30 698560
6002 2903 435124
6645 6471 8666
5545 851 338500
2085 4245 588697
4067 2780 467758
6037 3787 553916
4371 6643 841759
5869 6241 421429
5969 4653 130028
5517 5553 810077
5245 6128 657754
4984 2134 164984
3225 3728 997773
2842 4290 643004
5456 1274 929467
2211 3390 585324
2475 6576 516153
6525 3969 173659
5584 3007 677490
975 1205 819009
1728 5094 594604
5374 1862 259232
908 3724 372411
4435 733 945479
3558 6486 380477
2167 1539 47093
1632 6227 799901
6508 1816 541309
13 5674 635122
6468 808 26655
2487 1532 982359
3336 3230 791549
1985 4123 699654
5011 693 944126
3773 5027 179012
2786 531 22429
6573 5114 406688
5041 2208 843965
2970 741 359895
227 1559 459084
4674 6706 227252
3250 291 139989
5008 1131 499441
3526 823 526063
2417 1256 696233
6128 1991 823946
4197 2724 332548
583 986 857836
5064 3992 672341
1751 3262 299981
2687 5563 758124
5541 5414 634169
2232 2567 364099
603 1687 747822
1557 4438 947127
4640 6186 304413
5167 904 799244
2006 5891 567557
4298 330 535533
3905 674 287595
4369 590 227679
5047 6211 31510
5673 1785 670180
4365 2065 258418
1982 958 924949
5039 5155 657077
1407 6172 390371
4666 285 94374
280 5469 958802
676 5224 42679
6113 2145 717977
586 2314 610113
1600 5646 504099
5014 5380 979120
5554 3807 930232
1522 4909 540666
4435 4304 799341
5326 652 931461
5076 3110 759691
5311 5914 648194
6140 6376 591241
4144 3778 631531
1252 3879 787547
5831 5119 337361
2975 5935 386
1381 5738 167299
575 1556 258453
6236 1980 618950
5434 1983 384660
4614 5323 786093
6230 1179 273136
765 145 375385
6169 28 792153
3738 1329 293646
6120 5808 545196
1838 4662 708926
5141 6505 845874
301 1155 217396
6289 525 832741
866 5640 508800
1497 500 970606
4583 4516 667682
4919 3830 492074
185 1966 29977
2016 3123 332330
4036 1534 662910
2878 6198 891861
6466 1351 334801
6574 3259 919957
4600 412 974752
415 4543 485013
3151 4850 268611
1123 5019 201687
5582 3891 390419
4894 1080 577786
5380 3211 5656
3343 4736 602258
5698 108 875351
2595 2510 281931
2695 21 281518
3793 4313 989357
6436 5797 306525
5553 5006 37744
51 2646 821381
5653 1456 301622
2439 1224 416161
2614 5745 98623
1596 5298 350327
5709 5798 169994
3884 261 592853
4563 2077 343855
1514 4550 855209
4931 3143 411495
5553 2025 617837
2502 5130 518472
2744 125 272140
511 3097 9533
3428 6013 629816
2640 1649 667262
3762 3807 30859
1829 5032 233119
5432 793 152969
1886 6569 72058
1638 2629 585467
2881 585 992954
333 3380 942715
1835 1387 439008
2024 1652 97773
4323 4432 342805
4828 4914 35489
3044 5008 153669
1749 5790 468214
5366 6237 128270
6468 4889 93159
1447 5922 644815
5623 2715 236955
2606 178 835770
5113 4820 223918
4517 3135 861981
6043 2754 140191
1408 2646 335245
426 6596 388372
24 3080 193427
617 2060 158773
1018 808 527250
4243 3473 283475
3285 3250 270514
5815 5184 718332
5441 974 202135
198 394 347076
5747 5270 492329
2582 2736 50428
200 1296 858238
1203 5339 256484
2402 204 294057
4137 4378 298190
1524 6298 425117
4696 3440 448941
5459 6446 539572
2180 3738 943169
5667 3574 162220
9 5759 756685
3159 44 998588
192 760 162280
582 3094 466920
1104 2747 670759
2430 2806 608583
5091 4868 654555
5707 5989 248870
3342 5525 424963
449 3445 545511
5635 4481 498423
2847 5289 24270
1893 5277 930043
986 499 779096
1890 1068 394727
2027 5294 645452
5243 851 733227
1155 3249 582717
3254 4833 48253
1538 2566 500586
1487 6041 957182
5748 6464 663522
3129 4458 571118
1656 5977 353834
6719 3683 790580
4135 5224 644437
440 139 179289
3613 4344 355378
2285 3934 946190
815 5864 48602
1156 1046 647945
6372 298 442902
4308 3101 540635
883 314 214938
6103 3433 754531
2287 6272 593541
5382 4653 777069
2866 5131 654285
3007 2881 845120
2471 1580 4122
3574 755 789558
339 5759 129062
6713 355 517391
6551 2564 37961
4648 3700 572213
5003 3932 427235
3725 536 673959
6223 5036 741454
6642 2177 237181
3717 5197 958880
6262 3896 379838
2590 5534 356621
1774 3329 118508
2026 3804 950782
770 649 143344
3073 1488 543721
6073 6238 671925
2118 4538 961272
2743 4435 818156
1449 6559 937507
4185 2667 486618
6131 134 313029
2327 1807 899665
1884 6079 509140
6097 205 836919
2169 1303 119415
2975 3284 986417
2398 344 212988
867 1592 85605
4259 668 762407
5570 3056 833589
4864 1962 70877
5146 2720 227395
2104 2489 263809
3670 2807 768278
3553 3051 964742
820 20 787165
4115 4817 803610
2820 5472 308932
771 736 372200
4413 2129 22962
5604 4562 280666
3815 5258 362886
537 3680 6844
1252 6384 90019
4483 398 443860
3226 3827 562863
4848 4617 310317
3381 1508 557020
4217 3539 452881
4103 148 224257
1950 6321 28964
2586 487 905088
179 1624 322718
1964 3106 831162
3413 5571 832126
1078 6355 290292
2413 4657 354317
1872 2825 283850
261 6449 425264
3230 4777 512286
5266 3915 139201
3092 4819 105108
5462 5896 301439
1568 6708 640257
5148 1371 382240
5355 2386 451000
3849 5609 614337
491 3864 847573
2189 416 89575
1891 6539 525706
1580 1637 945437
1621 5355 513167
6495 1100 109502
950 4607 426245
892 4015 428929
2961 2849 747166
4245 3572 85274
618 2197 502317
6609 2074 822418
2407 2268 191831
5256 1218 780867
5330 5924 563507
280 3390 607382
423 3735 486662
4056 4944 843701
5874 3792 989831
3281 435 85381
4707 3667 808981
5277 674 248324
3867 4154 730665
2221 1656 416307
6503 1001 234583
3451 5091 201005
2609 1711 756760
3944 824 145441
6506 4667 185785
3146 6077 649438
4880 1431 192917
4959 4860 413119
457 4907 963225
1269 2449 67906
3277 1242 86800
4548 3432 421396
2696 6565 324204
5325 3951 174695
4283 4239 638158
5918 5490 979898
3248 2415 278000
2307 4252 591732
5873 1327 722780
4298 6715 226997
3149 4567 682307
3085 1477 276233
3833 5452 993350
6185 1800 728056
4100 4821 780039
1088 5310 558644
5552 3793 399286
5494 2939 516402
3239 6337 985964
4941 742 870695
2711 3301 718925
3993 1966 234347
6181 4052 20078
6252 4143 621374
4398 2299 656174
1894 1613 867200
937 3890 659730
2077 2467 345989
3983 4590 777839
1233 304 785392
4560 5292 881842
4315 1311 419651
2680 925 758443
253 2805 892638
4741 6690 267250
270 3527 403988
4079 801 407260
2038 2146 247465
3360 1804 587730
57 740 115805
727 6448 615727
440 4491 297279
5315 3473 339686
217 3144 240825
976 163 251414
3840 3739 380531
5586 6451 165610
5561 5892 87675
4701 3486 969549
2607 4495 935237
4556 605 674474
2101 2995 973601
2390 4119 19389
3078 6101 367895
4798 4108 800168
3249 550 638260
2103 3611 649306
2874 2523 868146
5394 3730 700577
3851 1315 717716
5721 6004 265769
5811 3678 515003
207 2904 956258
955 2834 652243
784 2586 466909
2431 100 341048
5210 1923 23261
3404 1682 826309
4672 5658 412176
6182 2341 906148
1593 4294 240857
1433 4235 843223
3627 1865 544670
3309 1089 820428
6342 3324 736435
5110 6079 663562
3746 4925 313937
3274 604 340987
6298 2868 784975
5934 5133 212353
1952 3322 421944
2383 2794 516596
5453 951 82068
5077 4196 800315
4863 908 520872
749 4523 493286
2021 3279 500489
5971 1721 629261
6170 3430 831898
6000 2414 103326
2229 421 952695
3274 1038 821145
5956 5814 383015
646 4121 493102
2439 1674 510070
4864 1756 997250
759 1309 663748
2981 431 464726
4444 2836 395239
4686 4145 225794
438 736 597831
5732 2126 930290
93 4754 126296
705 6129 600973
382 2906 832712
5580 3835 234943
3931 5428 632306
4941 4390 961214
4234 1523 526385
5742 3448 7797
4242 3149 26226
5684 1827 872465
1984 4182 207884
5857 4083 732389
5996 555 839996
1286 1882 665341
3554 523 415741
2032 312 620375
3336 486 195828
691 2502 329489
2931 1021 902487
6094 5107 574580
1401 1240 500975
5033 469 240740
3864 416 840963
5628 2944 585515
717 274 897303
4924 2260 971826
1771 910 988606
3932 6467 557710
2326 4256 960444
517 4702 449581
5863 2340 455791
6228 4517 350267
5260 450 267042
6244 3419 109673
4106 3304 401205
6479 3751 51359
471 1005 519583
5118 3241 46219
5759 6722 260977
6400 3915 139973
6367 3267 920923
1055 2763 458875
5526 5427 944125
4563 2855 378222
1354 738 397582
1635 3067 149331
160 1436 990154
5648 690 828228
1852 6195 184285
3856 1424 724322
158 2772 664285
597 6607 571826
216 4892 530932
4072 5999 667045
1444 3371 896719
255 4753 488948
1174 2325 742126
4429 659 209436
5320 1012 720951
1239 2841 836205
5406 4600 606966
2703 1604 182766
2602 99 220776
1973 1828 878891
6350 1814 382507
3302 154 397356
5246 1242 22591
862 4854 712015
5334 3675 993048
4328 6149 912572
3707 6210 26074
3497 4230 48760
2603 5933 497060
5599 572 757577
3316 1992 784259
2038 1956 821010
5541 2613 940147
4442 3685 810705
4281 1503 968579
1905 3328 803880
6125 1235 987495
6307 259 48634
1288 1175 629889
2102 3990 123000
4143 4316 263372
1230 1588 492505
3612 3128 963027
1388 4525 256103
6465 5458 748029
1658 4285 816223
2966 5543 15838
5098 2229 524529
384 4794 145034
4176 1053 811294
1193 247 929904
915 6028 496777
805 854 159128
3166 1694 461302
2213 5702 531918
1811 5590 750499
5469 769 634302
2751 3176 301773
126 6472 951436
2627 2946 193534
685 5955 793892
1213 409 549673
918 4611 638941
3555 2620 290679
776 2182 744470
191 1825 603673
6239 616 952376
3003 2201 70558
2090 6166 42196
4155 3433 838801
3071 4319 342882
1663 1944 133873
2216 4164 173541
5631 3628 993189
2774 2532 442607
96 3618 365071
6245 5927 315636
4824 3069 167021
666 3527 334156
2157 3727 180539
3069 4154 200203
1925 5207 704672
607 474 306994
4359 1703 917488
2920 5104 148284
1445 890 998164
3347 4731 239900
4734 1646 101092
2849 2590 596169
134 4286 894295
4789 2280 475397
1824 3454 47629
2641 5692 975859
5802 704 523536
4606 6691 663177
3514 5436 18832
2878 1614 320341
713 5054 266552
4272 6110 596632
6087 4754 964795
4051 2652 360955
5114 172 545302
5915 1415 35249
3604 127 621604
4572 5253 842682
3078 5533 877036
6650 3217 265100
3854 5320 485527
6048 1692 170206
5902 3651 625889
6053 6123 206618
2790 6398 733389
5196 3260 613398
3157 1 947530
548 6264 508529
1362 3799 196231
5968 5340 941709
6551 1214 61855
115 4512 256271
2285 3081 992575
1163 4812 34708
1355 3099 445402
652 2307 723961
533 2689 383542
2953 4156 128536
2016 5081 876962
3997 1016 6745
923 518 642535
4529 756 813062
3792 6450 639691
2801 5386 588684
565 5441 786982
3097 2257 712184
4078 5906 878563
6467 4233 924005
6080 2144 457462
3276 1198 481161
5434 6724 361050
275 1879 18802
2671 6358 755670
3582 6032 399677
5033 4433 402793
6086 1721 172160
4747 679 424219
1973 3280 292630
1303 3695 33556
1084 4102 498225
5337 1157 90653
1049 92 688381
1775 4751 54368
6378 5411 745910
2250 6267 186548
2499 4600 370407
6261 4380 705137
2088 3687 722285
6526 5463 844932
4904 4315 980425
4442 1659 487921
5635 4456 800478
6483 2396 351201
492 3919 794278
338 945 967837
4992 1279 72988
2917 4945 578478
2089 2223 508416
6705 6331 204360
415 2803 549550
2697 3070 186367
6627 6491 445552
1245 4247 924403
1937 420 32809
6718 2065 10475
429 1326 45193
4271 2480 576635
1674 2118 192703
238 5632 777166
2822 2242 267647
3986 2254 34345
3975 835 529524
5686 1921 723814
3936 2665 871850
6205 2796 655119
4958 1659 603485
3820 4165 63421
4407 970 51060
221 4190 133761
391 2987 862947
3353 3561 257786
588 4195 416976
5773 1577 688331
3929 3871 710836
1022 678 350281
5813 3461 726400
2615 162 250467
2109 5562 130084
5350 180 397815
5639 3082 86810
2208 4913 534067
5967 1629 948552
3580 3869 212405
1120 3342 555419
6307 1235 731166
2207 3248 367858
5554 1760 135376
1270 1288 108709
1950 6056 530950
1770 1013 561043
4506 625 353389
2779 71 135124
5910 1009 866624
3963 734 89728
955 4596 197466
5730 2236 812776
2714 74 443336
4121 1174 854131
3115 4127 456182
2390 6576 924753
4820 5322 554567
6157 645 144028
3717 3738 303946
1165 862 72687
3356 3321 545975
2205 1264 510232
2837 5389 389243
4720 356 192603
6248 3871 232636
1523 5609 2954
167 4461 18523
2276 4864 292426
5123 5324 465546
1297 4823 791855
3050 2787 760611
570 429 826278
3996 4783 256156
3436 242 174429
2553 223 925746
4023 2946 555404
1476 1239 148988
323 818 139665
6375 889 746972
4012 5151 47199
4609 6490 664070
1609 4028 86583
2674 4639 850597
6108 1235 16123
879 906 573392
6298 276 669342
2075 2414 608897
3893 4522 324113
1678 4617 805194
3327 2010 399417
3769 476 94054
24 4205 666909
746 867 673247
3184 4508 6969
4178 3738 206749
3651 1870 966021
2395 3118 287755
5037 4670 664418
2898 1379 976251
1645 6106 670428
2913 1095 234492
5698 2259 697962
4716 2196 91460
4852 6312 452053
838 3280 445352
2940 5039 661176
4906 96 201986
148 202 679593
6186 2438 505173
3116 3773 912065
3781 6418 228461
4262 3368 946716
2402 446 150408
1301 1176 183447
6710 6390 899298
1881 721 793393
5529 414 509938
4748 665 914404
4277 5998 915736
4608 5563 376948
4109 242 650538
1254 2614 545904
5587 611 361998
6447 1464 850973
3875 184 902537
3375 2604 875226
2430 3520 468574
1223 1213 408576
2601 2732 827873
1435 5739 886696
4868 2512 321737
3717 2194 191847
4289 4692 561616
358 4584 899692
194 4826 884123
1410 1021 273215
6213 3383 335133
1759 5193 349001
6707 2549 845446
5547 2989 491212
4651 5730 625967
2302 21 636082
472 2402 803805
4817 6016 49212
4217 4864 372099
6444 4163 777073
4066 6569 750697
4924 1631 474258
4157 164 731187
6687 3124 689238
5370 5315 975481
5478 2817 939670
5702 1120 441681
6716 3923 972463
1427 1015 88856
2750 4003 626079
5392 3501 744533
2666 2660 442075
5207 562 808033
2533 5446 967613
3802 1578 650594
110 419 207730
6321 4092 757049
5872 3861 422447
6524 393 749558
2627 4045 41897
2022 3799 648661
2395 3723 147228
1338 1611 196378
2969 853 169721
1811 3359 739126
1880 1660 453722
2318 4624 995906
3806 4454 754551
4264 2674 768548
863 4168 818816
650 1044 661866
6092 6288 549349
4510 3812 661916
455 985 372626
3378 4993 113165
1117 2141 546422
6016 6407 187870
2335 4441 976534
2550 1985 584372
5981 500 892661
6262 5529 354411
817 3330 535515
6276 4015 416310
2599 1636 537051
3845 5981 203766
1256 3370 172669
5342 3867 249562
2694 3212 482657
159 1112 353891
3724 5740 611
1454 5151 463338
2331 6474 514615
929 1659 793464
646 1358 488501
3293 3745 719269
6173 1547 924224
3234 2430 744636
3899 2863 140768
5378 3844 185081
6123 1602 577189
5517 6298 385306
4306 1809 499397
3728 3512 386629
6000 4261 247171
6490 5922 234705
1649 2910 914137
3055 5519 780057
1015 2181 522096
5659 5537 83993
5055 4438 911018
3440 6439 479208
1991 5480 111376
6225 3514 243077
4397 3822 880290
6290 5343 775048
5049 6214 599516
3429 6360 510938
6019 3490 385777
3213 934 451346
1404 6085 292768
4657 4049 236080
2162 1180 664250
5542 2804 200467
5992 2936 406472
4815 3807 126957
1198 5990 429848
6203 4863 12846
1465 5384 901857
3885 3200 278441
5532 3880 972045
760 1997 283059
2075 3611 704848
3771 5612 430033
1101 6248 530782
2094 2980 991762
2602 6238 927164
4514 3805 491005
5972 896 679510
6725 4395 233621
3339 5816 516960
1093 2905 972193
5459 1213 119118
6086 4856 336614
2121 6402 59220
2952 3444 581044
1607 380 683917
3147 3250 465692
4305 3716 860465
4138 2701 894139
1018 5453 763213
2327 775 938125
4542 4942 19596
4114 3067 280528
3180 148 693540
5768 1838 49770
3991 4858 679216
2439 2461 876108
3430 4303 598994
4418 6172 564214
2696 5546 524448
3581 5590 489847
1150 6037 631210
2526 4220 729799
992 1427 856794
2739 2239 862398
3712 5539 2376
5598 4003 93810
592 5944 965709
3001 5955 384318
3717 6503 950007
4844 4908 830591
3148 427 460812
1929 6225 687946
5677 2363 79966
6378 5947 320327
6464 3905 539027
1997 1124 194548
5417 4289 88094
3958 2614 739415
1619 4251 129607
2842 1475 473375
2023 6066 381973
4197 6210 113458
6580 2401 619198
3224 6196 292079
4258 182 249007
2480 215 986911
1037 6686 146286
5672 2230 690544
5694 941 31809
4204 5162 969217
6223 1048 2215
1617 6099 560170
1515 3706 707789
2323 4519 383239
5975 822 179864
4336 3953 825925
1318 5524 373186
3382 6411 945757
5586 5649 517163
3569 585 668454
2085 5976 836422
4460 1186 444638
49 5007 702264
4884 6289 903604
1001 464 349109
1934 3699 853710
2658 6390 409481
983 2237 658292
6339 205 194417
1428 538 268120
2395 2840 711782
162 3289 740427
622 501 812279
5430 6718 467083
2402 1867 37462
3119 2071 730250
680 3692 312185
436 4481 616905
4125 5855 224250
6598 4261 780454
6302 82 327483
645 2135 702754
5941 6069 189059
1559 204 274304
4558 3711 43589
5948 4997 524962
1404 5301 578579
273 5398 311091
2042 91 353406
2315 4794 610744
632 2332 151762
283 4977 328802
104 1893 422182
1596 6343 67224
3764 183 842961
5334 470 17986
1264 5553 806423
2281 6565 557054
4457 5861 279564
3075 3655 896842
836 2594 37227
2767 6208 142247
1841 5467 971881
246 5020 723558
4279 6409 462724
4658 5249 150497
6591 1534 866596
1769 115 625814
6567 5375 272486
3675 2846 819229
5344 4940 658011
5956 6156 821487
6282 5641 637929
6654 1799 930482
4122 3993 801112
6009 236 58312
2182 586 837360
3526 5157 873336
6500 3898 618008
3960 1138 389116
6054 2255 748822
3848 687 664629
1249 2109 492819
1646 3347 926786
945 3649 533139
4812 844 465778
3122 5894 555421
3081 4911 458565
2699 3542 518288
4742 2247 689034
4384 5297 318867
1856 6353 939438
134 208 829312
2160 2987 764169
4591 3160 613323
2777 5282 649933
2011 1170 20121
3920 1556 601317
1458 3301 643646
6316 5823 269787
4679 3035 53926
2210 5417 96708
1927 495 951398
5397 6311 431032
6371 3581 463551
2326 5816 543674
3102 86 936534
6235 4750 190593
3742 4886 502748
2592 3109 401250
1998 3404 480195
1727 5818 354299
2446 1848 697732
1048 2138 267730
1090 643 860824
3374 3201 381421
4979 1711 566435
1192 6392 772362
3024 5771 663531
2506 1212 373131
6354 3441 366840
2609 5100 830838
478 331 496171
4793 1198 304375
2402 1821 129643
4669 3029 454374
4336 2174 175962
972 1650 979797
5592 420 201756
1309 4337 751443
2959 5301 944521
52 1873 496404
990 3604 306119
4742 6100 570402
1551 3944 84103
5732 2948 11694
2955 1888 138358
440 5689 851800
879 2625 108506
3104 2509 66035
5 2981 896740
6620 201 718227
4932 4385 858690
238 2825 256011
3544 6398 654159
4119 5610 978198
3513 2449 790227
3806 1791 805607
5317 2573 356489
6723 1681 613738
543 6473 600589
6110 4738 356901
3508 2523 610938
5069 305 487937
2404 3770 996574
3176 5198 776234
4401 2516 79505
3268 3977 520715
2839 6497 619801
2749 2436 230472
216 4615 876068
5749 6072 97852
5825 6590 19051
1669 1018 757903
1401 6597 598484
1522 4599 937102
4235 41 560626
5178 2120 103017
5499 1194 738355
2006 4470 518852
1026 3277 284902
4321 4480 26429
4241 550 292255
1836 6473 549650
6392 5207 540644
3067 2193 804784
3795 999 988233
5217 4351 186922
2941 3817 637953
1492 6458 704607
4145 744 101770
4162 3237 136623
4301 2105 69108
5285 2192 369313
958 1557 803009
5314 3166 802535
2745 905 964700
2062 4942 63865
2777 3572 402271
5971 5758 711350
3639 3193 468615
3156 3638 96505
2366 2862 433692
5972 5000 649264
771 4840 615749
6176 1629 534345
2469 4969 316257
4379 2191 668303
1113 179 44255
5963 1824 915865
2404 6416 387867
2540 4200 361034
846 643 466193
883 2689 842200
511 3535 231875
874 2471 554608
5292 2225 502695
5820 3791 74356
1251 1197 469253
1639 2078 655280
1162 4239 666127
2162 1947 112529
1418 5856 883134
2475 4965 460491
6262 5623 276060
4271 2955 117092
181 2830 742722
265 1092 339152
445 720 214404
3864 1306 736545
4913 3621 110732
6621 3683 16684
5361 2283 13894
5805 262 886306
5499 6687 581462
5164 2411 368878
1873 4429 78548
3740 6580 349440
5131 647 714327
2363 3845 869619
3052 5802 52883
1279 5163 135651
5945 5000 630235
6235 1760 954593
1483 5901 61588
3144 4280 514234
5308 4343 518515
2380 1970 820798
4910 3914 830480
2170 4176 518573
6303 6385 636999
5024 453 159034
557 858 735295
6380 1605 987170
5267 925 166946
3589 3030 907283
4762 2851 217982
653 2345 100031
75 4312 506647
4827 6504 226717
195 6658 637575
4639 5690 203663
4393 1222 878565
1354 1488 78463
4786 4530 456927
3382 2937 313367
193 6692 801396
2849 723 392896
6387 4282 756098
924 5737 814375
4754 1926 837159
4315 3224 660720
4967 3788 637539
3401 5894 742586
4583 2099 486731
3257 4264 931325
745 4772 160605
1227 6108 708826
5159 5362 269903
1984 6194 281144
6536 6447 61772
1102 1450 589647
6284 6368 84038
6482 5240 358373
2131 1298 770790
2982 3202 724394
5232 2472 836652
5996 5491 114374
4434 6456 11314
1370 2850 551942
6421 5674 76442
353 6562 495489
5250 4776 625370
4933 5938 166679
4840 1411 754119
3303 1549 366784
881 5182 991404
4990 4654 147437
5374 2863 829450
1995 5923 438076
4107 2456 947117
517 2393 678676
2828 6215 97309
4596 6461 862668
5891 571 608107
1989 42 659306
2309 1796 633945
6237 4108 541279
6217 340 73055
4879 6391 545691
5633 4077 604323
2234 5182 85681
2702 6001 94148
890 5952 267369
5564 796 693449
2171 4077 444715
281 6429 169351
5106 4839 165032
4157 828 894861
3228 540 228761
5760 6487 716700
3683 2621 148241
949 5261 896717
1331 6469 664801
789 6592 659861
4052 1832 184947
5679 2095 669201
4070 1184 305855
3748 3366 782903
2928 3249 907720
3762 1768 918397
735 171 660939
2103 5368 233012
2545 4099 119832
3767 2906 244124
301 5728 829782
4159 807 179542
4946 3839 676948
6168 293 150192
881 5761 122059
3031 940 777409
3809 1361 645059
166 6371 310120
5298 1922 381976
1003 4917 140182
3438 5144 618039
3904 7 450350
5871 5816 368570
6268 6594 151163
2623 888 89048
2809 3326 780632
2689 2590 298878
5476 2472 162109
976 1379 901024
3340 814 596134
1635 1350 987522
689 3517 749540
5001 5732 365874
5972 600 368685
5403 5990 922971
5604 4113 441737
4029 3636 881967
5792 4221 763296
5820 274 654821
1401 1791 679591
508 2436 81715
4343 2009 547775
6720 5435 802370
3674 2786 901888
5193 4369 320437
1993 6099 192336
4145 6062 412094
4886 2812 522160
1360 1519 219073
3825 3996 975166
225 1709 191703
2072 1196 682736
6054 4084 427841
6465 2389 965970
992 3357 992404
3065 1591 132863
4198 5126 154246
827 3021 500553
6665 1620 918644
4573 4592 104087
2812 5288 966250
4966 1457 419410
6615 4858 741473
2565 3132 692817
2652 6220 196146
3348 6286 365386
28 1785 683635
6168 6576 427647
4173 4335 896533
866 2190 201331
4523 2131 241082
1201 6253 961671
4776 2581 136474
1044 6412 694705
4036 3185 900947
2514 5636 908142
1252 282 180783
3681 5255 195629
6654 2238 858448
1281 2092 832450
5536 5773 155888
5490 4008 550986
3136 3062 174306
1324 3859 56547
1417 2223 176396
977 1702 758712
1668 156 125469
1145 6667 176081
357 2494 120080
5638 880 699124
6562 2087 409064
564 4932 353639
4914 5385 668828
5169 1109 894799
1898 3316 636023
4801 1426 622169
1229 3183 635818
3883 6508 34309
5432 1945 146685
2545 2827 542308
926 1394 418658
6114 1281 253063
424 408 986860
826 270 211828
2944 3490 680521
6502 3495 51167
4708 158 237013
15 5312 764630
4291 6172 508035
4865 4147 326686
6646 3808 436188
1694 2507 854513
1327 5822 39651
6412 1569 298761
1021 3352 779789
4963 2080 295461
4903 998 881063
3866 291 733812
826 6133 183973
5555 3274 810757
2502 79 682144
4261 5369 452072
2207 2131 381221
5237 4105 492988
5240 2704 517274
2183 5103 532270
4741 5387 753044
6469 3287 162752
3490 3404 803324
5357 1514 620027
1470 722 794786
582 3267 345219
1745 1998 632389
4515 853 220852
2631 4922 713267
5622 3127 735825
2890 1782 277612
2969 4096 610237
4462 2474 993406
6632 2890 16868
1550 803 559694
2880 630 552079
6341 4070 871802
5201 2958 954374
2588 2596 684566
6259 4168 846352
6569 169 318675
6556 4279 496244
4741 5252 798972
4229 6257 48534
4152 2927 465350
4367 299 16570
4073 6469 269928
933 1709 186
3807 5573 315383
518 2306 74866
199 1420 648745
1253 3703 433146
6628 3417 943998
5100 2448 18857
2334 3760 654981
6443 5982 940660
1473 2306 940919
1177 5363 645216
6613 4008 347049
6129 1703 659271
6071 3015 102485
4428 3604 923750
3870 4615 903643
2232 6682 453059
3507 2267 539405
2192 693 808797
2327 5564 294658
1959 72 92270
1019 6062 812947
811 4948 470054
5969 3323 744366
4197 3258 972605
6471 3378 485219
694 1328 119792
1328 2967 238207
3020 5065 729264
735 6179 35140
3901 4759 712820
5110 2654 31104
3852 553 962322
6048 4176 392623
3941 2574 437477
2607 860 849215
5793 2094 780604
5622 1738 546892
1559 3490 32878
5616 1117 687653
4908 2048 684640
5921 5138 964928
5458 5176 917346
4648 222 271831
3346 5641 62376
6699 731 435599
1624 2099 321724
2317 4421 843799
692 3707 746235
1990 3410 975834
278 5200 721084
6380 3705 609836
5398 230 61696
2476 1088 623691
17 730 98079
675 4684 93183
6010 1885 220401
358 4598 937190
3335 3455 751218
5249 1069 559121
5664 1461 171724
5364 6479 986714
4438 2901 471382
2014 5639 197500
3638 2943 807830
1768 6221 436827
6501 3353 296089
4296 6071 73897
2833 5541 772052
3834 5293 595808
2338 2466 265292
4948 5649 694154
5743 5742 166044
2347 4504 457880
6696 4260 940722
5518 6358 47350
1519 6051 507547
4856 3215 800953
5000 758 139323
5319 6527 581890
2766 459 610735
3243 679 351782
5876 3516 928249
4925 1361 409799
86 6274 77486
981 5168 847511
5392 1097 453936
5156 4811 643090
771 1141 334609
4412 253 299225
372 1273 800505
5447 1167 147284
733 4113 86303
5012 933 520453
1345 4489 733785
4137 3923 991772
4981 3888 804460
684 3532 672676
6637 1742 382959
2128 2870 747146
2673 4379 406551
6531 4433 720666
2313 5783 668234
676 4566 171777
1429 1307 786284
4109 1369 879071
3007 4317 996154
5782 2691 989156
4972 3895 435654
6724 3945 431694
3731 5246 14419
4552 3828 466796
6556 324 931773
5961 5046 954800
1583 1983 573333
6091 5721 926330
536 2594 664544
2577 4668 214434
2989 3871 8305
175 5701 364007
1416 4015 777495
5239 606 928579
6518 4988 144400
2035 5998 287039
5433 3629 18546
487 1231 347124
787 6721 148718
5559 6527 989294
6495 1751 701095
5942 3838 607895
796 819 84714
6456 4968 895315
5727 4470 452830
5726 3701 679262
1970 3771 527849
1503 6472 523847
2233 5157 753936
4202 4967 348815
2911 4912 356597
1741 2517 364407
999 6732 303789
292 3800 742657
1490 6008 324195
3208 5816 219832
1588 3277 624556
2238 568 803080
3393 568 167545
5064 4219 250382
5899 6624 348226
171 6603 567343
4560 711 180675
1939 5957 691676
273 596 151614
1438 2139 92779
232 2527 535904
6697 2139 908815
1906 1593 580962
6711 2996 833641
1538 891 635107
408 4045 360582
2619 4127 661799
215 3746 685380
4487 4228 227
1477 465 939811
6146 1610 281277
4913 6390 569969
2278 108 844456
1868 5173 816840
1630 2720 844741
3386 2436 457766
3581 2018 561472
5595 5801 275218
2691 1190 905577
6571 5695 343206
5947 1131 951044
2466 2919 691239
1339 46 762928
3719 4981 461053
1969 1135 28496
2496 250 38391
6234 1430 443644
1098 1468 697084
4610 5707 844580
5352 5455 129281
584 6112 869148
5068 913 134931
402 1754 923038
1682 3021 584054
3466 6527 784765
4133 2478 598200
983 6442 914881
1597 5180 179653
5378 4072 641795
1187 1345 993619
5106 494 141241
2894 6353 789893
5246 6455 136413
1330 4178 543601
5931 4526 433596
1873 5084 524415
4928 5304 590191
6486 2010 793383
3669 5763 15355
2872 1757 32745
3403 3420 294578
2230 2413 106500
395 1489 789581
1843 5128 493330
6586 4741 148320
440 1060 348621
3953 5279 152669
6234 4157 814299
4243 1435 338210
670 6131 978269
5354 385 692869
2703 5137 668994
4492 5604 710086
3322 952 906886
4669 6122 744763
4393 1319 44085
2269 5981 425544
4607 5849 665086
1304 4769 834214
6359 1453 88955
3696 5589 705612
205 1495 31597
5974 5764 448347
1003 1771 384498
2722 5064 526813
322 908 599561
772 794 301577
2097 6202 413505
703 6019 362181
3501 4645 973617
4125 4122 456151
2157 2864 844987
447 6441 987301
1864 5698 813678
4269 4201 609300
1001 1573 683637
3380 1795 632822
3283 5370 651056
2608 2945 864354
5341 6228 875597
2124 5778 292997
5596 1477 435922
2245 880 763263
6506 1794 483993
6332 3972 168636
5701 387 131315
1597 2660 914438
1402 1000 590163
452 778 326387
3413 6303 500365
58 2511 712403
2765 2187 875232
1915 2189 425448
3778 2320 948610
6344 5590 837739
6686 5930 672439
5281 4087 344841
277 745 234573
4002 2591 139105
3654 710 304820
1003 121 163854
994 2313 339363
465 5353 639867
340 5732 574396
2979 2190 757262
4945 3547 970769
732 1404 626409
5234 2173 229565
4542 2053 491856
5880 538 99096
3625 5999 109655
6717 369 740654
1173 1160 253016
2272 1340 18515
3962 5152 517373
3700 54 821346
5422 2076 218293
3133 1920 570537
4845 957 114582
2115 5406 309212
4641 5281 113829
532 989 272189
6703 3677 137214
576 1339 747771
2296 1751 535436
1582 2848 895887
35 3143 733692
1361 1228 307765
1785 581 508995
2702 4785 498664
5871 4046 969548
6009 5049 135285
654 5860 482090
379 395 48605
5775 6695 420745
3933 2491 39475
4248 861 820346
784 1523 128878
3454 105 315662
1448 251 666596
1156 1942 842922
5217 691 372704
1846 2508 755719
6588 6616 284873
2601 5109 289119
1029 6015 651647
2857 1567 704616
2693 3241 974207
3904 856 231214
3171 6252 12400
6069 6112 667356
6103 749 260576
2184 956 346258
2519 1324 579672
2298 2063 728774
2562 4157 317822
2200 2087 608026
6452 6110 26274
6149 649 532441
4030 3473 145772
5828 1952 432000
5594 3315 435128
5180 2897 316440
3713 4523 118698
2497 4947 742314
3073 3725 808926
1187 5688 891623
1518 2046 610692
2848 4014 404320
2689 5033 864503
5049 2962 252768
1281 4684 631701
4149 4691 602942
4902 4948 332518
2265 2130 301540
4808 2499 429520
6238 4406 172143
6599 5223 726784
85 6568 697315
4796 274 324639
1407 3224 158454
4889 3938 972010
1281 4266 437246
1852 425 956355
2323 3110 856944
1446 5650 150338
6222 1718 641977
6147 285 38729
2213 4484 524277
1516 6286 92136
599 4537 655575
493 6597 881924
3224 2832 179686
2865 1459 431521
3602 4612 110320
6703 393 88524
5956 5436 113767
1337 4816 642933
5608 2343 756113
6046 1317 878478
20 4913 222846
5853 1212 185194
315 1830 631417
2451 6601 546234
3847 1822 601206
1564 2630 340406
1744 6390 638366
3158 3306 616828
6636 5319 501020
6717 826 627421
3188 655 373408
2955 6264 729131
5224 2091 31934
1962 1943 816615
2050 1545 249955
5124 1037 610154
2104 5311 724308
5112 4387 775935
4999 4515 606170
878 4564 911951
1417 4848 81882
2347 1462 592582
277 2219 500511
1743 4989 662180
6698 5345 256258
6358 4942 845299
6095 3351 563845
1786 1254 510396
4985 804 64944
1659 6707 462164
982 6367 583242
6569 5746 561990
326 4324 354464
4976 6732 286269
1438 2141 908191
6335 4903 703064
2180 4644 577445
118 6127 996544
5951 3940 844305
6018 237 406513
6376 3772 183405
330 3089 735653
6619 3425 853480
4456 2528 581855
2747 2863 983550
1270 2803 65159
4511 4875 853776
6720 5431 498504
849 6657 172155
2878 4840 598156
2209 4747 26677
1325 3632 485885
3886 213 671083
5646 2988 761239
78 1286 474683
6551 1500 233980
2475 5444 865177
6000 5921 388192
6581 1447 624543
2055 1817 212284
8 1053 387519
1791 4114 777565
2725 1251 287938
713 2512 632340
6512 5507 152270
4215 3463 573220
6584 862 430862
6512 6473 99765
2298 3191 717330
5120 1020 592527
5700 623 968821
4948 345 115375
36 3889 682627
122 1283 574549
1830 3496 277240
5279 4452 106310
4022 2236 838121
6066 6327 718367
3567 3398 134852
6411 3731 311943
1331 2226 182254
660 110 544055
3551 410 416788
469 3200 650602
4420 3008 88593
3258 4919 666220
1792 5613 195530
1753 6295 799947
4534 5267 413712
3089 4851 522579
1051 935 762509
418 6411 963475
1700 4743 917465
2262 2017 380311
2081 1228 938226
3226 4849 784435
179 5302 635540
1737 6142 203314
4149 3851 43938
3946 101 304640
4751 6730 925689
4893 6627 355571
6047 459 112474
3798 746 191102
6385 84 448818
5452 2285 101906
67 5870 760058
1501 1782 789725
6450 2831 753043
2618 2133 464413
4218 581 369043
1926 272 972317
2564 641 162682
5742 395 710098
644 3162 938502
3125 2389 611735
2994 141 881826
5402 41 229788
2073 4898 509261
818 5396 148577
2056 2365 843742
2660 2603 243551
4564 2239 449383
2881 3349 716844
1283 5500 112134
3634 4264 954542
2339 5877 423457
2235 2687 745646
5316 4403 955914
4698 6678 91599
626 6181 21781
6071 6272 852800
6522 6624 236016
565 5853 767743
2604 5188 551073
718 4974 156619
2051 1690 541259
5894 2329 738325
391 5978 923276
199 6180 43810
104 4559 553927
4079 3842 186779
1116 326 396922
4958 6491 749474
5160 4932 587423
1007 224 451292
5550 1894 68464
5075 99 695387
1837 5985 569087
4839 1210 129112
2677 1903 478466
5950 2634 331766
455 4432 214693
6320 1995 504810
4829 2001 117906
3845 5058 68038
5978 5968 541142
5970 6666 261786
940 1545 246836
239 4063 26440
2748 340 106723
1334 4289 286884
475 3106 128033
3872 6662 69070
6065 4088 335781
6411 1801 202965
2111 1313 674417
4753 1107 194846
1785 2372 930667
5416 3950 93840
5280 1004 866902
4243 1532 188913
1751 5748 490185
2 561 208939
4970 4205 402490
1410 4231 407723
2225 3789 175591
1651 4172 363931
155 6452 546232
6730 5615 93798
4880 3792 838464
4189 2172 155567
1519 3735 744502
4930 464 286101
5922 5552 837228
4005 5715 999159
743 6262 475569
6178 5430 709749
1778 536 351078
1568 5575 561715
2570 1442 48723
685 1956 998375
5745 2596 358118
6011 5461 686672
2313 425 566533
3621 5645 116371
4099 2047 469014
1811 3135 828205
5771 1541 903034
2823 5306 710598
3061 5191 395949
5798 3980 273059
3736 2964 493616
5010 4809 772358
2533 3438 408130
6315 3000 819735
772 1359 395776
6291 719 179741
2194 4138 981208
359 2916 417158
6223 266 693333
1854 2751 431530
2388 1001 957131
2265 369 390641
508 3603 228257
4042 473 224126
703 3303 201562
459 2346 544385
5482 3282 927234
3461 3757 858348
2577 696 889306
1532 6154 841337
5540 3477 30728
5302 779 663372
480 1503 250944
2115 3066 635522
18 1485 396082
2990 2961 240697
5401 2603 904679
859 2264 942755
3946 1188 72226
773 3827 263267
2221 542 348497
4607 3393 349052
4265 1324 135304
1868 4219 688099
5724 4781 442951
3486 2520 601234
136 503 556006
333 1836 957281
203 4899 641952
4241 5194 515600
6465 1542 75554
6307 3092 570617
3618 3084 128167
4144 904 854622
621 1934 176654
1038 3164 141950
6435 2028 756981
4597 2037 426146
2439 5531 175326
2019 1486 224762
5766 1547 753909
2697 3558 962674
6234 6382 419728
2952 388 140151
5183 1826 624523
656 3113 469763
1549 3429 438632
2836 5325 634513
2476 1833 353113
1412 5157 298794
4517 531 306761
1642 3578 563614
928 1971 763172
236 4153 873695
5716 1240 666489
5146 5343 108928
4873 2494 467593
4272 3744 408821
2908 2341 627560
3241 3054 842352
6536 2117 627883
1232 6613 440367
1424 3212 287553
3 2648 888167
1373 5510 597098
1204 6569 981664
146 3241 825652
897 2264 399074
1482 1130 402058
1968 5423 113156
1358 4173 83291
3493 6311 190279
2370 3821 862701
204 5161 301225
3207 4522 974149
1177 6351 880115
3264 6179 264154
5581 2356 782785
1519 417 624526
5842 4914 594264
1776 5171 43882
4029 3534 436881
2842 5195 791829
498 5569 743328
5285 5173 803765
4415 633 223288
3360 3415 796417
6200 2620 228765
1438 490 80099
6076 6454 925244
4970 3811 430814
5928 4907 30613
409 2614 531461
5826 4514 829701
3622 88 724909
1465 6036 6649
4737 3260 782288
6447 4187 494799
1358 3892 197632
3698 2444 942229
3744 1418 582860
969 24 484708
1129 83 170106
2628 1428 772016
4880 5011 46768
873 2492 152866
3402 3976 748957
5727 4978 504673
3029 6042 747415
3049 1177 688219
3918 579 532510
2484 6605 232921
4680 2797 131433
3013 1740 899575
5434 1843 639991
5985 6650 929574
596 6176 983121
6040 2824 57812
5006 6303 854097
2567 1508 507932
4482 1436 962468
4779 5234 551372
3764 1508 351988
2919 3083 127301
2460 4667 421795
4038 286 99434
1164 6218 778895
3487 197 916906
2324 2328 281228
2961 1364 776405
3903 4376 461735
4737 3863 852833
2553 1971 699985
3385 2227 762130
1457 6442 218812
1244 2286 710173
5614 5759 970780
4348 5113 898883
1489 4287 766736
4523 3041 298254
5994 4707 221786
4145 1748 959320
1302 5288 399179
1682 6391 598471
3499 3059 647971
4323 3546 145895
261 3293 956057
1771 3449 271738
843 4380 111724
5865 4816 508928
5935 2988 653602
2639 6421 381971
5873 6649 802041
5647 5363 506796
916 1136 808026
141 2472 457618
1680 4113 709451
2075 1929 812991
3450 2883 551476
6090 17 823406
5662 3491 901642
2420 4478 384979
1663 2923 974431
6351 2339 981683
4169 4399 805113
6473 243 924413
1037 6008 314117
423 4272 910957
700 872 531241
3045 5902 67526
3021 1341 70290
488 1119 689434
4534 6675 360430
2963 1700 899715
1445 6302 647601
3450 4180 724987
6687 5790 773287
4749 3652 326992
4050 3868 62676
6477 99 470934
3513 3625 71658
2164 3924 556155
352 5635 779225
439 2962 586250
5534 796 776528
2914 3411 205473
4545 4017 885410
2351 519 351070
5481 6405 769291
833 1570 548459
2062 6695 527572
3889 5749 575251
5062 3612 394798
2164 2049 786871
214 2831 118652
6187 4316 377435
2607 142 626234
6683 4779 189837
1822 1573 661942
1096 5030 99175
398 2836 215260
4964 2144 408460
2278 6681 399349
4113 1109 942819
2817 3109 412113
3254 5450 372015
1049 5419 248937
6621 3392 452546
1170 1084 776329
1212 4549 799677
1281 6652 137011
4772 1360 503710
713 6607 790674
4257 3261 147611
6477 3529 906283
582 3328 341670
5147 6540 843806
1260 6059 226143
1168 3532 133658
5413 5832 864969
4103 2624 318727
1934 3399 523712
3960 979 465081
3879 482 754439
599 30 9723
1175 3114 594058
4338 6092 888158
599 36 440678
5637 4098 99555
3808 290 555248
405 2262 104188
5245 784 524037
273 765 322944
167 2418 251571
5724 1882 40237
973 2088 277100
5481 4592 326261
4448 1251 147626
1522 6594 364902
5761 2940 568248
1267 1627 497060
597 4765 764138
4533 2661 503517
1946 5689 682375
476 5163 493278
4702 6490 514697
5120 3919 134913
6627 2211 755514
6231 6537 751607
5378 6329 151853
478 5165 234741
3319 5813 836508
3708 4192 546263
4413 2922 332378
2324 6407 151165
6457 2653 270102
3319 4250 984972
1798 60 675793
4907 6179 840112
6663 4947 51531
4818 1856 736323
171 2560 971725
2415 5515 265411
941 5205 511694
2266 5308 646198
1872 4853 329749
2683 972 307651
5209 252 264107
1423 2636 298461
6384 5534 172265
2561 6191 965009
3796 1268 165361
4698 4708 294916
742 901 844674
2716 1059 981670
6521 3319 373481
3786 4497 773004
998 2108 866280
152 4169 535877
948 2853 919097
5503 3931 536770
6610 2648 21331
127 1924 30147
3541 1840 232916
6206 5283 133442
4822 1608 631551
291 6128 622124
6647 6610 641142
1181 4799 397732
1163 1882 909683
327 2497 524896
90 6644 70040
795 4569 408118
2720 1740 921560
3954 1643 233397
4147 3499 25978
801 5322 137894
5639 3334 929734
4 5302 109040
5421 2986 305449
3225 4575 483838
1650 458 203251
1999 1817 131767
6204 4218 564421
4429 1904 539162
702 2432 654734
2729 6412 2297
6607 6051 448709
6149 4074 447961
3668 1752 974749
5035 5834 367960
4726 3744 741663
2297 5493 372900
5577 1168 116854
2892 3754 884929
6395 4881 492399
1098 3980 32072
729 1797 312859
4205 4808 93447
5371 3424 804218
2726 558 881400
6503 6032 903491
3113 637 555987
4692 2394 536505
1691 2072 736799
3552 5857 898840
4239 859 861430
3073 317 129516
6448 5801 410332
4396 2978 608943
2317 235 171114
4772 1028 825352
4413 1299 744125
2017 4951 427145
4413 860 497938
2993 4638 57167
1586 881 415346
964 3718 776438
5427 1523 240700
4039 1158 482304
4216 4633 412842
2227 4393 499001
1668 6660 770874
1756 3103 498240
3241 5789 516919
5097 155 975327
6100 1316 541945
120 5450 898093
893 1867 134910
207 3500 943723
1592 6008 520590
5950 3541 314335
417 828 284129
806 1912 714760
3567 4579 547304
2240 37 539416
5867 2856 465495
3685 3372 182668
3164 4501 251218
3270 738 599794
6372 3866 177713
6627 3460 769929
4577 3875 869647
3056 2815 673380
724 2205 874827
2415 6421 146832
575 3162 956894
569 4764 907455
2114 4723 582847
478 5601 838386
1866 6719 271435
2089 2454 78379
2871 1993 327387
4093 5161 939222
3367 2626 539424
4853 4174 90413
6310 887 586986
82 1051 558563
1642 4505 232512
522 3338 699657
4601 1582 754945
214 6261 74737
970 4122 911163
5229 5346 68975
5718 4191 738321
1407 3859 717947
2830 463 953191
3119 2882 53973
3022 980 499035
1121 881 740321
1317 2871 366922
692 3206 229572
20 5946 267935
4752 2088 315957
605 5441 950217
2016 6437 908379
177 3656 671013
2727 5401 170674
942 6355 269284
567 5201 378290
948 4587 737938
1081 1594 952851
2674 732 442274
5070 382 365870
4235 5077 320280
2414 2692 716075
5947 2732 547642
3312 4655 515959
3732 4156 900519
2302 1526 146758
5207 5919 562492
1316 2513 877778
291 6643 976192
3998 1665 661677
2431 6135 105489
4304 6297 994145
1910 3692 392485
1710 3857 418169
4423 4886 618374
767 5949 840609
5641 2556 146308
3372 2556 451156
1307 421 25348
2947 2427 625295
1295 4148 170744
1972 3767 105697
4448 3807 443684
4574 636 540146
4965 3623 548477
2925 3656 207267
76 1540 572648
5912 5651 83176
3958 1969 532253
5370 1113 424929
2664 5334 117585
333 6425 397665
4726 6336 206564
1173 2514 720940
1305 5957 415879
1061 5085 436724
6015 4167 162304
1320 6060 369261
180 3747 282940
5700 2639 329709
393 1639 655963
5055 1222 466788
846 2514 878332
1928 3738 977108
6293 2587 77197
6094 1195 816310
5817 984 238484
317 6289 557985
2902 1206 252130
5612 4526 531080
2208 3689 434377
3382 4443 417458
1403 4769 776629
4139 1315 589358
4705 4724 746333
2648 3611 617701
6723 342 653473
6415 4988 188792
4857 3812 375954
3195 6549 847923
454 1436 615487
5245 5383 740408
1974 961 435063
2778 4519 226715
4559 2366 873717
6151 3660 8934
5839 371 636915
5319 3477 481322
1538 6065 534042
299 4624 527573
4046 2269 308169
6130 4678 478621
1151 4473 706555
6410 4496 160570
5311 2762 63454
2147 5148 162023
3768 208 156287
1725 1196 221270
4907 6517 636161
4166 5679 765950
506 4901 973028
6200 505 466330
1641 274 426779
1227 3022 507678
5507 3121 524401
5517 203 59861
4881 1076 498474
2118 3378 541585
1137 4534 454198
6622 3157 826547
145 1514 939970
629 3013 581923
4701 1599 437445
5841 1729 491440
4162 2154 752702
3067 4397 726009
5894 5788 359129
503 4161 571651
122 223 570116
3551 896 153467
5750 3228 454987
3761 3654 732385
1244 6635 470073
1418 6350 631343
3962 2869 268973
1835 5718 341680
3639 1821 621516
1134 1784 69947
289 4833 891435
1870 5136 982624
1702 4859 355451
6085 5949 372893
1193 4315 87755
612 3136 226198
3442 5826 930268
3761 5283 12132
4858 4006 174628
6542 4285 532347
6572 6574 587707
4533 3596 82706
1062 357 507179
3655 1182 286840
2322 423 656104
4960 4295 299088
2403 3822 984238
4203 230 145005
729 1439 821384
3095 3322 375516
6619 2862 881186
2103 4218 823873
3872 1878 693144
1733 1550 880284
3950 227 86928
1002 797 122677
6095 2757 545795
3166 1924 55260
5187 1214 460013
1235 1039 155650
5543 1667 668155
1225 5239 114447
2470 3703 498494
5416 2477 961591
6359 2298 21624
739 2449 524536
3918 1017 89948
5650 2096 944097
4259 2409 765623
1990 6195 252542
4087 661 37301
4659 1017 438406
2638 2519 971297
4729 4452 311955
246 607 85003
1445 3861 761449
3983 4346 335712
6410 5084 124186
5430 5794 379421
4436 4148 284508
4147 5563 378414
1085 4193 782343
6504 2430 519026
6203 1985 530486
6073 3035 131887
6165 4208 182294
2873 5003 783753
3109 26 491844
4690 4587 804310
6556 1207 81533
4588 1969 399351
612 754 654839
4751 2820 644784
3027 283 159079
1544 275 922233
5499 2896 507086
2637 3887 832043
3963 4982 365898
4204 4752 365292
587 5195 242355
567 440 926723
5873 4271 849795
5331 6632 930599
5336 6522 169911
934 4334 660879
1528 3599 217283
1804 4471 528136
5662 6365 543203
2398 3839 696001
6289 3296 62403
3935 1564 825683
2543 5224 501516
2753 2202 823302
2341 3467 658714
6290 192 737420
3181 3217 214422
4767 4302 966916
1459 6124 387213
4075 4919 899841
3572 3962 364875
4021 566 378040
6217 255 75101
6458 2466 82866
6198 4932 851530
2918 2075 791199
4342 3302 90001
2598 2832 620942
4220 1556 237008
2277 6332 199358
5522 2592 418047
1819 4986 846230
5057 2397 262876
663 1020 485096
5171 3503 186563
3674 3543 81234
163 5010 972358
2904 2022 803102
5835 6514 623198
637 965 300891
5671 960 937407
3172 2444 132753
4568 3774 666378
6255 407 83632
4618 6080 458885
6241 4977 465224
3160 6703 521903
6326 5538 201808
3785 4424 133148
4697 2076 624993
4339 256 359932
252 4698 231350
897 175 408439
6349 759 157535
2827 2883 999791
5484 3136 967932
3341 5566 282103
4403 330 742864
3342 3019 113822
383 5563 591272
6447 3918 895727
6066 6294 604620
1669 53 154448
3308 348 931957
5146 1634 583475
1522 3796 290663
3636 6292 359768
790 2578 223658
5458 5717 691417
4882 221 418184
2047 3187 473596
4898 4400 474298
5286 6386 15526
370 233 675450
3069 3883 396236
5994 3624 528312
5951 1803 656271
1187 518 33519
3979 4521 60344
3531 1829 317984
1866 2199 299049
5159 2753 966430
3363 104 457312
2726 6704 717284
6152 4025 827067
5010 2634 172097
209 5693 585598
933 4066 560848
263 5682 849782
2910 344 859700
3589 3110 530677
1865 6637 81762
3694 5848 36733
3413 1841 894813
5682 2655 254916
285 4268 895893
3796 4911 862475
6478 5849 571698
3352 4900 345569
4401 3730 103777
4122 634 124279
5741 4954 59169
6422 6600 870459
3898 5301 550188
5029 5308 867098
5856 6375 99449
2450 704 112151
27 33 819741
3903 269 560589
1025 1423 909675
4074 4144 926847
2113 2803 882945
3249 6357 21297
4263 4256 854562
3678 5226 794478
6632 91 645709
6121 4951 228361
1998 135 28773
3426 4411 522351
6280 4741 167918
2139 1773 160339
130 3909 667485
1157 279 594747
4579 5811 580006
4882 34 872327
4580 3609 74509
4207 5201 305713
1298 1481 481240
3677 5912 36512
463 3189 684509
1272 1389 981594
5789 1718 262805
1904 613 810038
3537 3763 112903
6313 3356 451093
2938 4627 440680
2311 480 44557
2757 6096 340168
5592 4022 826559
1441 5034 924173
4741 2838 433619
6214 708 914637
811 2358 623376
252 2520 9215
6014 3045 343024
4251 624 962834
2924 5019 325442
3672 6256 31095
4830 5382 104695
4712 2165 361387
2708 723 347365
1152 5454 407957
4622 2142 34238
1363 2246 539040
807 289 290825
2129 1162 361383
3961 5306 966939
4119 1778 413184
726 3508 832801
5214 1572 544478
3255 2476 323935
3581 2271 655078
3035 3966 947333
758 1183 560712
6080 6007 826539
2947 3517 470668
1254 2049 979091
2602 5680 515330
3744 1203 990467
6117 1300 404968
2962 1092 144853
3836 2370 897057
624 6477 882168
5390 945 77409
6135 6072 513230
5713 2754 968835
2001 4832 656504
6520 5797 156206
928 2782 288759
730 1109 317775
316 943 603238
1347 819 879275
1011 833 527705
5107 2295 218203
4956 2892 377136
363 5637 348071
6359 6116 221287
4316 1044 558221
925 1146 142468
6458 4743 499640
2118 2010 712953
5362 6101 252503
6546 2391 141037
3435 6262 348783
369 6557 880990
1926 3942 60416
344 1309 842166
6625 980 390757
5464 5283 265237
354 4235 995704
6249 1719 959471
1668 5909 220096
6548 3704 860436
1126 317 312504
5553 3838 261881
3553 1723 405002
4378 3368 971618
5858 5069 59785
6555 4904 115358
5191 6003 624514
1033 4406 886685
165 1420 923360
3770 5699 453832
4561 5678 580305
530 4377 597177
2468 1564 681883
2131 902 979020
4342 94 220853
983 4869 424814
1827 6429 653300
3701 3942 900746
6120 6388 317407
6472 2254 101594
0 707 876833
3683 839 238665
5887 221 940173
5860 1147 353409
1796 3028 651552
860 4693 948918
4215 2610 526425
2740 1120 191101
1529 2188 998754
6335 5144 865418
4290 620 466614
5532 5175 651760
1614 1603 928624
2957 451 700316
1275 6570 142515
1996 3977 105768
3702 486 928723
5725 3013 937900
4646 253 203642
4874 2635 357826
5622 3066 717145
301 4707 498156
3783 310 393407
2624 5970 514755
6332 6500 34646
4803 2306 679655
4597 419 617270
3978 2169 170967
3017 3835 406374
1323 5306 892590
4588 2863 387609
2501 5217 924204
2577 1658 41532
4693 415 81940
5864 166 112607
3559 3473 786413
5243 6278 261420
1017 2611 591905
6076 1822 848496
2584 5667 930599
1441 6290 200301
6240 1140 994226
3361 3050 977076
6372 1822 137026
6069 6037 245865
935 4983 61302
5263 2753 790692
1114 2458 885783
3951 4101 306337
2218 2832 200518
6267 3515 435504
1819 4916 972216
1877 479 200020
1722 1782 494318
1759 154 644833
379 6535 355556
966 3158 464195
699 405 101141
3761 3122 683787
6206 2354 21958
291 1052 621069
1430 2225 877834
3391 4386 651857
979 4602 401150
6480 890 271060
5881 6107 89877
6066 513 549483
5785 702 333699
5274 4161 208260
2416 4880 983623
21 2058 360641
1314 3036 884988
3913 2296 786392
757 4162 140727
1731 847 642762
1571 1727 51135
2230 2593 711911
3748 5933 126602
1799 3065 643825
4800 5686 824348
5442 870 768844
2697 6418 350263
5269 2497 246300
2369 3292 221183
4348 6521 644409
4675 4001 794439
1744 943 356263
956 6224 86951
2757 2930 231643
6589 3163 750025
1700 1300 44337
1991 4221 393859
6030 3986 485537
2043 6697 328394
4134 576 527000
5428 1968 458694
3884 1421 800322
1119 1384 226773
4133 4962 291159
6113 4047 660852
4048 4181 705875
4688 1034 78765
2781 86 534995
468 2312 31801
5224 2174 665663
4573 3005 599153
5994 4102 99061
235 1360 813677
1112 473 687725
915 341 352134
1341 5542 504875
2043 6584 555593
5560 2568 76495
4010 5842 859478
5211 1925 755036
5594 5743 245129
5474 223 939151
5801 6283 474687
3060 91 978311
5939 3754 126467
4126 2683 599233
3986 2457 505985
3708 653 466297
5473 5610 158691
1827 6550 850
5633 3769 210117
1388 2985 594424
5043 3869 921831
467 2437 704341
4887 5471 870303
59 88 567876
4197 5248 834679
3404 5315 641175
2689 247 129516
510 2361 279551
2668 5324 800216
4857 6469 112875
6063 3257 183359
4890 2407 873959
4104 6560 129605
2663 977 943921
1220 1896 717636
1230 3569 946208
421 5214 107839
3738 4973 429260
2219 2221 310461
2842 4958 720256
3900 4175 195711
4810 885 488406
796 1452 996381
1521 1319 680934
848 181 93304
4007 4934 570995
3444 5945 300944
752 4752 706240
1406 5702 700701
5968 3983 123156
5564 2169 409643
805 3858 951310
4346 4176 477662
1664 1456 811350
1206 218 882831
918 2278 996876
5741 144 865311
5842 6586 834809
3858 5375 591141
5694 3144 106789
4806 4850 58090
1119 1770 594566
5039 376 46980
6442 3807 349638
4556 196 67916
183 3494 550058
4624 6684 987627
3485 4937 419544
4970 1220 120784
4794 6501 444898
4333 1697 489014
4688 6378 651975
5628 5013 33868
1231 56 305058
3692 4117 316314
522 4100 576425
3248 9 27160
3144 780 804618
1557 5826 67469
1058 3716 985380
294 2669 645528
1822 2634 880464
4160 2086 360450
2475 3420 865401
287 604 218154
6350 3157 824537
956 5812 547020
6662 4047 474935
3801 4059 864607
4698 5650 70782
4304 5049 179480
2857 5645 308736
4388 2179 587166
2254 5260 971991
4110 3944 553749
4926 2945 662674
5268 784 258937
2946 6499 594533
4185 3350 628281
2083 3608 680914
202 5905 227981
2261 6332 353518
374 1823 516504
4995 1109 677867
3717 2408 750605
5034 4737 492065
6729 5996 349304
6517 5888 553909
1359 4325 434446
967 3176 184261
3553 708 269260
4597 725 765289
1989 2410 717174
2396 4947 203465
4861 4944 31899
6701 5215 729025
2117 3348 335276
1093 4637 548279
6481 5393 785979
6506 5084 647424
6603 5092 291191
4942 983 494471
4394 4938 513169
4552 191 12448
3297 6531 119048
3448 6445 245964
602 3903 913125
6416 4759 100691
3059 1790 606916
4388 1154 224788
5327 4215 882861
3075 5618 937247
2625 2086 418209
2592 276 288547
5873 3698 482077
1801 3708 899936
5608 1537 871753
5425 1469 866973
2653 5213 266876
3954 6459 403778
2464 791 675988
4772 4365 675455
153 780 50151
5709 2135 366536
2744 6217 415002
4180 66 641330
864 924 664399
1305 6557 669696
2943 3107 583900
4576 6090 298176
2903 1821 76473
5281 2722 818096
1410 4186 701840
4236 1696 400981
5524 1935 804801
6234 4490 103246
5925 3166 77227
2391 6041 620644
6231 347 43912
4166 5002 986672
5749 1444 976991
2587 4806 48147
6190 2676 441748
1662 408 66163
6647 4890 562107
408 4479 649548
2719 4388 577095
625 2593 588480
6447 2460 50533
1539 6469 14696
658 905 202515
4378 3038 414012
4750 2464 616567
4456 6484 24770
3270 3106 176070
3768 584 664259
2229 2623 698363
2047 2445 193806
4707 5138 898154
1652 6461 319291
4115 3747 650450
6504 5309 353160
321 887 425081
4677 2837 540259
271 3782 503213
3069 1018 995422
419 4562 465575
1905 6195 529680
5678 1752 286741
3400 909 186853
3892 3959 117319
4114 1219 622103
3765 1627 150659
6464 347 21432
6208 875 311561
1415 4644 806417
3772 4254 969724
2558 3717 51546
5310 6564 62688
2146 5696 108973
4512 6494 806022
6283 5600 440062
2137 6589 991269
29 1084 158845
69 2997 295308
19 2401 633079
3660 1377 322586
826 5234 169113
2283 3286 238789
5555 1289 80295
754 6185 909676
108 2934 660312
2223 2750 215837
5977 5078 340527
1094 5168 104476
6052 1358 731412
5902 502 438496
6421 4324 431281
2372 689 154682
4500 3751 300546
5702 4600 660930
4560 2429 148181
1293 2837 496393
3074 4057 281947
5267 2464 661363
4834 3690 767054
4176 1389 29644
4285 3217 750524
3381 531 114027
6340 47 587548
4518 3338 39554
6234 5827 353856
1698 5681 61358
2368 5049 883857
2061 751 536190
3491 5128 151801
2642 1764 506904
3868 2475 120992
974 2899 693162
3836 1512 594293
5230 2204 323953
2917 261 125145
6615 3524 865110
3827 3780 630300
5616 709 982662
5104 1285 856742
1521 4135 323211
6545 882 519068
2236 2875 528720
417 5336 582950
5525 6698 726767
1121 1764 957796
1537 3754 753960
1502 543 475159
1635 167 312162
1042 6389 719911
3117 140 506656
3946 1254 264263
3360 534 493604
3725 2101 139701
2908 5307 398559
2241 1799 556663
4848 6222 602583
5840 3015 810762
3632 2337 47565
6585 3196 830049
6234 942 891138
4414 926 250826
2929 3502 565567
5030 3627 253144
2097 3628 619335
195 4431 103069
3773 6449 109893
1139 1828 395179
5370 3427 271795
5235 1468 40887
5568 6345 360233
3364 5483 161208
3422 3372 932729
5326 6320 136880
2499 4501 329849
2243 6304 161125
647 530 449354
2529 3058 520593
3126 3826 588481
3115 5012 888447
3281 1243 24685
2383 6576 676361
5821 1207 121813
6567 3573 63722
4166 3926 717791
1232 483 786854
927 2680 82571
5418 413 896320
4878 1689 72707
4601 4947 631374
4020 3857 160906
5273 4846 576245
5197 2625 968314
3992 4370 396763
5298 3961 280306
6315 2282 316122
5122 207 207152
3779 4060 996219
348 1202 206415
1186 1537 498290
350 1555 130869
3488 1283 323620
3355 5600 790544
1704 1909 19855
3838 3976 580639
2234 5099 989703
3340 4627 638189
2063 4920 555793
417 77 565486
118 3255 114877
3935 2504 293493
4270 568 675787
2523 5777 304520
493 5186 285789
1464 2186 786711
4322 3861 214488
147 1409 535234
1240 1988 778375
6517 5764 905339
4991 2711 247779
279 5971 713629
2547 3482 244947
1541 1625 535953
1874 5073 597960
1606 3147 657669
6648 6558 922640
6231 5837 411132
1533 3124 221347
2641 2774 138173
6553 6227 696820
1831 1335 101703
225 2627 102617
6410 6088 640202
4908 1882 270870
2613 5010 240526
3765 1089 556536
1194 4588 55330
5643 1863 981865
5292 5142 537302
5414 6714 915971
1153 193 829752
6031 3257 279100
6548 5886 970164
2471 1703 127218
4564 6564 690778
6504 3026 127396
4544 2836 499237
5278 289 516795
4231 6540 791408
5058 5745 77089
1707 2690 773246
1184 1397 766589
4484 2249 947233
2125 2359 568174
4352 3773 997238
4916 2681 358463
977 1578 567287
4078 364 505528
6001 1760 144429
881 2476 164692
3441 5926 628778
5092 5222 36570
3551 3066 950383
312 5164 405763
1551 4952 957954
3543 435 62956
4544 3321 994016
2574 6184 589226
433 1650 336750
3628 6256 853693
3088 639 746714
6188 4125 714363
4675 2861 134367
6557 2505 663433
2005 6010 679621
2164 5001 525470
2079 3108 487505
401 5758 448510
2959 123 588201
2589 4456 706729
4972 3916 185645
2388 4398 400496
214 5906 138283
1663 291 306720
4236 3159 959904
737 5372 908013
6159 2459 917396
2953 5655 624335
5898 5678 94145
5602 902 297140
2400 248 988872
5686 658 337352
2811 5649 692362
1043 3579 508553
5393 6210 475127
4982 4399 950288
2050 1968 472757
2305 5079 393842
4190 1129 779139
1460 5579 410573
2490 5348 453251
889 1424 512794
4022 504 415170
6259 2812 977798
788 3561 227487
3668 2483 815853
370 5259 990064
5331 5190 602866
424 1537 322342
6600 2872 12755
1413 765 969035
3103 6416 162435
2788 3902 272459
1543 730 713974
2252 4830 849688
1867 5932 844811
4212 428 662842
3773 4084 966846
3027 1954 161391
3113 1786 910912
5736 6624 403071
2105 4913 75334
591 6200 716848
4060 755 635091
3036 2689 399207
6588 1445 42473
1420 2445 359168
1862 472 69542
1341 1979 805079
3282 5218 174287
6550 162 328826
1593 1825 977024
3585 4320 96803
6493 2687 40318
3091 4885 467510
1153 2294 637926
3549 6583 310603
4651 4642 326287
2335 2078 384251
3877 3857 686800
6287 6017 2819
1517 4516 271205
2821 5348 768326
5557 5223 508275
5560 5545 209167
3375 997 769262
1740 5480 852225
1509 2304 555831
1241 3415 566368
5121 2302 632907
811 1667 263992
1608 5221 100016
5553 4223 833156
2841 4832 447600
1935 5667 967418
84 1660 945619
5696 6706 698370
3430 656 849753
81 754 710347
6306 6502 935359
4668 6105 16663
6183 360 209906
1806 5409 397293
5924 1948 184045
4220 2706 838073
5892 4460 427667
755 4711 252967
1091 342 792354
2150 4480 734744
884 6365 713241
4457 3364 773202
3964 2576 734434
3172 1183 164786
889 1664 410692
3755 266 589211
2143 5596 480039
5485 6108 47219
1892 2627 75354
1063 4766 235211
4114 4882 942155
4510 4912 637195
6572 2441 905801
5548 3936 469439
3414 5691 387429
1976 2980 893356
5895 1696 17261
2937 2415 712827
1593 3603 560999
6732 58 317193
5625 5773 557439
1601 469 725372
3934 1979 713499
4972 3286 628224
3251 5323 388896
4371 846 982882
5496 5089 685119
6240 3377 94502
4244 5499 875779
3846 5292 980715
4366 4728 29924
4172 1043 978404
1908 6596 923871
5963 3169 704486
3258 4999 562571
3614 1010 5295
13 445 197255
1932 6658 374670
5550 3939 961220
5556 1913 632885
4176 1972 419881
553 274 542924
6224 6627 92911
2675 6407 338534
53 1175 214963
3703 4061 429735
326 1638 176011
5807 239 39111
912 816 707887
2402 3504 766597
6621 1479 559680
5683 3615 783106
4866 2063 893755
3548 3111 854508
108 2167 327480
120 737 833670
923 1306 458072
327 3037 160117
6338 5691 281472
4701 186 455716
6510 732 302719
3973 1278 520656
243 322 351592
5553 1373 411469
4977 1733 753511
4265 4922 261858
1204 2442 110771
4261 5286 498518
6623 3666 621590
6098 1555 261312
4301 1084 779765
2420 6164 128674
3219 1861 984468
6416 5383 706263
3016 2074 738084
2623 3465 313974
5713 4270 200284
1937 607 421396
2547 4435 705002
3635 5746 997444
1251 1317 955053
265 6358 708800
893 2633 956719
4972 1328 899600
2258 1478 52254
6580 10 248915
4112 2319 72616
4442 1497 465817
3755 561 950393
2627 1179 744055
2854 1816 667406
4569 4745 272404
434 2552 70395
3338 4197 589630
3130 6333 84883
2145 2260 979700
4013 5345 986579
6448 3500 476287
2936 2057 288730
5822 1935 131900
2964 6212 415832
3710 3942 590875
4260 494 158164
709 5816 377070
3833 3859 222960
3581 1087 443188
1387 5764 981565
2977 4328 989490
61 4873 134734
5976 6095 208167
6474 1569 835768
3534 4389 121191
127 1240 189007
1973 4752 788852
5691 99 879620
3675 3900 819328
4403 4685 517172
3644 5611 19375
4840 6558 32318
2563 313 235687
6042 2838 619644
2414 2535 10223
6357 495 82665
6139 4280 741710
771 1661 779166
3638 4568 365637
5389 2167 569440
1469 1091 641273
416 5783 715017
3962 914 907542
4684 3932 999393
3766 1588 802368
3352 1246 476811
5974 6417 631592
1433 2924 829346
1878 965 177738
13 5817 523594
4009 6602 788344
6302 859 878505
715 5873 468905
469 4154 782684
2969 3332 3067
3356 3145 961351
424 85 129874
4730 2667 222523
5780 5398 106713
366 4293 367428
1610 3660 334130
2636 4145 925339
6084 6539 868422
4514 6599 622324
3922 4327 802532
6459 2532 814290
1912 5347 838245
556 4800 894566
5876 2075 506471
2502 4499 851870
1345 5064 463637
1275 6326 634397
3003 5487 606337
3264 833 753066
3836 438 984987
2876 2731 167134
6433 4239 81490
3215 4335 635127
2105 5831 468704
1406 2428 493690
177 5884 828612
1635 1894 107458
2284 670 782963
2376 3440 37250
2823 3969 532902
4725 805 843716
6008 3224 57349
5322 2036 913238
495 1460 753561
307 2679 640361
3818 5733 818775
3649 4474 487723
5556 3308 312920
682 1214 896225
943 1849 899155
2728 4926 660604
5129 4203 532115
5265 1401 957991
5829 1120 120851
3012 4887 896161
2621 734 901000
1102 5781 732642
1927 43 451723
829 3705 266742
1944 1819 406123
4903 637 483174
5379 2563 753500
5008 223 642545
4341 1467 83069
6257 778 434627
6267 5040 294812
768 5494 981835
1699 5375 188843
57 6361 455221
2704 6540 743011
6567 1490 132893
4030 687 601132
3339 4653 543570
140 699 310652
259 1805 142212
3844 2400 995328
4858 1913 852760
2231 6615 535714
1248 257 386721
4731 1911 209280
1033 3808 737010
5739 510 937851
961 4899 933027
101 435 798490
4370 2915 260315
4538 4923 719786
2303 1320 939543
5834 1157 733417
2383 2502 771206
3055 4717 537801
1107 4626 551855
5845 3414 789433
120 1803 12567
3933 2051 780393
576 3091 289057
4606 4338 814247
4877 4909 398845
3286 6394 649201
3420 2184 169612
6216 1417 66170
1486 6615 644553
330 4338 178691
2999 5326 492999
6213 679 95583
3304 5861 898507
1654 6385 179009
2340 5275 238366
642 6097 351575
6580 3289 37834
2816 1832 154503
3484 4286 187155
2162 3260 304762
5105 5334 416322
3200 3745 165609
1055 2516 894138
1024 3051 562868
2670 5971 29015
3137 1449 772523
5774 2908 458307
2493 1271 846387
5969 1926 568277
5630 1297 521529
515 613 247190
3476 4020 14636
4240 3920 848450
4182 1954 615733
48 5670 231900
4128 4526 781097
3776 5668 269476
2637 649 619757
317 4640 730511
5295 453 760095
3170 5052 768940
1563 4981 243002
4269 5584 842733
2159 2267 538816
965 3865 879457
3970 509 114509
6569 3714 834173
5733 5970 4402
6573 6677 534633
3358 6150 424367
6436 5809 756827
1498 5913 299442
4245 5740 863063
2366 1649 169598
3796 31 356059
2870 2881 123559
3521 285 624136
3511 1802 689609
387 3156 192557
3386 5916 382460
4648 1065 52585
4420 3879 448813
6731 3915 25297
3090 2335 308293
6476 3227 394185
41 123 252766
4453 5223 492896
5883 35 659896
1668 42 746999
3729 2414 752120
126 6644 43424
6077 5153 321815
3733 4226 293112
4784 2034 692649
2853 3621 80034
3171 3721 749141
1756 2895 549517
2297 4327 71751
5282 4003 309667
4230 5899 111426
1427 5230 910847
1809 4444 182546
5576 5317 923886
6198 1712 580719
4164 6354 932100
4708 3323 875445
2005 4657 98156
65 562 754737
2702 5477 497705
3237 2638 151612
365 1813 290434
2146 4750 57458
5910 5888 849378
2681 1146 860728
983 932 122605
503 6574 45110
1858 6052 679159
4887 2187 570643
4303 3392 987937
1781 4316 384578
5669 1049 470970
4557 2074 975509
2374 1278 582205
2644 2336 857423
411 3711 411650
2833 1446 633023
5112 232 121700
5579 222 690291
6213 1890 997348
2646 3501 471451
6582 3683 198810
3075 5897 959778
1912 3712 416132
1651 3882 297952
5253 1732 889720
4321 4703 738311
2625 68 97497
1409 5658 896030
4952 2542 810425
3643 682 574810
2403 3730 703224
5609 2825 461774
1113 5923 394382
2954 2746 907524
2136 6253 205694
123 6103 579008
4183 2925 623255
2856 4684 251805
1062 1435 849684
3800 164 357843
1012 2258 679086
2241 2166 230201
1079 1030 925230
253 4308 867060
3076 3864 148619
5041 610 337465
1692 4734 566040
2857 3644 949240
856 3160 817800
3185 1282 816303
5495 4185 610464
5100 1532 685060
578 1212 264076
499 4416 981316
3492 3245 572340
521 169 38775
2283 4053 877554
4954 5121 47260
847 1560 372711
3148 4365 349906
2192 4170 571516
2233 672 345090
3657 2672 898636
2306 922 839221
75 5916 509102
4847 1751 217209
339 5215 606259
5124 5456 487746
1612 5021 391676
4608 5493 641414
223 2515 764497
4873 4816 172175
1029 3788 327627
5770 3173 159227
4823 3605 755037
3648 3582 774771
3385 235 116008
3254 1284 887901
1387 3723 678286
6517 5882 230646
1491 2050 820290
6128 2863 551957
2159 1728 71169
5292 3695 12855
3857 6196 601722
3492 6135 996818
2975 6391 960589
1372 2933 133542
742 6287 996385
3816 3078 771315
1323 4872 770618
3791 295 49170
