4322 5445
3882 3036 459301
2482 1786 195115
4221 1032 285533
2739 2104 418775
2410 1466 285271
2481 223 881121
906 799 601007
2522 377 782034
1405 1802 342929
3597 1699 187534
1436 2027 654413
1299 2635 908168
1959 2174 721160
196 2483 471193
3856 1361 488057
3780 2514 942740
1160 109 897954
79 2090 436805
3951 879 907576
1865 1227 182857
2193 173 983616
2799 4073 553724
359 411 469683
1470 3938 795868
3287 2531 998616
2641 2408 155270
209 3008 224745
1690 3134 818141
3469 421 607732
2744 3900 703077
2093 2143 613100
2914 2255 715904
1713 2627 388386
1256 2546 538251
2180 2362 421975
1105 3648 947501
3965 426 336456
383 787 816160
1543 2828 533557
1025 1162 759600
1046 1799 142450
1810 1451 433242
2429 3641 94048
2135 1196 10619
1027 3988 73312
2345 1578 414388
3210 2113 275098
164 1623 265008
2464 3623 517843
2375 790 36184
3405 4110 317488
907 1674 321779
3152 548 141224
1681 2163 43804
1336 654 292968
1335 379 818798
1183 2891 62925
315 2026 490672
2397 4244 339895
327 3238 178774
1856 1944 616213
1076 4076 153946
134 3661 14495
2042 4191 150793
1461 1848 677205
3395 3088 407827
257 2569 357984
1998 718 74396
874 3892 188991
3367 239 84735
3467 390 385114
573 3425 259854
2098 3758 763984
3812 1226 104305
3390 3049 102530
3844 1611 373555
3366 3955 523213
2830 1254 814899
3675 852 123304
1910 1234 894522
3554 2586 307226
2351 3921 769151
1357 1921 263761
2133 2793 662396
3754 3343 834739
395 1129 900380
246 2390 197533
2543 523 57409
3738 1713 909362
3889 111 85072
94 2518 748744
2352 1559 675397
2764 3759 690301
3916 1281 949189
228 1795 279402
95 1887 149100
777 3039 838525
2560 1351 589024
2766 197 139627
578 1741 758594
1517 1794 913473
3230 2195 255385
1840 2724 429264
4207 393 505141
2812 3143 316939
722 2079 218459
3872 1209 542227
3610 651 735602
2208 329 697053
1840 3346 865643
924 3514 136680
386 4146 867668
695 2161 843686
899 1897 248138
3034 1158 724742
2413 1547 758644
3452 229 368122
1574 2028 192412
3308 1819 807730
1669 1211 647128
3318 403 773473
1723 3697 855676
1277 2920 953689
2846 4272 921828
2220 2875 257645
377 1972 93739
1184 3506 381129
3147 1060 546332
801 1780 285327
1951 517 736783
2831 3535 435388
2987 242 266419
2796 952 783388
3491 3953 987665
402 1233 983751
3593 999 666381
2749 2766 885631
3476 3919 316822
1953 3390 237478
2143 888 956844
533 60 269975
3931 3235 351957
3128 43 494842
3364 328 440216
964 3297 295866
3416 1324 321379
1329 1171 396009
2595 1208 799987
3967 2372 58980
2491 572 697597
2537 11 803222
2545 1778 676419
1190 51 136965
464 2281 634402
2230 3148 629054
330 441 926204
1244 3202 349189
334 856 632455
2503 3558 301892
2786 2173 274712
3058 1348 175562
871 3931 750807
4122 1354 598977
2573 1514 563333
1585 747 913576
2699 3508 38861
1206 2415 8850
3938 2728 103603
2324 3345 126555
756 1349 51156
2641 4029 927866
3436 419 510399
964 1144 126032
3943 467 220908
2089 1704 536366
4176 1896 604406
3315 652 598815
773 1532 699514
839 3589 365586
3024 4139 431321
2270 2531 248956
247 967 59382
1643 3656 639394
3772 2680 694974
1762 3473 517672
1802 2032 272158
3538 2005 155600
1682 1442 659187
892 1797 990523
2050 291 288991
341 4284 973840
1777 470 108436
2888 2394 704069
410 3039 538039
3557 866 122976
87 4230 336899
2404 673 488411
534 2322 24882
26 2967 868824
370 4075 33379
1779 3722 415333
369 434 132943
2123 3666 190770
490 2215 133088
1910 1227 658914
3913 3396 231035
623 1226 305860
3448 3425 176729
2236 1828 208418
4065 2221 764810
696 4021 968556
3283 4014 858514
3261 1386 976549
3038 4031 125132
4177 414 904264
4041 882 129772
2585 3198 497108
3653 2852 535168
2772 3531 384457
4068 47 133729
2849 3758 672850
4213 3647 319589
1397 3830 377925
2583 2708 961383
228 403 500601
2348 1186 576282
599 4227 862966
1888 4053 856607
2539 3730 332217
96 659 918018
3583 3070 341469
4266 3687 473273
67 743 955671
282 3339 29909
4233 3433 463151
59 3871 405245
1090 176 664196
839 4005 271450
2478 784 935982
3367 1389 581974
1973 1953 514209
1634 3165 625266
1080 4284 500021
4279 3599 27636
2495 3707 647074
2823 2654 198174
234 3993 188672
412 1774 45825
292 1388 33322
1986 2817 136241
3447 2816 452163
1860 764 903758
434 3086 662980
2166 4181 748134
3773 1753 596421
3423 3566 417428
2368 34 897678
3590 1435 983667
2828 2717 156410
4079 399 670907
1229 1426 161588
1986 3283 873583
490 4125 489100
568 442 431
114 3990 998700
3055 126 945990
3983 405 531335
1368 2547 399462
3362 2541 481375
3386 1516 73571
1613 4081 604182
130 2994 901477
1322 2670 910225
3141 3754 989767
2281 5 152155
1033 3849 159261
2298 3669 917833
3153 4087 460818
2864 3847 71477
2734 1614 615045
1240 2364 858221
2500 2525 192021
1337 29 734160
2537 3642 715068
3413 2885 642084
172 3653 374995
3141 4193 274542
2125 1903 637465
2456 2554 922551
926 3095 339607
2194 6 992694
2129 2025 343322
394 2695 75527
3114 1368 760978
593 1092 153439
423 3373 406560
3569 2987 972836
1666 2605 826546
2698 3784 538887
3574 2377 342284
2409 95 372062
3132 2627 470012
3201 730 449066
1389 869 340722
3139 3191 979348
1546 4321 608917
1211 2779 690834
477 357 415017
3483 3738 77539
2617 2907 279016
3759 1794 16811
1944 3638 253359
2347 1761 496986
308 3906 845276
3734 342 222884
2946 2297 230548
3875 1217 349252
796 813 691123
1788 2149 348113
3527 3863 356270
1667 983 151494
1793 992 331233
3004 3422 62524
711 4297 672568
2266 886 458858
3754 2319 463373
3869 2288 609320
564 413 563704
1188 3329 113965
2961 2868 443257
3726 1408 102393
2468 2866 782704
1686 999 710051
3943 4161 629519
1601 3681 268598
1266 1171 291061
2321 2308 663838
1717 2512 243697
1079 137 214526
1072 569 581890
2411 2241 974284
3922 1448 970773
3496 112 735145
1453 1036 36795
4120 3815 918898
1717 1552 736942
24 826 79564
1409 2124 154924
1220 1893 14323
956 2175 109789
3734 6 394803
930 2768 880738
1508 2130 768765
3968 2862 102852
664 424 789445
2474 1022 655678
4287 1306 948363
4098 3392 795417
884 1523 247850
1833 226 951874
2788 3594 956961
1839 468 125463
1504 246 65438
1178 2034 397957
1549 1430 419449
3030 1815 90819
1865 3102 814369
3578 1970 741769
2392 1723 95781
1370 721 883930
2138 2227 269962
3057 3890 642388
1566 4039 508847
127 1771 704679
560 3646 918682
4155 2425 284304
4013 1038 24277
3 2496 461926
2629 4247 247999
3942 4177 856935
3173 1394 611942
4093 1433 757899
1374 1963 658759
2697 3757 811266
852 3330 809428
3775 785 652250
939 3077 108244
429 4256 759210
1819 1503 284845
3442 4044 400568
2740 3847 899590
2730 4155 185545
3742 135 559355
320 3150 526267
2974 1727 670958
284 3737 522775
103 732 611746
883 1473 149357
3883 3327 509226
777 366 51142
1553 3040 51954
4136 491 91796
3649 1491 426128
2385 2243 959566
1078 3253 180015
3724 3051 51037
2245 1588 975105
2609 820 693113
4185 2752 978647
2219 3367 188172
2205 348 90396
3731 4046 374525
1682 899 816139
971 1416 548537
3037 4281 677879
1786 306 534154
4310 3882 933231
3596 2795 213561
548 373 561206
3295 1852 320490
1995 3873 371007
750 1814 262526
737 3090 963629
2599 1543 433055
2872 3318 641705
1429 2098 309245
203 258 567801
1285 589 513461
1725 1911 752864
1665 984 168499
3787 1732 958494
2824 1827 337140
815 953 131537
593 1953 656627
2190 3640 650034
2180 3740 543299
3041 2860 102212
1845 2080 15511
3260 1320 530923
168 2784 127061
1677 231 716931
1083 1008 978048
779 2862 481714
4012 1598 968852
3697 751 132861
2551 345 189646
114 1948 248869
1084 2656 990684
2039 2762 680868
2548 3352 90204
232 1653 797345
304 4004 690802
2829 2305 674259
564 57 638277
3830 3892 211822
1960 2954 148075
1507 1608 611909
3499 1758 358607
2687 2906 585519
3458 3266 342133
1958 844 880913
1166 4074 593577
4118 803 739678
2993 3380 343914
2942 2879 394354
2224 1064 208536
1097 1387 786780
742 1159 875427
2727 1013 783636
100 3689 969799
639 2156 741903
2600 1670 559773
2785 2960 586812
2509 3942 213359
1465 2105 420371
3911 178 185700
435 1663 342629
134 4096 660456
1295 3646 549047
451 2010 80342
679 1726 160881
3276 1194 940164
2947 2385 851405
1484 3284 31631
3284 3795 696288
511 4204 597795
2743 4256 111708
3156 2836 36811
1233 3388 959183
2810 1229 832628
2026 3703 226756
2420 2694 171094
2865 3355 448786
1475 474 531437
882 3787 602574
4189 1109 363420
2594 315 333454
3434 2773 630440
2073 2360 490218
4276 2572 794828
3296 824 744431
1225 3947 404396
3683 243 589170
2007 3726 750534
3696 1992 581094
2646 1469 800277
3623 3168 947780
3504 2350 921348
646 1441 842236
1052 2681 516656
1142 2060 846659
1150 2614 530644
68 1012 169927
725 2308 318637
2275 3356 348805
2739 2269 26221
3158 615 403723
2087 3367 530962
50 3852 441765
395 3238 760206
2625 832 755014
2043 2841 791384
3547 2199 248816
1272 868 553479
887 590 652991
645 3382 608339
3005 3682 608013
1467 4102 786336
411 1453 284477
2958 3934 305563
594 3462 906811
3893 1352 260562
1309 684 946951
1211 1748 952948
1712 491 196529
1313 3009 123704
862 2343 96930
4170 3236 529551
2173 2876 919329
4100 4231 497162
733 2621 545860
997 2852 751986
3008 2857 853371
1533 1857 143982
1241 1361 611023
2026 3622 265721
111 2503 442629
3117 40 621481
673 1657 807993
621 13 291965
1211 2749 726916
2360 3659 421721
1257 1784 460777
3204 3680 880773
4120 120 598956
825 2271 558321
3887 78 838910
312 1809 311853
159 2372 947997
737 3667 185983
1380 1584 508923
765 1318 554059
2042 2845 863535
1070 1810 681434
771 3702 8306
3099 3256 873545
2747 819 21167
1171 3496 286363
3094 1138 512510
2248 4243 893421
154 1303 382177
1137 1351 297594
3065 217 663922
1175 3762 89238
4070 3275 838379
1164 2939 232202
4212 1175 564416
2079 1177 743529
2741 2565 285484
3543 795 905298
370 1767 804171
2148 323 411914
2000 2367 95060
2267 2118 989674
1574 2656 214736
3452 2303 427014
829 3543 204704
1520 1863 141601
745 2244 555966
4110 2892 579368
1872 1569 290472
2875 1148 286551
3867 2216 436311
731 3533 558049
1301 3230 89135
2536 461 967776
3474 2745 598163
3731 2640 279274
3253 667 556060
938 1372 137608
2328 975 623618
3082 1451 307038
3406 130 71888
2484 1684 84203
2558 2785 151968
3939 601 910007
681 936 424850
3427 712 609684
3943 3564 112383
3318 1305 219535
3065 4179 368676
49 1787 977410
96 2628 752838
3642 1817 137965
2410 4027 56407
3373 2761 449439
428 2622 637390
4049 3979 469990
2936 1551 635618
2961 762 333264
876 3898 55071
167 1929 746598
2032 1100 816573
3034 3803 622855
2347 1249 69960
1853 1275 909063
903 4184 495119
2548 2719 744608
2840 1105 22637
3043 1619 360631
1451 804 53818
3513 1970 569271
2697 1208 467970
3409 4154 160245
3495 46 757125
2982 2341 178199
764 795 244979
1858 1279 774837
325 2689 664685
1196 2209 658718
757 2279 922988
2828 2870 882555
4181 788 895691
2742 1592 490210
3958 2550 253133
3375 165 546299
4129 3626 398901
896 431 910965
4314 3403 581620
999 1724 170449
1397 341 787607
1922 1157 808737
3183 795 669409
80 1994 156162
2343 1505 604937
85 1398 318373
3499 718 683659
3969 190 719410
4150 1263 807235
3813 3387 883889
840 1648 356169
4132 2648 238607
2659 4216 387966
2224 3238 553855
4010 1793 310401
1896 4113 77538
2649 2066 919156
1835 2058 848951
3 4079 381295
3190 1493 959088
3693 4152 594372
550 1283 803911
1596 2905 314926
136 2734 108178
488 998 533386
4121 3363 697901
417 641 270233
1027 3945 714653
3480 1368 551474
4001 2954 693964
3696 365 93378
3659 4095 693004
1500 2005 199618
1442 3650 449118
2094 3467 219232
790 2082 108598
415 1395 24387
2618 2297 47304
3362 1400 591198
531 1412 273015
368 342 864171
3866 2065 162706
1902 3448 414508
794 3866 566734
1233 2209 137255
3123 2313 519007
2200 868 531949
2331 2464 911547
713 1373 555259
71 1624 45994
573 27 437999
3758 1550 835794
2633 1882 446590
1894 3899 647119
4279 745 349640
2137 1027 560029
1083 27 620231
2928 602 617388
1375 1492 124913
597 363 589711
2973 544 77989
1269 1870 618739
4254 3419 207766
85 1230 340967
4140 2136 385038
983 2351 115001
164 1854 176501
3325 2168 329537
2341 351 999441
1673 3750 226314
1289 3266 420086
748 2816 381829
2561 1965 777789
160 429 838722
2123 1302 540740
1971 4173 188471
552 3062 296611
4283 756 317696
546 3236 135386
4059 2001 572573
1101 109 14340
450 3576 473423
3492 1852 710470
2931 3940 281486
1901 3735 843872
1971 3763 692763
3474 75 68310
1068 4066 641771
2457 1231 74548
90 3780 970733
4149 4308 28296
980 2944 8539
2387 16 178739
3764 72 925166
975 4018 435154
2811 398 571661
988 1351 580044
559 1688 194849
1960 3391 468842
2616 3243 462024
3196 331 267125
2692 1941 193538
1285 2209 908270
2589 2979 724067
105 3303 127596
1553 462 704968
3620 2038 459870
3581 2899 868204
2515 1225 277653
3305 2753 733226
2423 3950 697247
4261 2340 563756
2454 2191 828236
849 645 592230
1570 1132 519054
514 4272 445389
377 1964 270102
3636 346 283034
1146 123 396576
4303 25 155928
561 2847 187019
264 2253 394459
4038 3050 62814
2679 2324 993228
1034 1428 73797
2032 4300 355124
3604 886 493734
3826 4087 258766
2954 2191 697181
3654 3434 430615
2070 1708 794912
3735 3895 229395
1139 119 780499
2045 4101 428266
3968 1491 310722
2664 1877 405857
1674 427 236482
4114 655 680087
3829 1366 511664
1414 2650 308845
1335 1174 293661
569 3732 698428
2212 2084 592409
125 2827 240153
476 593 513431
1981 433 604465
2637 2628 188513
4319 3623 589135
2910 456 719191
2452 1366 26293
943 3792 232852
158 427 799949
3488 1587 55738
1529 698 652040
1396 3704 144829
2874 902 809000
2837 3047 440801
867 2852 532607
2808 2604 277610
3532 2081 620833
2409 278 956140
3090 1920 757678
2038 1014 923241
2488 2483 432547
447 3161 484740
2308 2210 959959
335 953 315469
1778 1654 435730
1409 3014 1916
1261 1487 653527
4225 2773 812833
2603 4256 803444
2857 488 209792
2609 514 626952
3548 3387 52481
1040 45 274686
2069 1979 251207
1395 631 679570
1332 1076 383953
1948 1422 670193
761 3409 65350
4004 342 132573
948 359 251844
2320 3441 204110
3599 2359 671175
2570 460 697017
244 1604 337928
3038 2420 696637
1427 2826 775569
2083 137 458351
2261 3702 112157
347 1672 257874
1130 1173 6682
608 3580 30129
3937 1581 676226
1108 768 722886
619 2556 750195
2046 2929 14667
3279 143 305886
86 510 629604
4131 3841 94465
3193 1714 481459
1650 1512 247607
1036 1363 520132
4230 3252 872460
3669 671 392406
62 677 161004
2597 3370 313898
3827 791 53016
2928 2601 719723
3346 2188 409432
1620 3621 44304
833 40 654200
1490 2528 262758
4311 3337 190685
2700 658 88407
2718 4267 795177
241 1065 920601
389 3447 143385
864 1 460755
1016 1913 667999
2323 2068 354717
2134 3453 534964
166 4146 908773
1842 1069 150225
3707 3527 930614
2998 2291 887820
1071 2680 429995
3133 83 441322
2068 3004 624921
2364 422 592644
159 4147 312079
2304 2744 193522
24 2470 291112
4226 2698 895250
3727 1889 231460
439 3632 793218
1568 158 312377
1422 2875 217428
3260 3970 512317
2141 268 91300
1807 283 633234
2248 921 231327
2536 4121 819284
763 4183 249759
3971 3375 802901
1908 2062 874839
1502 1689 349679
2825 3627 32045
4158 2240 197753
2555 627 659022
651 811 15916
3539 4138 536877
1476 2964 831304
4137 859 916064
954 3681 123900
167 3060 173325
2119 973 370427
826 659 723605
520 574 448886
2403 2550 194561
156 1340 107024
2211 2153 524000
54 1070 920318
1029 2256 821076
1729 1724 584727
3319 674 749709
2685 2139 995908
1848 2832 925616
755 2925 356671
1564 1567 306041
2833 1767 303383
3683 3075 365825
2378 3367 47625
3930 3373 185664
4 90 35295
489 1895 156173
861 3178 224822
1027 84 394701
1039 697 405247
2530 3766 679938
3725 2265 321823
4046 1164 60126
1499 3025 705387
1619 1061 446416
1827 3833 919787
3708 1879 366333
1628 755 809203
2287 1546 253299
1936 3214 855360
3930 130 950755
953 2911 663359
319 2344 631984
1933 4232 781362
1993 2189 923760
2260 1000 749275
3752 4248 391517
2360 3554 763165
3143 1758 300640
2253 1231 592229
4079 1924 779694
412 1609 452145
2487 1072 109884
269 2589 121903
542 379 705110
2061 2838 828549
4223 1157 663694
3459 529 201624
2805 4032 49540
4126 1841 493115
1951 3073 432066
4277 1855 797155
1365 2675 523960
1966 2582 703124
2534 3062 988100
1172 3090 518385
3551 1849 139815
1980 1566 965703
419 825 28902
1631 578 767825
2187 3886 763286
3461 1233 873133
326 32 682277
1833 4087 219849
3470 2070 521134
4075 955 447513
0 1445 667401
251 368 518361
1649 234 788691
688 4036 744273
11 3657 816783
1709 14 83141
4122 2153 9838
2096 1995 891717
70 2477 381845
4265 2538 250962
3767 3491 710718
2484 2852 907165
3262 3842 708463
1950 1005 959563
4049 127 274677
3761 2184 244
1151 1884 745472
156 1706 616307
3870 1681 498504
1593 2118 999483
3761 390 285230
4261 3226 52618
1774 1234 900711
3785 646 266723
15 702 761404
2790 2553 760692
3106 1411 432222
1692 1088 882263
1459 2309 895770
4214 3497 93888
3123 2986 267686
1656 3219 239078
900 615 885583
1870 3387 517954
1063 1620 423516
3281 1334 254702
2847 2184 500577
3840 2051 462134
871 3499 229712
3934 3093 661529
3712 4291 125218
299 1391 84496
2666 2432 610190
4190 260 165312
1504 857 473424
378 3697 407069
3999 914 777097
2478 3610 22743
4236 1306 368586
1295 1732 925055
1815 4050 981088
2796 3179 82168
1663 665 809499
3549 4 583819
2705 626 364669
136 3067 677212
4273 4176 269280
4068 467 373915
2724 2781 432506
472 3153 616422
134 1791 517056
1762 3273 674505
3697 1044 54221
53 1666 708669
1564 51 318191
3742 919 440023
1444 2264 650699
332 34 10547
845 1128 793727
3069 2484 58529
174 1885 446918
3170 2424 809519
3259 2332 445493
2722 298 579792
2807 908 642633
1520 2877 943243
3068 2208 882877
2539 625 860994
3504 1231 829540
4291 1715 28853
3474 765 124451
1141 785 646832
3998 4257 177658
2985 3315 852693
4217 1650 613234
2654 2254 412500
2292 2447 688036
2880 1779 717357
2180 555 297289
1719 552 397125
719 3400 268595
1124 1543 473393
780 681 268336
3979 1739 884148
1130 3006 790704
4107 967 144523
2202 2312 458304
170 3301 660029
2173 3955 307976
490 4017 528332
2760 2504 843340
2150 3957 422157
2534 2910 585411
1174 622 902893
1146 2155 91151
2065 911 963351
2588 2759 67330
3843 2782 183560
1431 1012 616114
3296 2461 592787
4252 1143 704847
3921 336 287678
1869 4104 541868
1007 1334 879437
3059 1853 713324
4210 351 493965
3519 2680 820551
2466 1795 12888
471 3019 689737
3829 1573 354010
4281 1230 355421
2384 3842 584758
2347 2298 87473
2178 2314 852110
3257 3218 993213
311 1202 741179
1185 2113 623733
709 1690 722574
3262 2962 771911
3467 3648 726111
2036 1617 114055
265 3922 882914
3610 2968 266635
3566 150 962993
1100 3138 697505
2965 1515 374422
3085 2720 290092
1014 3808 401820
4238 1206 340909
37 2562 373701
317 994 752055
59 1697 56673
3247 2591 736438
1338 1865 409708
2917 4075 856339
3019 1082 359668
1016 3131 144116
937 3457 477010
0 1 401062
1 2 451323
2 3 814482
3 4 592727
4 5 125572
5 6 563726
6 7 652703
7 8 701746
8 9 161867
9 10 932247
10 11 491197
11 12 919407
12 13 864317
13 14 3721
14 15 394928
15 16 783905
16 17 514061
17 18 282921
18 19 196408
19 20 846668
20 21 882754
21 22 299998
22 23 667269
23 24 728071
24 25 227851
25 26 591043
26 27 493765
27 28 312821
28 29 197800
29 30 921444
30 31 56560
31 32 809220
32 33 617193
33 34 423948
34 35 471177
35 36 294251
36 37 259294
37 38 58756
38 39 67443
39 40 317024
40 41 894139
41 42 141217
42 43 965475
43 44 412596
44 45 544188
45 46 736722
46 47 387289
47 48 769004
48 49 793717
49 50 739260
50 51 853016
51 52 403035
52 53 40712
53 54 665166
54 55 596359
55 56 364094
56 57 154435
57 58 90983
58 59 133056
59 60 709434
60 61 132071
61 62 962159
62 63 412774
63 64 938187
64 65 240653
65 66 177120
66 67 832300
67 68 226079
68 69 578796
69 70 399034
70 71 179827
71 72 495719
72 73 785104
73 74 920524
74 75 377514
75 76 792341
76 77 584765
77 78 53218
78 79 140714
79 80 483576
80 81 801889
81 82 606636
82 83 372203
83 84 416609
84 85 671884
85 86 200013
86 87 487227
87 88 318968
88 89 688327
89 90 374139
90 91 912088
91 92 102245
92 93 887764
93 94 813647
94 95 709825
95 96 109855
96 97 336149
97 98 95766
98 99 256331
99 100 292539
100 101 894979
101 102 528530
102 103 527792
103 104 451456
104 105 396840
105 106 251875
106 107 721605
107 108 677493
108 109 7633
109 110 13713
110 111 565435
111 112 864100
112 113 262054
113 114 583420
114 115 897127
115 116 964160
116 117 831000
117 118 885441
118 119 992848
119 120 227687
120 121 417768
121 122 700930
122 123 636704
123 124 371092
124 125 933088
125 126 768093
126 127 715406
127 128 140209
128 129 677737
129 130 10551
130 131 775736
131 132 520572
132 133 236996
133 134 487075
134 135 108495
135 136 251132
136 137 174423
137 138 814556
138 139 820566
139 140 51466
140 141 704267
141 142 86473
142 143 333187
143 144 160113
144 145 507185
145 146 294255
146 147 820259
147 148 168193
148 149 309263
149 150 957203
150 151 213187
151 152 513341
152 153 332782
153 154 809062
154 155 940589
155 156 809273
156 157 576312
157 158 329682
158 159 567103
159 160 353458
160 161 884704
161 162 598585
162 163 326525
163 164 10662
164 165 27072
165 166 122866
166 167 696791
167 168 836850
168 169 417511
169 170 108796
170 171 643092
171 172 418806
172 173 220951
173 174 968352
174 175 657089
175 176 212153
176 177 226807
177 178 373661
178 179 690954
179 180 555228
180 181 795703
181 182 879331
182 183 941539
183 184 748136
184 185 657999
185 186 526333
186 187 872472
187 188 632995
188 189 355069
189 190 385670
190 191 799213
191 192 916189
192 193 407386
193 194 141486
194 195 692994
195 196 992625
196 197 12169
197 198 851437
198 199 319877
199 200 584118
200 201 925070
201 202 871039
202 203 464069
203 204 816393
204 205 713399
205 206 679742
206 207 683636
207 208 829390
208 209 561613
209 210 588422
210 211 275312
211 212 629221
212 213 338777
213 214 870328
214 215 746706
215 216 95607
216 217 569049
217 218 461069
218 219 720128
219 220 814903
220 221 444137
221 222 248271
222 223 584979
223 224 488840
224 225 743373
225 226 7431
226 227 893245
227 228 269968
228 229 475611
229 230 411506
230 231 129648
231 232 566655
232 233 367906
233 234 33864
234 235 433625
235 236 207076
236 237 302040
237 238 507150
238 239 852195
239 240 500006
240 241 307840
241 242 183802
242 243 768713
243 244 826721
244 245 712977
245 246 928907
246 247 242663
247 248 259301
248 249 850496
249 250 702197
250 251 90317
251 252 338996
252 253 882486
253 254 425932
254 255 561423
255 256 942163
256 257 349548
257 258 905836
258 259 254071
259 260 814211
260 261 83974
261 262 545562
262 263 53119
263 264 569712
264 265 271581
265 266 818937
266 267 218859
267 268 9742
268 269 730241
269 270 725309
270 271 352227
271 272 687806
272 273 98076
273 274 106244
274 275 549154
275 276 672075
276 277 180275
277 278 859183
278 279 755567
279 280 802177
280 281 668069
281 282 321772
282 283 472596
283 284 561783
284 285 895125
285 286 287530
286 287 809975
287 288 930147
288 289 428952
289 290 823134
290 291 975449
291 292 365631
292 293 519850
293 294 216093
294 295 903358
295 296 928905
296 297 737337
297 298 500222
298 299 990148
299 300 46353
300 301 396654
301 302 481224
302 303 901301
303 304 358271
304 305 325119
305 306 368711
306 307 857964
307 308 534602
308 309 7277
309 310 480660
310 311 597560
311 312 789422
312 313 685749
313 314 759065
314 315 332526
315 316 707339
316 317 473549
317 318 443881
318 319 631494
319 320 878511
320 321 483933
321 322 670011
322 323 18252
323 324 597530
324 325 556175
325 326 774122
326 327 701491
327 328 445175
328 329 586111
329 330 509180
330 331 201506
331 332 436975
332 333 592089
333 334 462172
334 335 896503
335 336 90136
336 337 595524
337 338 469421
338 339 687586
339 340 16994
340 341 902533
341 342 10874
342 343 367855
343 344 801289
344 345 309372
345 346 553519
346 347 29938
347 348 733153
348 349 885599
349 350 17605
350 351 989399
351 352 711994
352 353 120297
353 354 774211
354 355 94523
355 356 629278
356 357 699759
357 358 341274
358 359 616603
359 360 785304
360 361 345630
361 362 268162
362 363 350797
363 364 341114
364 365 51647
365 366 832097
366 367 663311
367 368 926308
368 369 335261
369 370 459305
370 371 599235
371 372 719019
372 373 970912
373 374 212172
374 375 355090
375 376 252263
376 377 971314
377 378 933662
378 379 709086
379 380 323272
380 381 74748
381 382 908394
382 383 683598
383 384 618845
384 385 867735
385 386 156848
386 387 256170
387 388 940413
388 389 820317
389 390 954142
390 391 679661
391 392 804808
392 393 972393
393 394 674273
394 395 209604
395 396 836565
396 397 628600
397 398 772212
398 399 95859
399 400 646821
400 401 570620
401 402 731898
402 403 886136
403 404 126736
404 405 653358
405 406 661982
406 407 321926
407 408 940114
408 409 263926
409 410 748447
410 411 335288
411 412 469243
412 413 745934
413 414 655563
414 415 529417
415 416 133333
416 417 903861
417 418 655558
418 419 639664
419 420 439716
420 421 271779
421 422 517159
422 423 733928
423 424 492244
424 425 781815
425 426 153808
426 427 800480
427 428 876328
428 429 696109
429 430 442068
430 431 255783
431 432 147542
432 433 786686
433 434 45867
434 435 503822
435 436 197671
436 437 495942
437 438 468247
438 439 918990
439 440 952048
440 441 256593
441 442 776629
442 443 706752
443 444 528780
444 445 491145
445 446 380209
446 447 235259
447 448 870134
448 449 257388
449 450 167262
450 451 695437
451 452 454461
452 453 851032
453 454 637980
454 455 834936
455 456 395584
456 457 152652
457 458 94441
458 459 791429
459 460 406745
460 461 631237
461 462 974751
462 463 137441
463 464 330232
464 465 406334
465 466 912824
466 467 653376
467 468 505138
468 469 617187
469 470 958850
470 471 469126
471 472 724686
472 473 83637
473 474 307584
474 475 357824
475 476 574030
476 477 566706
477 478 446669
478 479 366747
479 480 235097
480 481 443459
481 482 60550
482 483 252041
483 484 557140
484 485 150289
485 486 732138
486 487 327806
487 488 846597
488 489 942181
489 490 480090
490 491 987236
491 492 955014
492 493 674676
493 494 655799
494 495 875900
495 496 584716
496 497 11173
497 498 586402
498 499 409561
499 500 644619
500 501 465594
501 502 599672
502 503 358418
503 504 106824
504 505 611772
505 506 978073
506 507 75256
507 508 630445
508 509 280153
509 510 871143
510 511 922002
511 512 191536
512 513 260721
513 514 368107
514 515 740837
515 516 218548
516 517 277152
517 518 930205
518 519 743543
519 520 560300
520 521 794187
521 522 806748
522 523 848949
523 524 31339
524 525 739581
525 526 746392
526 527 645831
527 528 49627
528 529 366666
529 530 678639
530 531 716160
531 532 715420
532 533 223493
533 534 646718
534 535 242482
535 536 113066
536 537 375823
537 538 452580
538 539 981869
539 540 286319
540 541 12949
541 542 991331
542 543 277726
543 544 682065
544 545 515116
545 546 413350
546 547 331054
547 548 819355
548 549 93496
549 550 882372
550 551 737920
551 552 209538
552 553 304676
553 554 610186
554 555 944536
555 556 826881
556 557 233005
557 558 664310
558 559 55192
559 560 279497
560 561 396269
561 562 322268
562 563 510773
563 564 896703
564 565 828032
565 566 847114
566 567 327446
567 568 744978
568 569 262643
569 570 904460
570 571 684191
571 572 508389
572 573 789329
573 574 725994
574 575 72131
575 576 15410
576 577 470469
577 578 702562
578 579 660367
579 580 178176
580 581 654846
581 582 761557
582 583 16520
583 584 770496
584 585 892806
585 586 134680
586 587 687016
587 588 700711
588 589 893109
589 590 520998
590 591 918592
591 592 388496
592 593 337776
593 594 254709
594 595 800472
595 596 35042
596 597 716271
597 598 332181
598 599 308248
599 600 946403
600 601 875628
601 602 867882
602 603 905179
603 604 850256
604 605 993447
605 606 218406
606 607 530728
607 608 158209
608 609 316949
609 610 102887
610 611 724390
611 612 746043
612 613 320026
613 614 870876
614 615 16226
615 616 768992
616 617 187631
617 618 264855
618 619 554361
619 620 213442
620 621 328291
621 622 51451
622 623 482402
623 624 582107
624 625 944196
625 626 141885
626 627 591290
627 628 392936
628 629 416467
629 630 239719
630 631 893427
631 632 273156
632 633 839438
633 634 921888
634 635 638742
635 636 266156
636 637 962782
637 638 428617
638 639 868145
639 640 649766
640 641 529869
641 642 542679
642 643 895629
643 644 560623
644 645 724059
645 646 128484
646 647 107403
647 648 746436
648 649 718427
649 650 834030
650 651 380275
651 652 396993
652 653 106476
653 654 145067
654 655 412310
655 656 513708
656 657 572268
657 658 839287
658 659 531148
659 660 403998
660 661 310558
661 662 466303
662 663 239637
663 664 338554
664 665 519687
665 666 17406
666 667 407167
667 668 99816
668 669 936665
669 670 512745
670 671 685554
671 672 156896
672 673 711268
673 674 942677
674 675 855465
675 676 252245
676 677 125036
677 678 654203
678 679 478001
679 680 646696
680 681 131922
681 682 684212
682 683 549221
683 684 40705
684 685 694489
685 686 732829
686 687 235344
687 688 726098
688 689 124146
689 690 484327
690 691 955316
691 692 742624
692 693 56920
693 694 365759
694 695 766873
695 696 553623
696 697 641801
697 698 99086
698 699 261284
699 700 950084
700 701 95576
701 702 974961
702 703 317348
703 704 537509
704 705 331304
705 706 395272
706 707 552180
707 708 627931
708 709 2299
709 710 407207
710 711 683999
711 712 198739
712 713 477658
713 714 36372
714 715 57733
715 716 108555
716 717 995022
717 718 274249
718 719 558899
719 720 338241
720 721 897281
721 722 446396
722 723 42355
723 724 546384
724 725 648356
725 726 491397
726 727 482862
727 728 308889
728 729 293931
729 730 812327
730 731 298099
731 732 859198
732 733 342459
733 734 110069
734 735 161884
735 736 623094
736 737 195842
737 738 526245
738 739 285556
739 740 451003
740 741 87754
741 742 742621
742 743 456230
743 744 901985
744 745 148200
745 746 642642
746 747 945287
747 748 924759
748 749 786671
749 750 430464
750 751 360040
751 752 377778
752 753 220698
753 754 215418
754 755 663139
755 756 943979
756 757 579740
757 758 204182
758 759 922699
759 760 595966
760 761 517094
761 762 876106
762 763 311980
763 764 921018
764 765 163036
765 766 69795
766 767 706835
767 768 703392
768 769 353544
769 770 575177
770 771 743251
771 772 240601
772 773 436417
773 774 572687
774 775 963714
775 776 75985
776 777 859530
777 778 234754
778 779 980500
779 780 119766
780 781 353073
781 782 663634
782 783 424488
783 784 234356
784 785 347175
785 786 667281
786 787 667088
787 788 323416
788 789 446429
789 790 810125
790 791 96808
791 792 780680
792 793 524729
793 794 145854
794 795 767470
795 796 260021
796 797 264634
797 798 16067
798 799 864460
799 800 70108
800 801 670556
801 802 278646
802 803 891886
803 804 224486
804 805 385607
805 806 492759
806 807 942051
807 808 623190
808 809 412461
809 810 258852
810 811 904894
811 812 980639
812 813 546075
813 814 577377
814 815 120751
815 816 622402
816 817 557245
817 818 983416
818 819 843382
819 820 279609
820 821 347431
821 822 432395
822 823 16708
823 824 449279
824 825 216442
825 826 225860
826 827 452599
827 828 607409
828 829 643135
829 830 551290
830 831 685993
831 832 968016
832 833 590764
833 834 35543
834 835 422813
835 836 78495
836 837 476102
837 838 567168
838 839 542360
839 840 173764
840 841 291268
841 842 133395
842 843 900250
843 844 730573
844 845 80510
845 846 631623
846 847 623328
847 848 61197
848 849 588287
849 850 734588
850 851 605837
851 852 980247
852 853 73434
853 854 149503
854 855 360662
855 856 584887
856 857 60389
857 858 849019
858 859 250790
859 860 999118
860 861 691523
861 862 238618
862 863 483379
863 864 516986
864 865 762898
865 866 975173
866 867 213431
867 868 786042
868 869 103600
869 870 875486
870 871 649620
871 872 579828
872 873 738015
873 874 983025
874 875 443482
875 876 200239
876 877 340785
877 878 735053
878 879 916105
879 880 516528
880 881 393860
881 882 953527
882 883 294816
883 884 543300
884 885 964340
885 886 731763
886 887 929475
887 888 45383
888 889 158723
889 890 141089
890 891 364622
891 892 449968
892 893 617197
893 894 832633
894 895 160898
895 896 134307
896 897 316656
897 898 988180
898 899 284138
899 900 777424
900 901 401435
901 902 411486
902 903 103645
903 904 560733
904 905 570283
905 906 384154
906 907 77893
907 908 466252
908 909 704620
909 910 958336
910 911 124568
911 912 819308
912 913 899007
913 914 14827
914 915 465416
915 916 932252
916 917 421057
917 918 149962
918 919 596199
919 920 617539
920 921 460515
921 922 437408
922 923 278170
923 924 166427
924 925 327258
925 926 97512
926 927 503523
927 928 794508
928 929 101339
929 930 703539
930 931 139417
931 932 789613
932 933 425780
933 934 901733
934 935 743406
935 936 576674
936 937 301329
937 938 314468
938 939 346562
939 940 727711
940 941 557980
941 942 431678
942 943 15420
943 944 449712
944 945 980029
945 946 65965
946 947 553834
947 948 824751
948 949 542876
949 950 372239
950 951 314781
951 952 132536
952 953 811346
953 954 875175
954 955 536540
955 956 416399
956 957 627432
957 958 270087
958 959 814416
959 960 314898
960 961 983997
961 962 65143
962 963 890937
963 964 71164
964 965 155340
965 966 523841
966 967 803509
967 968 371600
968 969 564264
969 970 162774
970 971 341804
971 972 4923
972 973 815457
973 974 492399
974 975 966485
975 976 9296
976 977 548844
977 978 940526
978 979 254523
979 980 36227
980 981 577930
981 982 321441
982 983 184026
983 984 493731
984 985 145758
985 986 555097
986 987 446295
987 988 259934
988 989 991019
989 990 812677
990 991 175436
991 992 261504
992 993 753366
993 994 585286
994 995 412756
995 996 581290
996 997 450209
997 998 345016
998 999 486797
999 1000 345313
1000 1001 104594
1001 1002 213767
1002 1003 957006
1003 1004 678473
1004 1005 598705
1005 1006 29005
1006 1007 269690
1007 1008 475663
1008 1009 812330
1009 1010 324077
1010 1011 488472
1011 1012 347817
1012 1013 848035
1013 1014 325844
1014 1015 493692
1015 1016 336213
1016 1017 739453
1017 1018 46076
1018 1019 842149
1019 1020 266664
1020 1021 495889
1021 1022 420505
1022 1023 155015
1023 1024 427901
1024 1025 451330
1025 1026 871299
1026 1027 727926
1027 1028 546578
1028 1029 245162
1029 1030 445080
1030 1031 404529
1031 1032 163901
1032 1033 212489
1033 1034 143686
1034 1035 686558
1035 1036 676376
1036 1037 917343
1037 1038 583074
1038 1039 762719
1039 1040 550022
1040 1041 933919
1041 1042 442217
1042 1043 822808
1043 1044 700901
1044 1045 767700
1045 1046 62963
1046 1047 544517
1047 1048 868903
1048 1049 943758
1049 1050 102307
1050 1051 66909
1051 1052 822777
1052 1053 158806
1053 1054 360430
1054 1055 791732
1055 1056 566944
1056 1057 199848
1057 1058 245373
1058 1059 940616
1059 1060 588819
1060 1061 452641
1061 1062 539035
1062 1063 254312
1063 1064 977123
1064 1065 745207
1065 1066 903549
1066 1067 153074
1067 1068 274456
1068 1069 801231
1069 1070 485040
1070 1071 690156
1071 1072 13115
1072 1073 58692
1073 1074 835497
1074 1075 452995
1075 1076 995674
1076 1077 667920
1077 1078 987489
1078 1079 920390
1079 1080 736627
1080 1081 372432
1081 1082 199713
1082 1083 853325
1083 1084 875470
1084 1085 49002
1085 1086 647794
1086 1087 505708
1087 1088 69953
1088 1089 744008
1089 1090 684758
1090 1091 907375
1091 1092 163767
1092 1093 544296
1093 1094 528298
1094 1095 337126
1095 1096 55588
1096 1097 941382
1097 1098 410577
1098 1099 249917
1099 1100 980829
1100 1101 394583
1101 1102 300842
1102 1103 212333
1103 1104 414548
1104 1105 944337
1105 1106 87434
1106 1107 94450
1107 1108 556321
1108 1109 697710
1109 1110 630838
1110 1111 988122
1111 1112 393526
1112 1113 226209
1113 1114 289889
1114 1115 956854
1115 1116 601830
1116 1117 736436
1117 1118 306386
1118 1119 724737
1119 1120 650333
1120 1121 479721
1121 1122 74887
1122 1123 489823
1123 1124 739699
1124 1125 367870
1125 1126 299217
1126 1127 238519
1127 1128 845538
1128 1129 976897
1129 1130 139125
1130 1131 918239
1131 1132 573095
1132 1133 322667
1133 1134 176462
1134 1135 645948
1135 1136 430332
1136 1137 746518
1137 1138 705233
1138 1139 946017
1139 1140 761190
1140 1141 861024
1141 1142 624748
1142 1143 804315
1143 1144 471057
1144 1145 964262
1145 1146 382745
1146 1147 219808
1147 1148 702179
1148 1149 18568
1149 1150 885053
1150 1151 389817
1151 1152 537670
1152 1153 502866
1153 1154 79723
1154 1155 261559
1155 1156 842550
1156 1157 465510
1157 1158 489202
1158 1159 53757
1159 1160 140228
1160 1161 694018
1161 1162 149506
1162 1163 258800
1163 1164 293217
1164 1165 139480
1165 1166 396782
1166 1167 466053
1167 1168 634082
1168 1169 211779
1169 1170 977694
1170 1171 201991
1171 1172 568687
1172 1173 158988
1173 1174 971352
1174 1175 199208
1175 1176 282040
1176 1177 697755
1177 1178 559951
1178 1179 111484
1179 1180 808141
1180 1181 400957
1181 1182 561264
1182 1183 870981
1183 1184 975979
1184 1185 712705
1185 1186 507221
1186 1187 938001
1187 1188 119954
1188 1189 398261
1189 1190 371802
1190 1191 795738
1191 1192 580818
1192 1193 160161
1193 1194 441074
1194 1195 2643
1195 1196 683619
1196 1197 661975
1197 1198 983895
1198 1199 184543
1199 1200 521144
1200 1201 202291
1201 1202 991021
1202 1203 957982
1203 1204 824667
1204 1205 12342
1205 1206 797563
1206 1207 337033
1207 1208 188997
1208 1209 893454
1209 1210 938208
1210 1211 909056
1211 1212 639412
1212 1213 362674
1213 1214 545899
1214 1215 455116
1215 1216 15072
1216 1217 980774
1217 1218 900628
1218 1219 210637
1219 1220 131293
1220 1221 307134
1221 1222 79062
1222 1223 194382
1223 1224 408932
1224 1225 424049
1225 1226 950001
1226 1227 904600
1227 1228 417089
1228 1229 983206
1229 1230 199705
1230 1231 408059
1231 1232 699241
1232 1233 864942
1233 1234 585985
1234 1235 323661
1235 1236 637773
1236 1237 373057
1237 1238 273780
1238 1239 27328
1239 1240 696842
1240 1241 772065
1241 1242 896851
1242 1243 706179
1243 1244 390223
1244 1245 290823
1245 1246 288195
1246 1247 894113
1247 1248 73361
1248 1249 608703
1249 1250 152361
1250 1251 976210
1251 1252 592608
1252 1253 266963
1253 1254 258898
1254 1255 7126
1255 1256 561702
1256 1257 397834
1257 1258 151088
1258 1259 356871
1259 1260 845272
1260 1261 154840
1261 1262 984755
1262 1263 181520
1263 1264 919535
1264 1265 448475
1265 1266 178044
1266 1267 368492
1267 1268 428069
1268 1269 91210
1269 1270 548797
1270 1271 294777
1271 1272 746764
1272 1273 128556
1273 1274 639197
1274 1275 12882
1275 1276 508604
1276 1277 918478
1277 1278 615432
1278 1279 945209
1279 1280 846634
1280 1281 693977
1281 1282 839226
1282 1283 237945
1283 1284 11328
1284 1285 715282
1285 1286 70496
1286 1287 481988
1287 1288 727552
1288 1289 13128
1289 1290 365362
1290 1291 821724
1291 1292 121179
1292 1293 426277
1293 1294 823143
1294 1295 568831
1295 1296 398757
1296 1297 158936
1297 1298 654223
1298 1299 347041
1299 1300 431069
1300 1301 523354
1301 1302 577870
1302 1303 650683
1303 1304 138623
1304 1305 569089
1305 1306 775928
1306 1307 720378
1307 1308 898504
1308 1309 545685
1309 1310 537978
1310 1311 768249
1311 1312 505391
1312 1313 675456
1313 1314 284433
1314 1315 402331
1315 1316 305716
1316 1317 490499
1317 1318 276084
1318 1319 773088
1319 1320 287731
1320 1321 266530
1321 1322 874299
1322 1323 28676
1323 1324 890565
1324 1325 509350
1325 1326 223054
1326 1327 166339
1327 1328 187038
1328 1329 162235
1329 1330 179419
1330 1331 99021
1331 1332 715020
1332 1333 654960
1333 1334 794100
1334 1335 847635
1335 1336 708220
1336 1337 920745
1337 1338 611647
1338 1339 707233
1339 1340 456929
1340 1341 304219
1341 1342 338271
1342 1343 582956
1343 1344 138348
1344 1345 569957
1345 1346 882165
1346 1347 494942
1347 1348 251668
1348 1349 705394
1349 1350 863958
1350 1351 286732
1351 1352 501841
1352 1353 524197
1353 1354 557256
1354 1355 326619
1355 1356 316939
1356 1357 792645
1357 1358 191652
1358 1359 731879
1359 1360 644077
1360 1361 958377
1361 1362 613602
1362 1363 224044
1363 1364 136749
1364 1365 637863
1365 1366 474611
1366 1367 159370
1367 1368 272728
1368 1369 121168
1369 1370 791303
1370 1371 739176
1371 1372 139356
1372 1373 865548
1373 1374 56246
1374 1375 242627
1375 1376 516967
1376 1377 366828
1377 1378 926208
1378 1379 693863
1379 1380 301738
1380 1381 594081
1381 1382 52836
1382 1383 692907
1383 1384 82260
1384 1385 618975
1385 1386 967335
1386 1387 727815
1387 1388 834883
1388 1389 433314
1389 1390 166771
1390 1391 159438
1391 1392 780091
1392 1393 962224
1393 1394 105950
1394 1395 64806
1395 1396 973529
1396 1397 571573
1397 1398 358817
1398 1399 86080
1399 1400 233613
1400 1401 218179
1401 1402 917868
1402 1403 833798
1403 1404 862067
1404 1405 803852
1405 1406 593484
1406 1407 666651
1407 1408 84793
1408 1409 436439
1409 1410 964794
1410 1411 910563
1411 1412 154715
1412 1413 62482
1413 1414 945443
1414 1415 532700
1415 1416 906802
1416 1417 623311
1417 1418 28034
1418 1419 683936
1419 1420 522189
1420 1421 60799
1421 1422 864271
1422 1423 372242
1423 1424 388234
1424 1425 657721
1425 1426 751873
1426 1427 203356
1427 1428 783262
1428 1429 675948
1429 1430 997043
1430 1431 61002
1431 1432 648510
1432 1433 740931
1433 1434 283622
1434 1435 786819
1435 1436 968402
1436 1437 787593
1437 1438 254465
1438 1439 140101
1439 1440 480977
1440 1441 835161
1441 1442 331559
1442 1443 344089
1443 1444 682009
1444 1445 208536
1445 1446 407267
1446 1447 620286
1447 1448 298711
1448 1449 956435
1449 1450 940396
1450 1451 592635
1451 1452 500246
1452 1453 618689
1453 1454 116451
1454 1455 312879
1455 1456 43085
1456 1457 996087
1457 1458 650233
1458 1459 629713
1459 1460 334859
1460 1461 354495
1461 1462 986651
1462 1463 893223
1463 1464 765977
1464 1465 629852
1465 1466 221678
1466 1467 75451
1467 1468 990487
1468 1469 423759
1469 1470 794597
1470 1471 867096
1471 1472 160296
1472 1473 567850
1473 1474 13612
1474 1475 216311
1475 1476 241131
1476 1477 132802
1477 1478 944935
1478 1479 189118
1479 1480 952174
1480 1481 123155
1481 1482 539281
1482 1483 138810
1483 1484 542815
1484 1485 478923
1485 1486 250161
1486 1487 299368
1487 1488 978851
1488 1489 296026
1489 1490 839309
1490 1491 137066
1491 1492 80727
1492 1493 336368
1493 1494 483715
1494 1495 36913
1495 1496 356887
1496 1497 170847
1497 1498 997417
1498 1499 10995
1499 1500 270955
1500 1501 607542
1501 1502 535284
1502 1503 550771
1503 1504 423001
1504 1505 135974
1505 1506 39918
1506 1507 958864
1507 1508 862115
1508 1509 668679
1509 1510 627980
1510 1511 445655
1511 1512 328192
1512 1513 499891
1513 1514 730761
1514 1515 807115
1515 1516 542985
1516 1517 8306
1517 1518 472052
1518 1519 168503
1519 1520 54780
1520 1521 786304
1521 1522 998991
1522 1523 324965
1523 1524 398240
1524 1525 317727
1525 1526 286097
1526 1527 114606
1527 1528 555013
1528 1529 286272
1529 1530 533680
1530 1531 34895
1531 1532 902314
1532 1533 644559
1533 1534 894694
1534 1535 171275
1535 1536 431575
1536 1537 333575
1537 1538 199198
1538 1539 495019
1539 1540 152700
1540 1541 100735
1541 1542 310981
1542 1543 337167
1543 1544 975531
1544 1545 832928
1545 1546 437270
1546 1547 274741
1547 1548 702529
1548 1549 855484
1549 1550 360237
1550 1551 977296
1551 1552 371712
1552 1553 787440
1553 1554 174920
1554 1555 295141
1555 1556 116195
1556 1557 430336
1557 1558 164690
1558 1559 228865
1559 1560 863066
1560 1561 316587
1561 1562 659016
1562 1563 159700
1563 1564 78797
1564 1565 874298
1565 1566 312240
1566 1567 147318
1567 1568 830971
1568 1569 214474
1569 1570 564626
1570 1571 312077
1571 1572 293521
1572 1573 808796
1573 1574 539231
1574 1575 929007
1575 1576 552674
1576 1577 253734
1577 1578 996908
1578 1579 759273
1579 1580 483327
1580 1581 511064
1581 1582 332625
1582 1583 788344
1583 1584 688790
1584 1585 11956
1585 1586 159742
1586 1587 268460
1587 1588 629899
1588 1589 706570
1589 1590 291493
1590 1591 708151
1591 1592 61343
1592 1593 926505
1593 1594 537368
1594 1595 246810
1595 1596 372952
1596 1597 88807
1597 1598 474954
1598 1599 570066
1599 1600 282565
1600 1601 774495
1601 1602 272048
1602 1603 985895
1603 1604 760094
1604 1605 600364
1605 1606 185666
1606 1607 878714
1607 1608 329960
1608 1609 340645
1609 1610 911236
1610 1611 841451
1611 1612 306897
1612 1613 380169
1613 1614 295019
1614 1615 291733
1615 1616 152789
1616 1617 513755
1617 1618 587136
1618 1619 624551
1619 1620 601227
1620 1621 841483
1621 1622 306371
1622 1623 692287
1623 1624 449983
1624 1625 936205
1625 1626 183134
1626 1627 722002
1627 1628 7452
1628 1629 714105
1629 1630 866952
1630 1631 923872
1631 1632 193556
1632 1633 391139
1633 1634 346923
1634 1635 482555
1635 1636 185291
1636 1637 422240
1637 1638 67614
1638 1639 605552
1639 1640 613188
1640 1641 223780
1641 1642 363455
1642 1643 176083
1643 1644 257603
1644 1645 325131
1645 1646 819331
1646 1647 698001
1647 1648 891794
1648 1649 321756
1649 1650 875464
1650 1651 572348
1651 1652 647073
1652 1653 654655
1653 1654 753457
1654 1655 88032
1655 1656 542506
1656 1657 995446
1657 1658 973152
1658 1659 46861
1659 1660 358437
1660 1661 507546
1661 1662 986980
1662 1663 716164
1663 1664 818270
1664 1665 528738
1665 1666 840241
1666 1667 507173
1667 1668 370739
1668 1669 522563
1669 1670 129547
1670 1671 882510
1671 1672 33746
1672 1673 942651
1673 1674 144777
1674 1675 929793
1675 1676 530349
1676 1677 234884
1677 1678 293253
1678 1679 637464
1679 1680 707893
1680 1681 248915
1681 1682 980638
1682 1683 882568
1683 1684 694256
1684 1685 777866
1685 1686 977642
1686 1687 454512
1687 1688 859369
1688 1689 104585
1689 1690 501735
1690 1691 108803
1691 1692 463294
1692 1693 453272
1693 1694 713890
1694 1695 856789
1695 1696 742987
1696 1697 663583
1697 1698 842738
1698 1699 627590
1699 1700 539547
1700 1701 259117
1701 1702 550164
1702 1703 699264
1703 1704 468900
1704 1705 851066
1705 1706 234859
1706 1707 755841
1707 1708 755743
1708 1709 379851
1709 1710 741854
1710 1711 917689
1711 1712 625686
1712 1713 935701
1713 1714 38741
1714 1715 916749
1715 1716 751217
1716 1717 826757
1717 1718 851644
1718 1719 451865
1719 1720 767192
1720 1721 709723
1721 1722 142318
1722 1723 966085
1723 1724 967222
1724 1725 389622
1725 1726 590843
1726 1727 566292
1727 1728 943182
1728 1729 721073
1729 1730 610033
1730 1731 934725
1731 1732 936541
1732 1733 166589
1733 1734 548723
1734 1735 434827
1735 1736 426129
1736 1737 49732
1737 1738 6730
1738 1739 534288
1739 1740 72834
1740 1741 509494
1741 1742 296543
1742 1743 407803
1743 1744 999311
1744 1745 708148
1745 1746 515001
1746 1747 611389
1747 1748 568936
1748 1749 657438
1749 1750 974559
1750 1751 66915
1751 1752 102846
1752 1753 662897
1753 1754 580140
1754 1755 680155
1755 1756 159855
1756 1757 844622
1757 1758 44661
1758 1759 47608
1759 1760 335108
1760 1761 650930
1761 1762 105855
1762 1763 881166
1763 1764 210650
1764 1765 412334
1765 1766 525116
1766 1767 487250
1767 1768 53403
1768 1769 160905
1769 1770 696272
1770 1771 794912
1771 1772 898305
1772 1773 115532
1773 1774 202556
1774 1775 791404
1775 1776 896899
1776 1777 473187
1777 1778 930710
1778 1779 181863
1779 1780 746268
1780 1781 956891
1781 1782 210013
1782 1783 232776
1783 1784 25491
1784 1785 196611
1785 1786 854520
1786 1787 334528
1787 1788 707663
1788 1789 236998
1789 1790 487524
1790 1791 173355
1791 1792 611236
1792 1793 85817
1793 1794 925118
1794 1795 717601
1795 1796 802854
1796 1797 327025
1797 1798 761848
1798 1799 867056
1799 1800 690480
1800 1801 893330
1801 1802 817785
1802 1803 670656
1803 1804 442126
1804 1805 552318
1805 1806 647527
1806 1807 326331
1807 1808 395562
1808 1809 226189
1809 1810 454512
1810 1811 64336
1811 1812 550953
1812 1813 355572
1813 1814 379835
1814 1815 593406
1815 1816 28849
1816 1817 258803
1817 1818 811182
1818 1819 893195
1819 1820 35478
1820 1821 112058
1821 1822 365901
1822 1823 676726
1823 1824 304204
1824 1825 440075
1825 1826 431698
1826 1827 815250
1827 1828 110065
1828 1829 107455
1829 1830 267948
1830 1831 526180
1831 1832 331323
1832 1833 90580
1833 1834 968440
1834 1835 811456
1835 1836 247274
1836 1837 921294
1837 1838 785073
1838 1839 275601
1839 1840 99817
1840 1841 630513
1841 1842 527646
1842 1843 373217
1843 1844 566467
1844 1845 362268
1845 1846 15487
1846 1847 216336
1847 1848 479322
1848 1849 340464
1849 1850 26922
1850 1851 507993
1851 1852 485448
1852 1853 433942
1853 1854 752690
1854 1855 78810
1855 1856 359698
1856 1857 518084
1857 1858 176331
1858 1859 85964
1859 1860 13098
1860 1861 343885
1861 1862 754672
1862 1863 32880
1863 1864 732603
1864 1865 722802
1865 1866 391199
1866 1867 750757
1867 1868 185764
1868 1869 361174
1869 1870 138101
1870 1871 31269
1871 1872 407700
1872 1873 803275
1873 1874 336483
1874 1875 850684
1875 1876 47309
1876 1877 980992
1877 1878 347507
1878 1879 659581
1879 1880 280595
1880 1881 475866
1881 1882 254606
1882 1883 614448
1883 1884 667226
1884 1885 722216
1885 1886 292485
1886 1887 771082
1887 1888 531383
1888 1889 448150
1889 1890 516431
1890 1891 708919
1891 1892 212969
1892 1893 375122
1893 1894 465024
1894 1895 523905
1895 1896 376129
1896 1897 23674
1897 1898 420084
1898 1899 254318
1899 1900 402416
1900 1901 369856
1901 1902 286673
1902 1903 472855
1903 1904 547615
1904 1905 737355
1905 1906 200059
1906 1907 415071
1907 1908 792194
1908 1909 636685
1909 1910 820089
1910 1911 304422
1911 1912 533798
1912 1913 628649
1913 1914 952802
1914 1915 6830
1915 1916 753993
1916 1917 729373
1917 1918 684975
1918 1919 289713
1919 1920 953939
1920 1921 833928
1921 1922 916736
1922 1923 192403
1923 1924 903097
1924 1925 795692
1925 1926 58326
1926 1927 760677
1927 1928 966535
1928 1929 848707
1929 1930 870816
1930 1931 64166
1931 1932 907079
1932 1933 636742
1933 1934 859901
1934 1935 963839
1935 1936 553893
1936 1937 100877
1937 1938 623365
1938 1939 632199
1939 1940 775407
1940 1941 400183
1941 1942 110416
1942 1943 655442
1943 1944 405685
1944 1945 261668
1945 1946 812088
1946 1947 271082
1947 1948 948578
1948 1949 822853
1949 1950 852096
1950 1951 419231
1951 1952 397180
1952 1953 417508
1953 1954 952316
1954 1955 301961
1955 1956 946275
1956 1957 708473
1957 1958 483545
1958 1959 512622
1959 1960 576594
1960 1961 154733
1961 1962 970969
1962 1963 253349
1963 1964 694480
1964 1965 731866
1965 1966 18705
1966 1967 323814
1967 1968 922499
1968 1969 822837
1969 1970 471801
1970 1971 356478
1971 1972 233048
1972 1973 268173
1973 1974 392689
1974 1975 299173
1975 1976 515804
1976 1977 875743
1977 1978 719739
1978 1979 792943
1979 1980 963485
1980 1981 666460
1981 1982 640612
1982 1983 699624
1983 1984 774960
1984 1985 652012
1985 1986 789709
1986 1987 710387
1987 1988 905421
1988 1989 410008
1989 1990 510816
1990 1991 731457
1991 1992 434755
1992 1993 825264
1993 1994 457327
1994 1995 48779
1995 1996 679839
1996 1997 594
1997 1998 436886
1998 1999 718776
1999 2000 529475
2000 2001 486869
2001 2002 296714
2002 2003 995087
2003 2004 252626
2004 2005 303035
2005 2006 871271
2006 2007 796436
2007 2008 45144
2008 2009 497299
2009 2010 560682
2010 2011 79404
2011 2012 225451
2012 2013 140103
2013 2014 757593
2014 2015 115530
2015 2016 119794
2016 2017 228061
2017 2018 929482
2018 2019 808283
2019 2020 354920
2020 2021 765708
2021 2022 59061
2022 2023 113806
2023 2024 433937
2024 2025 894909
2025 2026 640487
2026 2027 583297
2027 2028 888080
2028 2029 784471
2029 2030 794098
2030 2031 316532
2031 2032 761188
2032 2033 376983
2033 2034 807447
2034 2035 855504
2035 2036 636740
2036 2037 710535
2037 2038 597497
2038 2039 375476
2039 2040 830111
2040 2041 117374
2041 2042 730662
2042 2043 152357
2043 2044 57659
2044 2045 722306
2045 2046 383767
2046 2047 326290
2047 2048 183937
2048 2049 887218
2049 2050 777666
2050 2051 427087
2051 2052 864408
2052 2053 401042
2053 2054 906641
2054 2055 827968
2055 2056 304357
2056 2057 203523
2057 2058 31141
2058 2059 654095
2059 2060 419599
2060 2061 665225
2061 2062 17184
2062 2063 489782
2063 2064 804619
2064 2065 279302
2065 2066 211458
2066 2067 378150
2067 2068 882902
2068 2069 332509
2069 2070 16677
2070 2071 467893
2071 2072 173939
2072 2073 590876
2073 2074 679848
2074 2075 129983
2075 2076 374147
2076 2077 262427
2077 2078 41646
2078 2079 648324
2079 2080 439637
2080 2081 478602
2081 2082 999193
2082 2083 18030
2083 2084 236956
2084 2085 259439
2085 2086 394633
2086 2087 489238
2087 2088 690493
2088 2089 787085
2089 2090 444141
2090 2091 447762
2091 2092 865758
2092 2093 456773
2093 2094 548452
2094 2095 802488
2095 2096 34078
2096 2097 883654
2097 2098 689795
2098 2099 823795
2099 2100 24275
2100 2101 31597
2101 2102 880577
2102 2103 21705
2103 2104 789781
2104 2105 744249
2105 2106 991643
2106 2107 248277
2107 2108 359914
2108 2109 728808
2109 2110 828352
2110 2111 847210
2111 2112 343372
2112 2113 762811
2113 2114 932749
2114 2115 698527
2115 2116 169082
2116 2117 416929
2117 2118 626291
2118 2119 383569
2119 2120 156073
2120 2121 94063
2121 2122 918240
2122 2123 463643
2123 2124 497947
2124 2125 969540
2125 2126 249294
2126 2127 298557
2127 2128 394965
2128 2129 789252
2129 2130 297375
2130 2131 461178
2131 2132 994487
2132 2133 926208
2133 2134 683129
2134 2135 317908
2135 2136 588139
2136 2137 737107
2137 2138 756780
2138 2139 999975
2139 2140 109799
2140 2141 226442
2141 2142 700652
2142 2143 266922
2143 2144 990007
2144 2145 510993
2145 2146 768506
2146 2147 859249
2147 2148 356510
2148 2149 491939
2149 2150 708971
2150 2151 939867
2151 2152 537046
2152 2153 157550
2153 2154 677795
2154 2155 209916
2155 2156 46988
2156 2157 665049
2157 2158 362716
2158 2159 338512
2159 2160 700776
2160 2161 928173
2161 2162 407876
2162 2163 641626
2163 2164 580818
2164 2165 447743
2165 2166 921634
2166 2167 355536
2167 2168 719830
2168 2169 291287
2169 2170 440936
2170 2171 254368
2171 2172 97275
2172 2173 363502
2173 2174 804780
2174 2175 108939
2175 2176 102773
2176 2177 484783
2177 2178 712084
2178 2179 206909
2179 2180 159903
2180 2181 924961
2181 2182 500391
2182 2183 929015
2183 2184 781595
2184 2185 710238
2185 2186 67730
2186 2187 640320
2187 2188 80016
2188 2189 679951
2189 2190 490819
2190 2191 837785
2191 2192 206192
2192 2193 986926
2193 2194 103050
2194 2195 107039
2195 2196 947076
2196 2197 236475
2197 2198 38631
2198 2199 744499
2199 2200 820458
2200 2201 164950
2201 2202 302759
2202 2203 174971
2203 2204 136225
2204 2205 648596
2205 2206 489311
2206 2207 84351
2207 2208 736267
2208 2209 983400
2209 2210 939335
2210 2211 820137
2211 2212 168597
2212 2213 828383
2213 2214 198711
2214 2215 728564
2215 2216 675819
2216 2217 64027
2217 2218 328648
2218 2219 944045
2219 2220 121675
2220 2221 840506
2221 2222 104107
2222 2223 131825
2223 2224 159619
2224 2225 139377
2225 2226 154686
2226 2227 626890
2227 2228 74366
2228 2229 557150
2229 2230 522490
2230 2231 735942
2231 2232 820631
2232 2233 644308
2233 2234 162997
2234 2235 965149
2235 2236 199248
2236 2237 562203
2237 2238 677115
2238 2239 101298
2239 2240 375548
2240 2241 632212
2241 2242 548878
2242 2243 922624
2243 2244 413462
2244 2245 749607
2245 2246 778817
2246 2247 440194
2247 2248 541844
2248 2249 823971
2249 2250 221958
2250 2251 97789
2251 2252 974645
2252 2253 385205
2253 2254 432159
2254 2255 133683
2255 2256 276046
2256 2257 167167
2257 2258 940359
2258 2259 653112
2259 2260 325862
2260 2261 533155
2261 2262 927438
2262 2263 804990
2263 2264 530026
2264 2265 138734
2265 2266 634045
2266 2267 774990
2267 2268 696757
2268 2269 263994
2269 2270 179873
2270 2271 326201
2271 2272 293520
2272 2273 972019
2273 2274 976598
2274 2275 209869
2275 2276 734045
2276 2277 735504
2277 2278 280312
2278 2279 706019
2279 2280 966409
2280 2281 237499
2281 2282 463508
2282 2283 376906
2283 2284 451857
2284 2285 393664
2285 2286 111081
2286 2287 292949
2287 2288 246125
2288 2289 75203
2289 2290 47687
2290 2291 981473
2291 2292 261545
2292 2293 879899
2293 2294 865626
2294 2295 762201
2295 2296 676639
2296 2297 378514
2297 2298 509571
2298 2299 835419
2299 2300 855007
2300 2301 791086
2301 2302 542288
2302 2303 630561
2303 2304 95326
2304 2305 927579
2305 2306 972601
2306 2307 123362
2307 2308 323859
2308 2309 839324
2309 2310 487233
2310 2311 406320
2311 2312 920752
2312 2313 844826
2313 2314 875375
2314 2315 522232
2315 2316 551948
2316 2317 812732
2317 2318 309335
2318 2319 131172
2319 2320 337033
2320 2321 469887
2321 2322 215934
2322 2323 128781
2323 2324 208221
2324 2325 929973
2325 2326 515434
2326 2327 932438
2327 2328 30868
2328 2329 133308
2329 2330 105387
2330 2331 594932
2331 2332 473249
2332 2333 311565
2333 2334 846168
2334 2335 360470
2335 2336 227594
2336 2337 186142
2337 2338 619406
2338 2339 604740
2339 2340 843818
2340 2341 572179
2341 2342 829749
2342 2343 426671
2343 2344 153189
2344 2345 967936
2345 2346 181504
2346 2347 163507
2347 2348 24191
2348 2349 465182
2349 2350 722168
2350 2351 376944
2351 2352 922514
2352 2353 921635
2353 2354 908018
2354 2355 876361
2355 2356 514721
2356 2357 573071
2357 2358 221911
2358 2359 38513
2359 2360 963328
2360 2361 872752
2361 2362 653931
2362 2363 112620
2363 2364 155381
2364 2365 376794
2365 2366 983717
2366 2367 600996
2367 2368 185974
2368 2369 341850
2369 2370 577235
2370 2371 625084
2371 2372 120745
2372 2373 812293
2373 2374 164099
2374 2375 265586
2375 2376 3922
2376 2377 906021
2377 2378 49537
2378 2379 21008
2379 2380 682053
2380 2381 323878
2381 2382 524199
2382 2383 240255
2383 2384 851713
2384 2385 390189
2385 2386 251133
2386 2387 301100
2387 2388 85433
2388 2389 885162
2389 2390 635992
2390 2391 773180
2391 2392 369071
2392 2393 658038
2393 2394 272320
2394 2395 960697
2395 2396 56548
2396 2397 518088
2397 2398 234153
2398 2399 471883
2399 2400 822093
2400 2401 496548
2401 2402 928453
2402 2403 847991
2403 2404 884942
2404 2405 550098
2405 2406 323443
2406 2407 724247
2407 2408 802860
2408 2409 167549
2409 2410 760416
2410 2411 580535
2411 2412 186187
2412 2413 645327
2413 2414 735404
2414 2415 970222
2415 2416 698877
2416 2417 724840
2417 2418 523987
2418 2419 960086
2419 2420 573114
2420 2421 63658
2421 2422 754852
2422 2423 756067
2423 2424 601004
2424 2425 53411
2425 2426 790597
2426 2427 10084
2427 2428 278089
2428 2429 442550
2429 2430 598740
2430 2431 36713
2431 2432 289271
2432 2433 309456
2433 2434 858368
2434 2435 617715
2435 2436 907035
2436 2437 567348
2437 2438 578839
2438 2439 641033
2439 2440 137996
2440 2441 903244
2441 2442 650500
2442 2443 251327
2443 2444 185096
2444 2445 866037
2445 2446 633529
2446 2447 705762
2447 2448 961205
2448 2449 421275
2449 2450 448737
2450 2451 176308
2451 2452 628914
2452 2453 550446
2453 2454 880921
2454 2455 449184
2455 2456 350207
2456 2457 121274
2457 2458 400608
2458 2459 976461
2459 2460 98127
2460 2461 392112
2461 2462 770782
2462 2463 789619
2463 2464 892181
2464 2465 444774
2465 2466 929989
2466 2467 389278
2467 2468 553241
2468 2469 303789
2469 2470 241822
2470 2471 279179
2471 2472 464741
2472 2473 154706
2473 2474 722661
2474 2475 529497
2475 2476 40130
2476 2477 241073
2477 2478 64689
2478 2479 870662
2479 2480 725772
2480 2481 984854
2481 2482 488219
2482 2483 4040
2483 2484 588848
2484 2485 370482
2485 2486 697590
2486 2487 7478
2487 2488 79259
2488 2489 351548
2489 2490 984172
2490 2491 734023
2491 2492 553916
2492 2493 353477
2493 2494 260631
2494 2495 211470
2495 2496 616954
2496 2497 92219
2497 2498 388271
2498 2499 372951
2499 2500 102292
2500 2501 407523
2501 2502 183493
2502 2503 456990
2503 2504 736782
2504 2505 821920
2505 2506 424008
2506 2507 246584
2507 2508 325309
2508 2509 977539
2509 2510 81202
2510 2511 455761
2511 2512 431523
2512 2513 763886
2513 2514 497880
2514 2515 443913
2515 2516 569528
2516 2517 423692
2517 2518 682078
2518 2519 50453
2519 2520 971753
2520 2521 524002
2521 2522 852946
2522 2523 927767
2523 2524 478128
2524 2525 992172
2525 2526 635960
2526 2527 651033
2527 2528 267546
2528 2529 314484
2529 2530 340435
2530 2531 192444
2531 2532 600843
2532 2533 15037
2533 2534 415570
2534 2535 305572
2535 2536 469891
2536 2537 403219
2537 2538 409534
2538 2539 250646
2539 2540 680464
2540 2541 482535
2541 2542 877755
2542 2543 793961
2543 2544 947983
2544 2545 335439
2545 2546 483140
2546 2547 566682
2547 2548 528456
2548 2549 374106
2549 2550 853221
2550 2551 833162
2551 2552 476977
2552 2553 232868
2553 2554 217516
2554 2555 807809
2555 2556 988720
2556 2557 68829
2557 2558 380417
2558 2559 250675
2559 2560 903453
2560 2561 533319
2561 2562 389759
2562 2563 672315
2563 2564 312592
2564 2565 373572
2565 2566 247979
2566 2567 154354
2567 2568 788055
2568 2569 315642
2569 2570 468152
2570 2571 83665
2571 2572 571048
2572 2573 329658
2573 2574 507666
2574 2575 346742
2575 2576 141882
2576 2577 27866
2577 2578 655298
2578 2579 357717
2579 2580 271861
2580 2581 683182
2581 2582 42655
2582 2583 772104
2583 2584 828602
2584 2585 891489
2585 2586 346863
2586 2587 328203
2587 2588 579619
2588 2589 699457
2589 2590 861826
2590 2591 527796
2591 2592 445270
2592 2593 166623
2593 2594 313433
2594 2595 57167
2595 2596 72917
2596 2597 977176
2597 2598 203631
2598 2599 599883
2599 2600 6223
2600 2601 307359
2601 2602 172150
2602 2603 981217
2603 2604 333318
2604 2605 631950
2605 2606 995626
2606 2607 279684
2607 2608 794656
2608 2609 892373
2609 2610 721190
2610 2611 119704
2611 2612 782501
2612 2613 303997
2613 2614 588911
2614 2615 564683
2615 2616 106970
2616 2617 61033
2617 2618 979221
2618 2619 468736
2619 2620 375119
2620 2621 690144
2621 2622 156682
2622 2623 579613
2623 2624 859822
2624 2625 743901
2625 2626 350883
2626 2627 513729
2627 2628 612229
2628 2629 837329
2629 2630 924259
2630 2631 95770
2631 2632 182156
2632 2633 351422
2633 2634 949506
2634 2635 926909
2635 2636 120991
2636 2637 498338
2637 2638 333049
2638 2639 222155
2639 2640 761898
2640 2641 317400
2641 2642 180837
2642 2643 102319
2643 2644 562450
2644 2645 91614
2645 2646 675673
2646 2647 668767
2647 2648 757673
2648 2649 259490
2649 2650 816631
2650 2651 897125
2651 2652 308180
2652 2653 794911
2653 2654 16999
2654 2655 132098
2655 2656 484479
2656 2657 665733
2657 2658 430539
2658 2659 230708
2659 2660 695032
2660 2661 629451
2661 2662 344371
2662 2663 681085
2663 2664 192217
2664 2665 727555
2665 2666 980374
2666 2667 293447
2667 2668 184106
2668 2669 206387
2669 2670 486329
2670 2671 337367
2671 2672 547050
2672 2673 723654
2673 2674 9729
2674 2675 246272
2675 2676 33621
2676 2677 589624
2677 2678 415253
2678 2679 458561
2679 2680 675780
2680 2681 358553
2681 2682 417001
2682 2683 517132
2683 2684 288285
2684 2685 942522
2685 2686 417101
2686 2687 578775
2687 2688 370271
2688 2689 499369
2689 2690 530535
2690 2691 616407
2691 2692 308006
2692 2693 897757
2693 2694 991851
2694 2695 47944
2695 2696 276530
2696 2697 913351
2697 2698 629186
2698 2699 538811
2699 2700 454399
2700 2701 192783
2701 2702 905975
2702 2703 566064
2703 2704 116135
2704 2705 157774
2705 2706 831251
2706 2707 400570
2707 2708 53173
2708 2709 414880
2709 2710 573196
2710 2711 501953
2711 2712 696795
2712 2713 716394
2713 2714 762626
2714 2715 819775
2715 2716 130517
2716 2717 199393
2717 2718 208469
2718 2719 352469
2719 2720 298576
2720 2721 162531
2721 2722 501855
2722 2723 779949
2723 2724 537456
2724 2725 706355
2725 2726 723060
2726 2727 394918
2727 2728 287037
2728 2729 104940
2729 2730 911475
2730 2731 526643
2731 2732 439834
2732 2733 823022
2733 2734 15394
2734 2735 559245
2735 2736 398790
2736 2737 744718
2737 2738 995928
2738 2739 426953
2739 2740 966085
2740 2741 910812
2741 2742 523789
2742 2743 259019
2743 2744 236680
2744 2745 702513
2745 2746 277122
2746 2747 222019
2747 2748 810363
2748 2749 492227
2749 2750 101827
2750 2751 26709
2751 2752 255584
2752 2753 857312
2753 2754 506820
2754 2755 283005
2755 2756 994072
2756 2757 599488
2757 2758 31958
2758 2759 270750
2759 2760 735874
2760 2761 293859
2761 2762 77818
2762 2763 29968
2763 2764 101050
2764 2765 235055
2765 2766 153952
2766 2767 225269
2767 2768 875343
2768 2769 137543
2769 2770 307115
2770 2771 412785
2771 2772 536231
2772 2773 225657
2773 2774 641439
2774 2775 266847
2775 2776 127160
2776 2777 736435
2777 2778 141447
2778 2779 62436
2779 2780 905416
2780 2781 531354
2781 2782 186424
2782 2783 883136
2783 2784 127128
2784 2785 263978
2785 2786 87292
2786 2787 476574
2787 2788 309471
2788 2789 328666
2789 2790 803021
2790 2791 698513
2791 2792 208967
2792 2793 80843
2793 2794 639692
2794 2795 123376
2795 2796 209382
2796 2797 850446
2797 2798 742731
2798 2799 485823
2799 2800 39329
2800 2801 666246
2801 2802 415658
2802 2803 42651
2803 2804 444718
2804 2805 461626
2805 2806 141211
2806 2807 506043
2807 2808 489318
2808 2809 603581
2809 2810 811921
2810 2811 637859
2811 2812 729984
2812 2813 546020
2813 2814 578254
2814 2815 734615
2815 2816 923497
2816 2817 819702
2817 2818 498701
2818 2819 124360
2819 2820 330381
2820 2821 541311
2821 2822 850991
2822 2823 616997
2823 2824 834443
2824 2825 768451
2825 2826 995645
2826 2827 154173
2827 2828 972479
2828 2829 507810
2829 2830 739348
2830 2831 179907
2831 2832 754434
2832 2833 165597
2833 2834 482120
2834 2835 760410
2835 2836 676243
2836 2837 673107
2837 2838 241483
2838 2839 585305
2839 2840 799800
2840 2841 867163
2841 2842 472026
2842 2843 367698
2843 2844 426374
2844 2845 424630
2845 2846 464446
2846 2847 454323
2847 2848 733457
2848 2849 870728
2849 2850 13639
2850 2851 434903
2851 2852 67138
2852 2853 538741
2853 2854 511451
2854 2855 247747
2855 2856 824502
2856 2857 47463
2857 2858 505253
2858 2859 326702
2859 2860 563908
2860 2861 562431
2861 2862 209640
2862 2863 365126
2863 2864 221187
2864 2865 836682
2865 2866 83058
2866 2867 200074
2867 2868 143748
2868 2869 967409
2869 2870 261913
2870 2871 929804
2871 2872 688008
2872 2873 238711
2873 2874 244360
2874 2875 341594
2875 2876 98544
2876 2877 290159
2877 2878 815530
2878 2879 64139
2879 2880 497559
2880 2881 899538
2881 2882 859990
2882 2883 915958
2883 2884 939828
2884 2885 143263
2885 2886 507392
2886 2887 316041
2887 2888 817708
2888 2889 83948
2889 2890 109072
2890 2891 688891
2891 2892 416395
2892 2893 495441
2893 2894 197392
2894 2895 111218
2895 2896 365848
2896 2897 857395
2897 2898 474269
2898 2899 314989
2899 2900 184394
2900 2901 283974
2901 2902 991783
2902 2903 699490
2903 2904 700024
2904 2905 511339
2905 2906 562658
2906 2907 640589
2907 2908 630999
2908 2909 163894
2909 2910 659065
2910 2911 348353
2911 2912 373254
2912 2913 784146
2913 2914 960196
2914 2915 508084
2915 2916 242975
2916 2917 289035
2917 2918 849823
2918 2919 342783
2919 2920 76383
2920 2921 577076
2921 2922 62396
2922 2923 147682
2923 2924 537704
2924 2925 754712
2925 2926 51968
2926 2927 205582
2927 2928 146270
2928 2929 904308
2929 2930 533079
2930 2931 432449
2931 2932 444152
2932 2933 965480
2933 2934 264874
2934 2935 296230
2935 2936 500335
2936 2937 760319
2937 2938 72634
2938 2939 95676
2939 2940 56955
2940 2941 215034
2941 2942 607300
2942 2943 722674
2943 2944 332226
2944 2945 64261
2945 2946 893781
2946 2947 299521
2947 2948 411602
2948 2949 672571
2949 2950 940426
2950 2951 521334
2951 2952 181186
2952 2953 588518
2953 2954 401421
2954 2955 709359
2955 2956 780877
2956 2957 957904
2957 2958 315465
2958 2959 421714
2959 2960 211764
2960 2961 252126
2961 2962 389214
2962 2963 971083
2963 2964 907785
2964 2965 652580
2965 2966 640470
2966 2967 765031
2967 2968 503803
2968 2969 482294
2969 2970 280978
2970 2971 784498
2971 2972 974938
2972 2973 3842
2973 2974 301901
2974 2975 324667
2975 2976 780439
2976 2977 900326
2977 2978 406939
2978 2979 32952
2979 2980 565774
2980 2981 414532
2981 2982 691619
2982 2983 202592
2983 2984 38825
2984 2985 666724
2985 2986 848030
2986 2987 640651
2987 2988 897286
2988 2989 336472
2989 2990 99914
2990 2991 362870
2991 2992 702057
2992 2993 956309
2993 2994 736163
2994 2995 913187
2995 2996 707819
2996 2997 537249
2997 2998 212693
2998 2999 684781
2999 3000 758119
3000 3001 208479
3001 3002 48766
3002 3003 987326
3003 3004 246145
3004 3005 213225
3005 3006 317261
3006 3007 929858
3007 3008 345589
3008 3009 35771
3009 3010 514972
3010 3011 141991
3011 3012 19933
3012 3013 653817
3013 3014 214369
3014 3015 416449
3015 3016 888040
3016 3017 105566
3017 3018 357407
3018 3019 77577
3019 3020 402215
3020 3021 809366
3021 3022 549840
3022 3023 318259
3023 3024 982533
3024 3025 708761
3025 3026 263193
3026 3027 3354
3027 3028 690607
3028 3029 368998
3029 3030 523902
3030 3031 273249
3031 3032 206413
3032 3033 722048
3033 3034 746696
3034 3035 464789
3035 3036 579810
3036 3037 331738
3037 3038 693747
3038 3039 717394
3039 3040 383157
3040 3041 714762
3041 3042 885562
3042 3043 490036
3043 3044 880910
3044 3045 330244
3045 3046 69856
3046 3047 548393
3047 3048 124938
3048 3049 340746
3049 3050 108879
3050 3051 195776
3051 3052 953486
3052 3053 236900
3053 3054 19079
3054 3055 242411
3055 3056 976863
3056 3057 720026
3057 3058 989535
3058 3059 879815
3059 3060 189804
3060 3061 55880
3061 3062 582425
3062 3063 977800
3063 3064 952508
3064 3065 737695
3065 3066 218486
3066 3067 951973
3067 3068 719096
3068 3069 366580
3069 3070 924649
3070 3071 239628
3071 3072 312514
3072 3073 964468
3073 3074 387099
3074 3075 202236
3075 3076 846754
3076 3077 325444
3077 3078 77969
3078 3079 193724
3079 3080 375172
3080 3081 462496
3081 3082 901850
3082 3083 281120
3083 3084 258952
3084 3085 919817
3085 3086 945693
3086 3087 127683
3087 3088 320870
3088 3089 695354
3089 3090 910191
3090 3091 700912
3091 3092 433774
3092 3093 122427
3093 3094 245200
3094 3095 900270
3095 3096 60524
3096 3097 982754
3097 3098 875702
3098 3099 131694
3099 3100 475098
3100 3101 403189
3101 3102 91738
3102 3103 328789
3103 3104 63858
3104 3105 865812
3105 3106 32431
3106 3107 426619
3107 3108 270976
3108 3109 952304
3109 3110 493290
3110 3111 836818
3111 3112 795448
3112 3113 22759
3113 3114 766131
3114 3115 65894
3115 3116 242509
3116 3117 799465
3117 3118 688514
3118 3119 949703
3119 3120 536082
3120 3121 88521
3121 3122 906595
3122 3123 779010
3123 3124 411849
3124 3125 752031
3125 3126 990119
3126 3127 235213
3127 3128 846168
3128 3129 324697
3129 3130 311621
3130 3131 36730
3131 3132 878159
3132 3133 802984
3133 3134 539003
3134 3135 866921
3135 3136 607753
3136 3137 374224
3137 3138 107160
3138 3139 759083
3139 3140 796168
3140 3141 631656
3141 3142 324722
3142 3143 828407
3143 3144 799401
3144 3145 297524
3145 3146 310281
3146 3147 212742
3147 3148 731357
3148 3149 855993
3149 3150 845507
3150 3151 676181
3151 3152 176551
3152 3153 340972
3153 3154 353131
3154 3155 874540
3155 3156 531965
3156 3157 960503
3157 3158 342982
3158 3159 13967
3159 3160 721457
3160 3161 813579
3161 3162 498049
3162 3163 410962
3163 3164 701467
3164 3165 199558
3165 3166 569469
3166 3167 43958
3167 3168 227013
3168 3169 186962
3169 3170 535808
3170 3171 107676
3171 3172 219243
3172 3173 668041
3173 3174 932138
3174 3175 381566
3175 3176 78651
3176 3177 808093
3177 3178 302851
3178 3179 457991
3179 3180 494576
3180 3181 183905
3181 3182 486110
3182 3183 229233
3183 3184 621954
3184 3185 689297
3185 3186 143376
3186 3187 776412
3187 3188 280645
3188 3189 920366
3189 3190 890194
3190 3191 423534
3191 3192 247895
3192 3193 473419
3193 3194 710560
3194 3195 580708
3195 3196 744101
3196 3197 967993
3197 3198 195306
3198 3199 250525
3199 3200 539439
3200 3201 344024
3201 3202 974958
3202 3203 820674
3203 3204 385251
3204 3205 291631
3205 3206 422287
3206 3207 611039
3207 3208 235481
3208 3209 934404
3209 3210 968341
3210 3211 840840
3211 3212 779647
3212 3213 304245
3213 3214 914924
3214 3215 95140
3215 3216 449060
3216 3217 85679
3217 3218 157607
3218 3219 289971
3219 3220 220417
3220 3221 13114
3221 3222 846658
3222 3223 652382
3223 3224 248065
3224 3225 89324
3225 3226 206668
3226 3227 407240
3227 3228 714208
3228 3229 365593
3229 3230 639805
3230 3231 526201
3231 3232 423863
3232 3233 417940
3233 3234 621312
3234 3235 970619
3235 3236 159248
3236 3237 309636
3237 3238 517525
3238 3239 325856
3239 3240 602622
3240 3241 826175
3241 3242 364608
3242 3243 545334
3243 3244 789346
3244 3245 148885
3245 3246 452306
3246 3247 74240
3247 3248 13824
3248 3249 850066
3249 3250 936741
3250 3251 84321
3251 3252 141712
3252 3253 155970
3253 3254 271728
3254 3255 111535
3255 3256 932020
3256 3257 125294
3257 3258 386842
3258 3259 972935
3259 3260 128072
3260 3261 817408
3261 3262 880446
3262 3263 901903
3263 3264 376573
3264 3265 240044
3265 3266 786627
3266 3267 842583
3267 3268 171062
3268 3269 192587
3269 3270 777345
3270 3271 796465
3271 3272 187663
3272 3273 301412
3273 3274 345383
3274 3275 343604
3275 3276 206663
3276 3277 925901
3277 3278 452740
3278 3279 209840
3279 3280 499401
3280 3281 685591
3281 3282 581875
3282 3283 312091
3283 3284 462504
3284 3285 468798
3285 3286 955555
3286 3287 483020
3287 3288 65691
3288 3289 372170
3289 3290 808705
3290 3291 248844
3291 3292 648003
3292 3293 647279
3293 3294 697409
3294 3295 434802
3295 3296 9377
3296 3297 832703
3297 3298 409997
3298 3299 168350
3299 3300 630391
3300 3301 858609
3301 3302 607897
3302 3303 822448
3303 3304 46443
3304 3305 956233
3305 3306 656537
3306 3307 580580
3307 3308 979404
3308 3309 252124
3309 3310 382751
3310 3311 618453
3311 3312 489680
3312 3313 532991
3313 3314 533672
3314 3315 775448
3315 3316 338177
3316 3317 341043
3317 3318 960838
3318 3319 162705
3319 3320 344471
3320 3321 498889
3321 3322 598917
3322 3323 84918
3323 3324 287924
3324 3325 358395
3325 3326 313379
3326 3327 795160
3327 3328 293678
3328 3329 641528
3329 3330 341533
3330 3331 810493
3331 3332 886768
3332 3333 3886
3333 3334 28700
3334 3335 494707
3335 3336 315291
3336 3337 977859
3337 3338 848
3338 3339 665354
3339 3340 878986
3340 3341 778207
3341 3342 481693
3342 3343 613330
3343 3344 529907
3344 3345 530732
3345 3346 239510
3346 3347 392993
3347 3348 643380
3348 3349 896614
3349 3350 125825
3350 3351 795783
3351 3352 312697
3352 3353 569352
3353 3354 547803
3354 3355 401570
3355 3356 454231
3356 3357 999266
3357 3358 718748
3358 3359 487386
3359 3360 98938
3360 3361 526106
3361 3362 227590
3362 3363 836331
3363 3364 836629
3364 3365 993397
3365 3366 401193
3366 3367 731009
3367 3368 145381
3368 3369 247801
3369 3370 483257
3370 3371 657986
3371 3372 442172
3372 3373 977301
3373 3374 240042
3374 3375 488236
3375 3376 255502
3376 3377 870030
3377 3378 438121
3378 3379 370153
3379 3380 247443
3380 3381 146640
3381 3382 468125
3382 3383 944354
3383 3384 967145
3384 3385 964933
3385 3386 838821
3386 3387 749875
3387 3388 5832
3388 3389 842188
3389 3390 433150
3390 3391 72361
3391 3392 825906
3392 3393 70902
3393 3394 11522
3394 3395 121110
3395 3396 355321
3396 3397 374904
3397 3398 382735
3398 3399 116118
3399 3400 317067
3400 3401 602636
3401 3402 634314
3402 3403 419095
3403 3404 551131
3404 3405 441035
3405 3406 569825
3406 3407 14653
3407 3408 795299
3408 3409 624168
3409 3410 230782
3410 3411 493660
3411 3412 196907
3412 3413 353505
3413 3414 71026
3414 3415 823496
3415 3416 774299
3416 3417 228571
3417 3418 210178
3418 3419 45592
3419 3420 139117
3420 3421 388643
3421 3422 811200
3422 3423 794887
3423 3424 63374
3424 3425 171289
3425 3426 425963
3426 3427 646223
3427 3428 159833
3428 3429 765494
3429 3430 139307
3430 3431 883952
3431 3432 454680
3432 3433 764202
3433 3434 36155
3434 3435 906217
3435 3436 399127
3436 3437 905851
3437 3438 445638
3438 3439 821464
3439 3440 182313
3440 3441 637642
3441 3442 583748
3442 3443 692210
3443 3444 829501
3444 3445 285341
3445 3446 550447
3446 3447 714157
3447 3448 474240
3448 3449 802576
3449 3450 162502
3450 3451 554430
3451 3452 721203
3452 3453 199277
3453 3454 75527
3454 3455 526330
3455 3456 375502
3456 3457 770071
3457 3458 933240
3458 3459 651872
3459 3460 515595
3460 3461 319095
3461 3462 157967
3462 3463 913923
3463 3464 770770
3464 3465 214629
3465 3466 969530
3466 3467 605886
3467 3468 472030
3468 3469 134269
3469 3470 433062
3470 3471 100240
3471 3472 606542
3472 3473 590205
3473 3474 607828
3474 3475 252375
3475 3476 541588
3476 3477 179826
3477 3478 345639
3478 3479 642130
3479 3480 210794
3480 3481 601453
3481 3482 886439
3482 3483 700119
3483 3484 944922
3484 3485 34836
3485 3486 885393
3486 3487 264634
3487 3488 895683
3488 3489 337116
3489 3490 853224
3490 3491 677505
3491 3492 339614
3492 3493 283012
3493 3494 95501
3494 3495 170905
3495 3496 808004
3496 3497 904141
3497 3498 475026
3498 3499 140567
3499 3500 352476
3500 3501 174438
3501 3502 221324
3502 3503 939669
3503 3504 93055
3504 3505 296177
3505 3506 243977
3506 3507 12703
3507 3508 518925
3508 3509 738615
3509 3510 198937
3510 3511 264434
3511 3512 484833
3512 3513 914104
3513 3514 496622
3514 3515 637257
3515 3516 833810
3516 3517 939652
3517 3518 876383
3518 3519 115113
3519 3520 807267
3520 3521 816257
3521 3522 306103
3522 3523 489477
3523 3524 363697
3524 3525 718473
3525 3526 716123
3526 3527 234032
3527 3528 914042
3528 3529 771856
3529 3530 662430
3530 3531 616085
3531 3532 797531
3532 3533 351367
3533 3534 982355
3534 3535 362291
3535 3536 663521
3536 3537 38232
3537 3538 325994
3538 3539 785669
3539 3540 395867
3540 3541 602239
3541 3542 337359
3542 3543 730006
3543 3544 549110
3544 3545 359540
3545 3546 11587
3546 3547 169598
3547 3548 546896
3548 3549 592365
3549 3550 522317
3550 3551 409019
3551 3552 15364
3552 3553 834645
3553 3554 419636
3554 3555 457252
3555 3556 630339
3556 3557 510956
3557 3558 411540
3558 3559 928589
3559 3560 51331
3560 3561 73293
3561 3562 327908
3562 3563 112969
3563 3564 878627
3564 3565 231974
3565 3566 710007
3566 3567 839828
3567 3568 763693
3568 3569 526943
3569 3570 806330
3570 3571 634639
3571 3572 3223
3572 3573 624306
3573 3574 586886
3574 3575 747524
3575 3576 327550
3576 3577 368034
3577 3578 476583
3578 3579 931664
3579 3580 501195
3580 3581 154839
3581 3582 48546
3582 3583 183088
3583 3584 211683
3584 3585 625383
3585 3586 899929
3586 3587 347982
3587 3588 923684
3588 3589 481230
3589 3590 251103
3590 3591 9480
3591 3592 671527
3592 3593 649771
3593 3594 542490
3594 3595 508097
3595 3596 793119
3596 3597 844505
3597 3598 640558
3598 3599 738590
3599 3600 47124
3600 3601 29798
3601 3602 786647
3602 3603 252135
3603 3604 805490
3604 3605 743751
3605 3606 866291
3606 3607 462380
3607 3608 774447
3608 3609 226311
3609 3610 33190
3610 3611 20274
3611 3612 125381
3612 3613 446588
3613 3614 93273
3614 3615 126705
3615 3616 927648
3616 3617 840925
3617 3618 99375
3618 3619 945018
3619 3620 873715
3620 3621 656799
3621 3622 590995
3622 3623 732091
3623 3624 706195
3624 3625 90583
3625 3626 746640
3626 3627 463452
3627 3628 977701
3628 3629 169212
3629 3630 529646
3630 3631 31480
3631 3632 79186
3632 3633 774804
3633 3634 167701
3634 3635 422887
3635 3636 437045
3636 3637 10976
3637 3638 366800
3638 3639 492197
3639 3640 378417
3640 3641 837711
3641 3642 561139
3642 3643 672672
3643 3644 194915
3644 3645 382314
3645 3646 385348
3646 3647 135032
3647 3648 945202
3648 3649 267714
3649 3650 564243
3650 3651 842119
3651 3652 938079
3652 3653 920884
3653 3654 68890
3654 3655 894314
3655 3656 324193
3656 3657 368473
3657 3658 284413
3658 3659 494706
3659 3660 37986
3660 3661 286447
3661 3662 904205
3662 3663 410022
3663 3664 775809
3664 3665 776051
3665 3666 65140
3666 3667 595502
3667 3668 145582
3668 3669 768261
3669 3670 383232
3670 3671 269210
3671 3672 141722
3672 3673 555053
3673 3674 438816
3674 3675 156009
3675 3676 686149
3676 3677 380259
3677 3678 692957
3678 3679 914255
3679 3680 687950
3680 3681 486073
3681 3682 526111
3682 3683 815719
3683 3684 35148
3684 3685 602395
3685 3686 895640
3686 3687 377693
3687 3688 461255
3688 3689 211201
3689 3690 895703
3690 3691 790612
3691 3692 392290
3692 3693 444509
3693 3694 542838
3694 3695 540582
3695 3696 795597
3696 3697 20591
3697 3698 252304
3698 3699 455331
3699 3700 618893
3700 3701 735916
3701 3702 274996
3702 3703 546287
3703 3704 658558
3704 3705 112205
3705 3706 699770
3706 3707 881562
3707 3708 989336
3708 3709 100315
3709 3710 657219
3710 3711 30383
3711 3712 959809
3712 3713 493212
3713 3714 11512
3714 3715 951404
3715 3716 499842
3716 3717 418522
3717 3718 839114
3718 3719 197218
3719 3720 628633
3720 3721 615785
3721 3722 2227
3722 3723 815816
3723 3724 59054
3724 3725 74344
3725 3726 449392
3726 3727 705748
3727 3728 127655
3728 3729 787604
3729 3730 55275
3730 3731 714271
3731 3732 126579
3732 3733 775328
3733 3734 120997
3734 3735 415888
3735 3736 286231
3736 3737 287226
3737 3738 819632
3738 3739 24209
3739 3740 209118
3740 3741 968819
3741 3742 975858
3742 3743 782988
3743 3744 650959
3744 3745 773462
3745 3746 462146
3746 3747 580825
3747 3748 925276
3748 3749 963383
3749 3750 108166
3750 3751 784433
3751 3752 92517
3752 3753 529323
3753 3754 402669
3754 3755 860166
3755 3756 991214
3756 3757 490331
3757 3758 732110
3758 3759 53473
3759 3760 287493
3760 3761 366687
3761 3762 423220
3762 3763 412742
3763 3764 105929
3764 3765 388880
3765 3766 993950
3766 3767 884455
3767 3768 113338
3768 3769 468510
3769 3770 699358
3770 3771 167043
3771 3772 920531
3772 3773 361955
3773 3774 865130
3774 3775 4581
3775 3776 674290
3776 3777 252235
3777 3778 167167
3778 3779 945573
3779 3780 113164
3780 3781 188533
3781 3782 880370
3782 3783 34779
3783 3784 794223
3784 3785 151022
3785 3786 670633
3786 3787 206021
3787 3788 546806
3788 3789 594294
3789 3790 267039
3790 3791 903117
3791 3792 539851
3792 3793 880997
3793 3794 178246
3794 3795 122501
3795 3796 814168
3796 3797 133690
3797 3798 849481
3798 3799 184683
3799 3800 626798
3800 3801 800804
3801 3802 792943
3802 3803 866929
3803 3804 590816
3804 3805 740148
3805 3806 365271
3806 3807 193001
3807 3808 535619
3808 3809 86682
3809 3810 745202
3810 3811 539153
3811 3812 210967
3812 3813 538868
3813 3814 361476
3814 3815 518711
3815 3816 640147
3816 3817 697132
3817 3818 300052
3818 3819 53997
3819 3820 943829
3820 3821 949518
3821 3822 997159
3822 3823 920909
3823 3824 720642
3824 3825 310348
3825 3826 892746
3826 3827 866441
3827 3828 565158
3828 3829 56744
3829 3830 213749
3830 3831 45051
3831 3832 898922
3832 3833 443720
3833 3834 249994
3834 3835 569824
3835 3836 386396
3836 3837 188395
3837 3838 677958
3838 3839 542628
3839 3840 481723
3840 3841 236414
3841 3842 510589
3842 3843 951572
3843 3844 936015
3844 3845 886471
3845 3846 275121
3846 3847 948168
3847 3848 595222
3848 3849 299903
3849 3850 326942
3850 3851 305656
3851 3852 949835
3852 3853 445507
3853 3854 481199
3854 3855 229416
3855 3856 370504
3856 3857 284406
3857 3858 395173
3858 3859 393318
3859 3860 166822
3860 3861 752586
3861 3862 845678
3862 3863 584005
3863 3864 909075
3864 3865 490845
3865 3866 442615
3866 3867 478390
3867 3868 573415
3868 3869 257714
3869 3870 796750
3870 3871 13907
3871 3872 351340
3872 3873 173509
3873 3874 462865
3874 3875 804818
3875 3876 249100
3876 3877 679016
3877 3878 258243
3878 3879 396761
3879 3880 971719
3880 3881 893267
3881 3882 302347
3882 3883 321606
3883 3884 854774
3884 3885 499914
3885 3886 981787
3886 3887 845035
3887 3888 284416
3888 3889 900552
3889 3890 565253
3890 3891 634922
3891 3892 472457
3892 3893 84495
3893 3894 27524
3894 3895 607798
3895 3896 213165
3896 3897 566446
3897 3898 245329
3898 3899 481721
3899 3900 671940
3900 3901 648540
3901 3902 213350
3902 3903 329948
3903 3904 243036
3904 3905 656013
3905 3906 848116
3906 3907 507382
3907 3908 544373
3908 3909 330928
3909 3910 834370
3910 3911 29717
3911 3912 356467
3912 3913 621290
3913 3914 615618
3914 3915 9891
3915 3916 242965
3916 3917 351604
3917 3918 818344
3918 3919 833886
3919 3920 942842
3920 3921 294217
3921 3922 369688
3922 3923 319609
3923 3924 936002
3924 3925 312328
3925 3926 624048
3926 3927 560511
3927 3928 788816
3928 3929 777088
3929 3930 740334
3930 3931 513150
3931 3932 87434
3932 3933 727286
3933 3934 29300
3934 3935 154354
3935 3936 474591
3936 3937 452641
3937 3938 642038
3938 3939 641671
3939 3940 205105
3940 3941 769031
3941 3942 526603
3942 3943 255706
3943 3944 125997
3944 3945 241280
3945 3946 342980
3946 3947 781100
3947 3948 892706
3948 3949 711422
3949 3950 95750
3950 3951 180991
3951 3952 559240
3952 3953 104454
3953 3954 602788
3954 3955 619197
3955 3956 213615
3956 3957 898399
3957 3958 897644
3958 3959 718063
3959 3960 490031
3960 3961 243540
3961 3962 670210
3962 3963 377316
3963 3964 173864
3964 3965 706403
3965 3966 737930
3966 3967 993797
3967 3968 535610
3968 3969 248389
3969 3970 445018
3970 3971 582378
3971 3972 529504
3972 3973 837589
3973 3974 216203
3974 3975 438175
3975 3976 637143
3976 3977 685082
3977 3978 632303
3978 3979 687547
3979 3980 164672
3980 3981 993845
3981 3982 179862
3982 3983 756893
3983 3984 775191
3984 3985 584690
3985 3986 892496
3986 3987 812951
3987 3988 789373
3988 3989 775858
3989 3990 858539
3990 3991 492449
3991 3992 329933
3992 3993 41906
3993 3994 644186
3994 3995 63664
3995 3996 34267
3996 3997 762318
3997 3998 145303
3998 3999 378183
3999 4000 756352
4000 4001 675124
4001 4002 677759
4002 4003 83689
4003 4004 272416
4004 4005 611516
4005 4006 983997
4006 4007 317191
4007 4008 370834
4008 4009 718365
4009 4010 37100
4010 4011 662202
4011 4012 83413
4012 4013 930985
4013 4014 216815
4014 4015 94241
4015 4016 375078
4016 4017 190053
4017 4018 795839
4018 4019 921648
4019 4020 85376
4020 4021 988897
4021 4022 553072
4022 4023 891882
4023 4024 228374
4024 4025 374243
4025 4026 508875
4026 4027 534979
4027 4028 774983
4028 4029 443888
4029 4030 321911
4030 4031 383421
4031 4032 435060
4032 4033 587259
4033 4034 687004
4034 4035 779795
4035 4036 206658
4036 4037 165033
4037 4038 240257
4038 4039 644864
4039 4040 806665
4040 4041 803907
4041 4042 865632
4042 4043 353679
4043 4044 514821
4044 4045 567614
4045 4046 319957
4046 4047 90975
4047 4048 861026
4048 4049 285296
4049 4050 399048
4050 4051 904110
4051 4052 769872
4052 4053 344889
4053 4054 708890
4054 4055 669766
4055 4056 532239
4056 4057 274463
4057 4058 222491
4058 4059 746431
4059 4060 327047
4060 4061 189381
4061 4062 961696
4062 4063 820367
4063 4064 340203
4064 4065 711072
4065 4066 932696
4066 4067 28991
4067 4068 910144
4068 4069 60105
4069 4070 479838
4070 4071 247470
4071 4072 654905
4072 4073 779342
4073 4074 393569
4074 4075 694283
4075 4076 648684
4076 4077 622789
4077 4078 983361
4078 4079 514751
4079 4080 120368
4080 4081 252318
4081 4082 915310
4082 4083 46024
4083 4084 134414
4084 4085 483338
4085 4086 314372
4086 4087 766202
4087 4088 316287
4088 4089 308532
4089 4090 130520
4090 4091 957978
4091 4092 47054
4092 4093 507860
4093 4094 822981
4094 4095 367859
4095 4096 689987
4096 4097 648056
4097 4098 427071
4098 4099 390937
4099 4100 86913
4100 4101 244270
4101 4102 124139
4102 4103 976362
4103 4104 327641
4104 4105 37377
4105 4106 472081
4106 4107 724335
4107 4108 349783
4108 4109 720351
4109 4110 869798
4110 4111 529200
4111 4112 800938
4112 4113 67266
4113 4114 346947
4114 4115 773668
4115 4116 135257
4116 4117 114479
4117 4118 901779
4118 4119 980979
4119 4120 306333
4120 4121 278721
4121 4122 972715
4122 4123 112708
4123 4124 861309
4124 4125 592442
4125 4126 180637
4126 4127 795349
4127 4128 832871
4128 4129 23178
4129 4130 944381
4130 4131 631796
4131 4132 306723
4132 4133 311854
4133 4134 913431
4134 4135 452175
4135 4136 530886
4136 4137 679079
4137 4138 998025
4138 4139 727340
4139 4140 673561
4140 4141 652427
4141 4142 303017
4142 4143 292282
4143 4144 727620
4144 4145 87403
4145 4146 770607
4146 4147 321294
4147 4148 832094
4148 4149 316032
4149 4150 15267
4150 4151 35038
4151 4152 42525
4152 4153 977553
4153 4154 425865
4154 4155 721848
4155 4156 673029
4156 4157 678152
4157 4158 121678
4158 4159 975326
4159 4160 40480
4160 4161 418549
4161 4162 922473
4162 4163 56704
4163 4164 860104
4164 4165 196685
4165 4166 987995
4166 4167 962831
4167 4168 428537
4168 4169 570683
4169 4170 154785
4170 4171 52904
4171 4172 639951
4172 4173 440471
4173 4174 836317
4174 4175 603720
4175 4176 384883
4176 4177 795356
4177 4178 483921
4178 4179 542111
4179 4180 396027
4180 4181 306466
4181 4182 53842
4182 4183 625383
4183 4184 646755
4184 4185 102784
4185 4186 255585
4186 4187 396478
4187 4188 47892
4188 4189 68158
4189 4190 642241
4190 4191 168799
4191 4192 373187
4192 4193 513318
4193 4194 738731
4194 4195 302843
4195 4196 278977
4196 4197 34958
4197 4198 667688
4198 4199 928216
4199 4200 954448
4200 4201 987902
4201 4202 884220
4202 4203 560029
4203 4204 689202
4204 4205 950003
4205 4206 4780
4206 4207 241582
4207 4208 764626
4208 4209 221426
4209 4210 62637
4210 4211 550155
4211 4212 25596
4212 4213 637533
4213 4214 59451
4214 4215 447675
4215 4216 474503
4216 4217 663965
4217 4218 659920
4218 4219 626238
4219 4220 487222
4220 4221 302470
4221 4222 552314
4222 4223 116661
4223 4224 781556
4224 4225 91641
4225 4226 870442
4226 4227 375818
4227 4228 286556
4228 4229 672118
4229 4230 95130
4230 4231 398878
4231 4232 845348
4232 4233 376456
4233 4234 684931
4234 4235 959476
4235 4236 883518
4236 4237 114002
4237 4238 517768
4238 4239 121394
4239 4240 573458
4240 4241 412480
4241 4242 191494
4242 4243 438676
4243 4244 88957
4244 4245 575111
4245 4246 274412
4246 4247 422402
4247 4248 198648
4248 4249 132343
4249 4250 413841
4250 4251 689267
4251 4252 840081
4252 4253 839357
4253 4254 515390
4254 4255 260377
4255 4256 352442
4256 4257 970550
4257 4258 661486
4258 4259 363124
4259 4260 567888
4260 4261 503814
4261 4262 440811
4262 4263 312427
4263 4264 72931
4264 4265 176182
4265 4266 761734
4266 4267 713118
4267 4268 459729
4268 4269 539114
4269 4270 929509
4270 4271 125861
4271 4272 865206
4272 4273 159900
4273 4274 59420
4274 4275 728261
4275 4276 504774
4276 4277 152614
4277 4278 55155
4278 4279 618078
4279 4280 311663
4280 4281 695147
4281 4282 427248
4282 4283 98416
4283 4284 17851
4284 4285 718224
4285 4286 209147
4286 4287 763865
4287 4288 748842
4288 4289 587239
4289 4290 760436
4290 4291 101622
4291 4292 218734
4292 4293 169909
4293 4294 459180
4294 4295 11985
4295 4296 768047
4296 4297 710453
4297 4298 910794
4298 4299 705355
4299 4300 182169
4300 4301 740031
4301 4302 527120
4302 4303 184899
4303 4304 403007
4304 4305 369157
4305 4306 88304
4306 4307 500801
4307 4308 247111
4308 4309 428964
4309 4310 156843
4310 4311 823861
4311 4312 263257
4312 4313 970994
4313 4314 91064
4314 4315 497311
4315 4316 523256
4316 4317 560558
4317 4318 886442
4318 4319 266170
4319 4320 707151
4320 4321 763098
