4003 5086
2154 1986 717336
3757 657 283954
2361 3844 288027
1906 1885 571825
3772 1445 339927
2306 2696 193372
3226 1393 484943
1741 3963 729675
3096 3550 81434
3573 668 347435
2815 3945 965939
3529 1278 171266
1324 1783 796514
3204 2476 329810
2284 3207 206749
1399 482 159505
2322 2168 714996
3065 226 696730
350 1352 96402
2318 775 812220
2799 2497 982585
1189 2632 393380
2989 3871 681716
2258 1089 649038
666 527 37750
3757 1424 476648
251 368 587022
1263 609 687203
1436 709 643056
2936 1451 811809
1251 1693 26490
1366 2279 872649
1641 3687 238781
2167 3765 726987
3415 547 300754
1546 522 579965
2384 2889 673947
3185 433 665735
1423 3579 299131
83 3713 560630
2254 2633 160392
3090 2257 608257
2615 3181 90304
953 1320 619338
311 2140 338989
724 3513 325600
624 2381 486823
2905 3997 872881
2419 2610 905630
3378 1492 308328
1968 857 878717
504 965 618351
0 337 141271
1269 3966 913137
780 2038 655854
591 3137 629199
1040 2528 976141
2126 2743 345333
3852 3269 315205
3741 2614 894185
804 3119 110856
789 3626 420348
1535 446 481635
3761 624 358645
1111 3121 382277
1058 3210 122050
2909 480 207124
3777 847 628442
3996 1773 777187
304 762 842085
1242 1693 917620
3347 2834 48172
946 910 435964
3069 1050 667815
1335 1014 802314
1150 1386 742652
3191 3430 741163
324 26 746361
1454 3723 955140
894 2226 399857
2434 1922 348757
2967 3619 752194
1599 3712 466373
859 3534 784932
3260 3034 585880
3456 3176 912515
548 214 446725
2310 1344 613042
2830 1266 437086
1327 1316 827201
2657 1044 203117
3130 2053 825118
2349 3120 915617
267 1861 289555
3896 3178 788222
1763 450 444155
3936 3127 956333
2808 2042 904479
3249 20 769192
314 1037 292079
3114 1546 642759
1111 2695 40096
1203 2159 376340
3348 3279 454031
3498 782 510298
3589 3715 357463
3339 3487 837586
3489 3033 976718
2260 97 490216
16 3784 330471
1668 3856 959217
1268 3393 225882
1760 2713 547537
1358 1994 706670
3844 3025 160029
1019 1378 694004
3576 1655 579784
2423 3994 755640
3244 3704 687609
2318 959 1343
1142 1767 123581
539 2325 900337
3074 3293 562225
1331 3987 516070
2441 2036 139126
1409 2974 185170
974 408 52807
1222 3679 486830
327 2742 514598
860 3133 706823
3543 2187 243650
85 2757 626527
3707 707 559495
163 1870 891638
184 2452 309504
1894 3105 92041
339 2610 479958
2145 774 136604
3446 3379 924487
2350 1429 837267
2170 128 937911
3800 480 864292
1779 350 5206
282 3074 942287
2793 3615 987316
2875 3412 34260
887 238 259913
2742 3375 154278
2326 3554 666219
2510 2794 12796
138 3209 548939
3080 2267 127218
1809 2048 913733
2327 610 388723
3922 1138 842576
908 2216 121851
2630 1512 428360
1857 94 456115
1032 2311 700449
2397 2080 724688
710 2775 19236
2561 1214 181968
175 2513 417130
3897 1315 95340
1596 1107 84877
838 1837 387620
2989 799 740802
1931 1448 211683
276 2881 881952
3213 266 611244
2134 2364 177264
939 18 900944
3007 2603 381030
442 2770 676485
3679 239 641035
1085 3802 196898
3330 2028 684348
2960 632 28164
888 3542 683468
3718 105 980229
1182 2430 453246
49 2964 477280
2049 491 881444
1640 472 167925
3628 1317 417830
3099 3438 358534
283 3172 26417
96 1404 655380
960 1531 78050
28 3918 437444
1423 3087 732786
3241 3053 396669
2637 3914 62258
2782 1991 63196
1499 1023 193506
1495 1654 175216
2336 3382 759568
1280 1945 272846
3609 3040 861385
3990 715 30996
1567 2072 519111
2870 1814 642877
2293 909 945757
1575 3333 481490
3241 2789 432903
1745 1595 640942
4002 1253 405020
593 3778 140941
3921 522 981423
2889 3001 634521
3604 955 666551
948 1139 166116
3662 365 186436
1832 3858 122814
1902 66 649319
2543 1657 263839
2837 522 889354
2288 1329 775438
2906 2870 163280
804 2709 71504
3700 1252 273456
2078 2642 88068
2718 1749 820009
1168 2484 454564
436 2637 861306
1217 2015 891190
2472 462 458965
780 281 690369
209 1046 79771
2590 2344 841872
3603 2792 105328
1711 241 542511
1332 956 791417
423 650 415521
2378 3677 628860
3233 3712 24707
2853 1420 454642
82 870 7187
1270 1056 174233
2236 1779 313438
829 2112 654817
2006 1402 8121
1112 70 700829
2613 1710 820132
1079 1859 269202
3396 1396 471786
2688 2758 201005
1994 857 967005
1731 678 783406
717 223 447350
63 1339 284141
2613 69 238974
3290 3931 969252
1692 3777 965405
1205 1657 298054
1418 2794 168284
586 2292 32339
2765 1994 625612
1134 1201 294129
2662 2026 880404
3641 906 677668
2975 1872 574874
2158 2370 301473
3647 2696 786027
2800 1866 327380
122 3969 188098
2683 2678 338715
3882 797 485443
3987 3195 730219
1913 438 910142
3599 3694 651328
1337 849 200497
74 579 287307
3565 718 438168
1639 3072 818899
2417 1199 373536
8 3000 302470
3583 920 698334
1439 3252 868978
1342 3554 490515
1324 1418 987463
3790 2551 677909
2610 2861 53178
2826 3817 364086
2139 3907 532622
2111 1373 544715
575 2593 101675
2370 1211 573696
2473 2914 47145
1618 3609 527123
2476 3773 904010
2239 1973 831426
3801 3036 303142
279 2869 160439
154 2358 137450
2779 2090 75426
3833 1910 37884
3598 1737 534673
1094 1472 654380
863 1263 162451
2747 727 751463
760 733 338979
2979 2593 671908
2469 2026 182110
1334 693 543346
1658 1782 313608
269 3660 368935
2124 15 852958
2748 1747 214433
3475 2131 809670
2850 895 123270
2528 124 211647
93 401 249968
1424 1847 651441
1890 411 785895
1408 2509 426434
3079 2818 739391
1307 2864 96558
121 2632 310357
2776 2407 840209
1713 1852 495355
3436 1912 735513
2154 3340 492596
1251 563 640771
2883 2415 408515
2362 3879 564290
255 3343 238779
818 203 862942
1627 1520 394125
567 773 738940
1222 3123 894770
2422 785 267053
3486 412 165526
1108 2761 412000
1235 921 501098
3266 2779 103915
612 500 899339
187 3120 136839
1090 2679 347717
2188 3063 733237
1306 381 834968
1628 3982 901108
1309 4002 551574
2090 768 596131
2370 2777 83185
2563 60 662829
1539 461 802764
1685 3260 435166
3014 369 516199
3913 1131 497324
3056 2628 586827
2569 1200 512409
1599 2099 888398
1646 1820 218516
112 2070 107254
805 238 280194
1808 1358 984786
3479 3280 350079
2888 2019 115181
1071 3903 53838
1618 2693 790140
3657 2694 445854
3502 1568 473734
3837 960 499033
120 1949 674708
972 1266 577626
499 2016 743770
1294 2929 295710
3498 684 158127
2060 3907 879251
363 2163 401110
1481 454 444920
3375 694 531255
2330 603 114097
1240 3975 438476
3922 636 851512
3616 2250 597017
3332 1291 582564
24 3798 291747
1879 2920 486981
2258 633 31770
2947 2386 401513
2253 361 377406
56 1474 121913
3754 476 924035
2235 2708 472834
1716 3132 541778
2956 1649 279553
1715 1996 471581
318 895 952796
3847 2473 156096
3754 2883 400932
2586 3996 303751
2114 2101 729787
88 1673 693877
2990 2040 510846
1124 1909 760957
2371 2000 100959
1073 3401 603374
2628 1816 674522
98 3449 149296
1251 455 113106
3440 1762 899694
2112 1451 876961
2751 3857 382852
2128 2560 685745
3755 3036 802589
3380 3101 122471
263 300 608844
1723 1734 927413
2595 1771 756829
2285 3168 428949
3747 3886 278161
3991 3487 755302
235 2306 207815
2777 3771 819255
2326 870 877271
3393 578 552485
3834 764 724914
2904 1102 311839
2651 692 597199
556 3883 276602
2607 1189 959128
2879 96 309351
2942 1589 681027
220 1836 577350
3595 3151 357849
1050 2981 925777
2433 224 708881
3274 2839 319411
2155 2281 276780
2670 3607 164581
2228 2043 614773
3788 2940 92618
2741 1961 942578
3389 2995 117849
2675 1817 478725
1308 1198 90988
1912 1125 216837
2054 2451 269187
2672 3535 783585
2334 3193 812904
2934 3410 383870
3764 58 694444
2642 2030 253890
3088 2662 941206
2747 3411 505641
1309 2815 332824
1119 2115 643860
3043 1122 133626
167 2721 483012
166 2015 899622
2659 2974 318142
1273 2484 719123
2238 1776 378509
1109 681 525876
593 58 408835
754 351 552008
700 408 513516
168 3841 5128
793 2726 292672
3774 1696 876881
3435 2003 934746
3115 2967 60829
2396 410 175037
2197 1882 621095
1725 3175 56296
3680 936 438629
3167 1591 820357
1856 3339 607678
1896 1908 406946
2952 2832 52604
1917 2245 923559
757 2222 121340
1501 907 216685
452 2302 71734
1730 3494 566465
896 3836 724226
1031 3217 43612
186 683 318502
2424 2810 924014
1659 709 240941
2240 446 435924
666 2329 918580
2065 3179 585350
1497 97 610798
92 1497 85404
1061 1771 566134
1241 1741 391737
3047 2053 630269
3357 1840 754857
3905 1075 122249
811 2213 315525
33 2863 137874
3138 2591 359677
496 3804 956646
2967 1612 871671
818 1614 110486
118 1195 581248
2053 1294 203223
1978 591 504387
3571 937 623120
231 3725 122854
240 2584 302277
3530 1213 384950
1879 495 607588
2660 1071 975334
3212 3186 315774
1111 2303 582414
464 827 410632
3649 2070 310643
3375 351 412022
3030 320 277910
3617 3703 106950
3322 973 446914
3499 3958 843061
2896 2952 511663
2014 1644 939360
1075 1811 691306
712 3165 164393
1362 428 967181
664 805 583621
2880 1129 206394
1560 2803 695604
1119 1028 263968
3598 3317 593952
202 276 335529
1441 2526 518919
1492 968 116634
3063 3574 699731
1590 291 617708
3947 3075 104417
133 338 751748
1779 2715 328905
2809 3104 37384
553 996 340215
3792 679 423571
1197 1033 544439
631 316 855220
2555 1356 887259
1486 1613 957935
779 3746 252548
2020 2191 952854
2871 1454 938843
2800 3212 494234
1381 2546 394304
720 3862 162519
615 3798 721293
73 1482 113790
53 1828 971127
2507 1296 517580
1213 209 754981
3122 3871 450027
1534 2390 615239
1653 238 282239
1581 275 441580
959 90 862780
1351 2393 607366
2294 3678 687656
3333 644 912744
2163 1929 289162
3229 461 157392
182 3390 454339
1315 984 572224
1040 3400 423632
2763 83 686741
2361 3447 965947
3803 1209 808335
11 1622 804668
1879 2382 633955
3471 1865 636799
1468 266 723294
181 2187 97234
3918 1308 234219
2062 914 9189
1123 3755 336555
1063 759 382291
1439 3007 111454
3804 2698 883239
2896 3829 231427
1959 169 984506
2521 1564 180301
2878 3191 455507
2867 1508 92994
2498 1456 109468
2076 689 787056
3220 2094 379694
2720 2574 346561
3627 2500 596337
1820 987 526183
3778 3262 210037
1550 2857 173103
1299 3797 11166
2089 124 687389
7 2343 548074
2200 3378 933319
1681 662 198799
149 1047 983762
3222 3055 311264
2108 1537 509475
530 1146 328698
1444 2781 212557
257 3049 154370
1178 1790 512996
1457 3315 72622
1347 102 845737
3747 3979 601498
1435 2712 394053
286 2277 233003
3073 1166 243163
1869 1055 938152
313 375 27155
2740 1153 934942
140 2121 462525
370 2569 373425
1457 1261 913723
813 3971 494396
2344 2170 646757
2090 3283 67756
2986 396 774677
3087 2044 885522
1099 207 894189
3239 821 485244
1675 2362 235259
915 3796 1774
3327 1914 726571
1990 1338 534490
963 3561 748844
1364 1543 977932
1079 2477 223269
980 175 273637
38 295 829125
3395 845 421753
493 925 363334
3430 0 102398
1373 3548 442315
2668 1621 591449
1723 1386 235337
2419 752 51457
814 912 97068
3139 1206 541538
3725 2313 291450
3007 3116 510677
1416 2780 182025
3671 2470 177956
2394 1680 265695
1745 2306 647866
238 1802 482218
271 3275 246788
2025 3199 246153
384 2683 852669
2829 90 506354
2789 1955 656529
1779 2690 944561
3207 1293 486018
631 660 943458
198 3741 237159
1929 3443 408070
1624 692 701778
41 3842 688850
1228 2366 115141
3503 3828 479584
2937 3446 805007
1977 1575 838361
2293 1151 18564
256 481 724954
3506 3981 822080
2103 3174 527287
2479 3118 251439
3387 1492 800701
2246 2626 572782
1060 1244 478118
3009 1778 982195
1722 2159 978369
1616 1729 101975
2513 1851 955206
2795 1485 802664
3368 1351 258054
1600 2219 828919
3799 2396 540827
2549 2183 447491
3430 1134 689312
2763 2359 197251
3195 1834 86468
3816 1907 598119
552 514 540780
1086 3122 563949
868 3574 201334
1990 3677 70955
1306 1582 249685
380 3062 536324
1644 3887 6025
1658 222 999951
411 278 220385
703 2194 908519
1134 578 75238
1132 2030 832248
99 1805 956591
30 3483 697671
262 2614 673003
3438 972 424138
3918 1558 686420
2051 2938 932092
1835 3981 257598
3739 1942 791963
1075 2367 517223
1696 2260 990035
2387 1493 37975
487 3385 940491
2672 240 935382
3224 1220 379273
1017 2076 610829
3382 1206 862347
1180 3079 870139
3815 3460 592462
2957 3716 122582
2250 1939 668416
3190 3712 987585
889 811 139935
1681 2158 378396
269 3182 635956
1882 3496 304228
1614 1802 684708
507 749 84557
853 1977 502891
2430 1374 383715
220 3729 371626
2155 1603 995294
1790 1374 703514
182 1517 193735
1662 3401 811316
968 364 716091
3164 919 298795
2327 1038 674509
3349 796 336326
2837 1939 859395
1427 2535 327651
3240 369 723221
2321 1963 428498
2262 1711 919121
3095 302 708724
930 2992 328912
1245 2230 444935
742 1935 441535
2944 3767 615609
2693 1633 620255
1554 3789 225867
3541 203 480191
33 797 43459
3928 3858 393351
692 1307 141227
2804 2454 6150
3640 1151 78101
1862 2069 947101
526 3031 858323
3898 613 992386
388 1945 155897
2964 2738 613248
3434 782 705280
945 35 723164
2310 2790 5231
949 842 735703
1851 60 29712
3800 1866 355204
2649 1368 369016
3002 97 691115
1648 2927 510701
551 3814 858175
264 1443 811432
1531 1288 910156
98 3903 507752
1143 3282 925036
3136 183 218226
1842 925 214539
3900 3910 763448
3314 3590 785771
3569 9 526749
2953 1435 55781
2235 852 800267
2643 210 815153
1654 2823 331221
3324 822 389058
57 2356 204155
533 1320 31865
780 93 467541
1582 991 443553
3957 3152 636201
2446 3922 627153
623 1698 821203
1448 3998 268137
2209 1866 216927
2801 33 40966
3145 2231 780285
281 2038 412624
339 2759 419435
2943 607 646578
1027 1743 646870
615 1796 74661
1293 321 858742
3160 582 352910
422 1598 905075
716 2051 535155
2110 2609 15273
1668 2355 316495
1055 3024 5366
3299 339 986485
1350 2124 434294
1292 2839 433262
2901 1621 627871
2403 981 103835
2525 2554 879133
81 2011 205094
1829 2452 933864
2669 3153 621897
3116 3688 467141
1902 160 262545
2010 3065 655332
3414 2376 267791
1528 1847 825934
410 2948 499696
1100 2374 191711
3305 2400 177093
3429 3666 943868
1170 885 810306
456 986 679964
2583 2725 518941
1625 3611 921984
3045 2742 447035
1766 1219 316344
1177 1996 755231
3362 1140 810539
2711 3060 320877
768 2461 7708
2777 510 82401
312 374 332519
501 2183 979305
510 700 689331
2948 786 876058
1897 1095 734370
2608 3654 999220
3826 2119 423979
2645 16 388050
750 1999 539376
2125 917 265739
1049 2492 843097
1055 700 185893
1834 1077 255499
3161 3937 775039
1925 246 91909
2267 3217 929652
1756 3382 619864
28 3578 229940
1121 743 614985
3788 890 508893
2935 848 931685
1397 1509 615861
1051 408 715842
848 3724 807933
2073 3011 590321
2533 2016 486140
3471 2843 873495
639 2976 572281
2140 1831 271478
257 3146 778351
1943 1560 652783
342 7 59285
2306 3612 401629
2000 642 27637
593 3800 87383
2313 369 984495
20 2683 516605
169 1019 285141
404 881 84499
237 2800 22144
2197 2377 872066
546 2023 6735
85 283 292768
1644 2858 720569
1797 118 761063
1826 743 527828
2738 2906 375836
3950 1141 550025
1603 2332 604873
3927 3306 802237
593 3658 210610
2596 2103 134898
1794 2482 863596
3552 3285 317719
3976 123 404445
140 801 916485
1108 3077 633773
329 1975 574899
2850 380 639555
2690 885 722770
3524 3684 576263
25 3538 535133
2157 186 773080
3664 1795 56904
2618 2695 534318
3554 1311 895452
2496 1250 336340
310 2259 530587
407 1794 638097
3334 1240 96449
82 2732 267873
3139 3428 857494
2958 3967 559506
2572 1333 94601
2858 860 657060
3673 3980 478430
2954 1155 621850
1560 169 803344
3792 2193 804247
2474 3994 507425
3718 1095 732515
252 2689 902791
2055 1646 736383
30 2861 790871
2642 3227 745191
3262 2272 623705
1879 3264 851492
310 2045 29308
1206 3360 229467
1722 3230 434736
307 1238 794651
1210 3948 348797
1006 811 602439
3466 2210 923994
3612 3070 800293
192 2228 397998
322 3720 423242
2827 2307 430502
798 440 656268
2353 2125 593504
3980 3232 605603
3404 3506 265902
1590 2980 665535
1926 3126 607461
3812 3496 156814
3065 1125 40276
515 799 635653
458 1136 861544
994 1902 495950
3052 518 56771
3933 1106 235190
272 392 27651
934 1577 480059
2145 46 986887
2021 3455 715275
800 1707 477323
2236 3570 315025
574 1196 61340
998 2732 40333
1126 2048 55241
3851 207 534205
2192 971 21735
3786 3810 950643
2672 2632 527098
2499 3925 405900
2375 438 178856
540 3391 881132
2330 3158 497273
1522 2579 65647
1136 2864 493589
232 769 414726
3862 3003 80451
3933 1546 584802
155 1073 618476
1851 454 788649
488 1479 932476
1341 2353 670811
935 492 166588
1752 1688 138620
1599 3816 565491
2011 3307 469287
2557 2124 333224
3114 2135 219332
1625 2515 304398
2409 2131 244280
2879 733 319582
2726 2928 237588
2721 3731 497570
3383 3365 69156
1814 1380 164586
42 2147 979725
359 3959 11789
800 2340 124767
3772 879 218239
615 3646 21125
1656 3900 741146
202 2011 464192
1804 3571 537292
817 2707 213754
2415 1681 252395
861 1894 846135
482 1366 626195
2436 3139 328635
1185 3795 242451
1702 3183 646562
1640 3949 319378
52 337 516242
1016 2168 333348
474 3310 558300
960 375 981383
2035 1810 930685
165 1981 302702
711 1440 631698
2745 733 567006
2997 441 560352
3701 2191 196234
3750 3168 888878
3901 3956 159749
1919 2849 545664
1817 3298 611158
2779 3788 101273
174 2303 474309
2541 1 537801
1214 1901 852948
1506 3157 432586
2935 3203 266064
2535 1009 393238
3803 1404 100046
1340 2792 666070
1849 3624 497421
739 2707 354391
3495 1190 661343
3478 3492 139634
838 2889 127794
3041 500 512619
1022 362 758445
3798 1732 632386
838 3288 247442
2720 1695 528840
3945 2638 345998
1438 906 474399
2908 2469 456721
1264 1736 148248
908 319 381361
715 3175 269224
2715 1302 236412
330 1946 103416
3973 232 16340
2292 2652 929559
1102 1341 265193
830 1188 975196
3937 1221 550849
2556 742 630780
3088 2524 715154
545 2602 272236
1700 2103 510655
2999 362 229743
1622 2803 742149
3556 3735 21104
2683 1883 611378
3521 3808 218552
1126 193 597766
66 1474 100603
866 1788 607087
2318 3711 407415
3215 3644 281169
2175 306 303556
274 3734 99977
788 2884 706371
3283 2971 802372
1707 2781 751364
2054 2156 604198
304 708 93117
51 102 701926
3899 1946 62521
3280 702 842896
3661 2274 295001
3367 3421 201962
92 2975 873679
3244 3808 104022
2013 282 74631
3769 1952 250392
1513 835 716491
752 2317 704338
1779 2387 965562
593 1504 301305
3358 438 54999
611 2193 167822
2948 2582 310506
313 3292 202993
0 1 834782
1 2 347880
2 3 722535
3 4 584370
4 5 556304
5 6 42226
6 7 98291
7 8 679323
8 9 723199
9 10 729534
10 11 474960
11 12 568139
12 13 551136
13 14 215758
14 15 691218
15 16 309880
16 17 84839
17 18 253400
18 19 341626
19 20 648206
20 21 518756
21 22 115836
22 23 491019
23 24 19359
24 25 780812
25 26 410886
26 27 52164
27 28 65834
28 29 276249
29 30 506417
30 31 348813
31 32 858970
32 33 518535
33 34 16787
34 35 681810
35 36 1693
36 37 995813
37 38 927157
38 39 504081
39 40 417998
40 41 880095
41 42 3389
42 43 143115
43 44 19931
44 45 186606
45 46 883044
46 47 330787
47 48 452347
48 49 65906
49 50 40564
50 51 258811
51 52 991635
52 53 708268
53 54 576178
54 55 706775
55 56 209652
56 57 902553
57 58 646160
58 59 390429
59 60 530426
60 61 963164
61 62 616166
62 63 712503
63 64 328247
64 65 768268
65 66 912604
66 67 927443
67 68 971708
68 69 990998
69 70 187864
70 71 164242
71 72 360259
72 73 52399
73 74 383468
74 75 477424
75 76 648630
76 77 965305
77 78 505397
78 79 594162
79 80 884230
80 81 947228
81 82 15029
82 83 388049
83 84 649176
84 85 838366
85 86 147407
86 87 313400
87 88 803079
88 89 807216
89 90 612316
90 91 597790
91 92 145426
92 93 420122
93 94 784696
94 95 742243
95 96 680520
96 97 603329
97 98 269460
98 99 142534
99 100 850175
100 101 81555
101 102 119276
102 103 971608
103 104 240490
104 105 858153
105 106 384476
106 107 387008
107 108 432225
108 109 801809
109 110 424024
110 111 711618
111 112 210559
112 113 798082
113 114 128328
114 115 658942
115 116 751795
116 117 262346
117 118 958711
118 119 990670
119 120 487624
120 121 494561
121 122 746207
122 123 961726
123 124 391707
124 125 252725
125 126 342112
126 127 845251
127 128 974816
128 129 42664
129 130 337545
130 131 679492
131 132 731532
132 133 227036
133 134 13397
134 135 537292
135 136 781286
136 137 903930
137 138 940344
138 139 770279
139 140 359403
140 141 78053
141 142 676829
142 143 765428
143 144 903647
144 145 88384
145 146 312229
146 147 272800
147 148 449703
148 149 154729
149 150 337386
150 151 816863
151 152 887076
152 153 468499
153 154 374670
154 155 471349
155 156 779685
156 157 780175
157 158 799016
158 159 174136
159 160 981397
160 161 167188
161 162 948593
162 163 457775
163 164 475966
164 165 76079
165 166 388206
166 167 130766
167 168 634692
168 169 506322
169 170 695053
170 171 39218
171 172 734281
172 173 600080
173 174 882417
174 175 552487
175 176 578410
176 177 719833
177 178 184788
178 179 799733
179 180 652390
180 181 413739
181 182 504917
182 183 822079
183 184 93199
184 185 760070
185 186 184459
186 187 93643
187 188 319586
188 189 300424
189 190 711923
190 191 710852
191 192 43913
192 193 277279
193 194 640021
194 195 418843
195 196 300768
196 197 173417
197 198 346422
198 199 57422
199 200 171465
200 201 448319
201 202 366497
202 203 963817
203 204 295186
204 205 582143
205 206 6179
206 207 888201
207 208 103259
208 209 919585
209 210 94030
210 211 985541
211 212 18479
212 213 348799
213 214 6810
214 215 345182
215 216 185004
216 217 316781
217 218 214707
218 219 412706
219 220 709815
220 221 113995
221 222 203264
222 223 557713
223 224 548323
224 225 891776
225 226 259139
226 227 592694
227 228 256516
228 229 170435
229 230 933188
230 231 631377
231 232 865717
232 233 291411
233 234 355439
234 235 277589
235 236 518683
236 237 649311
237 238 166528
238 239 128381
239 240 153699
240 241 25261
241 242 524514
242 243 142877
243 244 237373
244 245 798982
245 246 923383
246 247 620893
247 248 184387
248 249 107497
249 250 717308
250 251 125598
251 252 955867
252 253 755536
253 254 778650
254 255 819496
255 256 454075
256 257 268463
257 258 190054
258 259 580357
259 260 422629
260 261 372423
261 262 503926
262 263 755442
263 264 238640
264 265 359886
265 266 270031
266 267 893138
267 268 60686
268 269 891874
269 270 130943
270 271 447213
271 272 414431
272 273 850287
273 274 727478
274 275 547554
275 276 590803
276 277 733534
277 278 493289
278 279 599936
279 280 367125
280 281 608719
281 282 951019
282 283 555220
283 284 849353
284 285 467896
285 286 172290
286 287 317673
287 288 166852
288 289 57510
289 290 48902
290 291 175707
291 292 468991
292 293 360125
293 294 2908
294 295 402693
295 296 763289
296 297 365730
297 298 175416
298 299 685365
299 300 704304
300 301 425804
301 302 182216
302 303 326220
303 304 386904
304 305 772351
305 306 790377
306 307 56684
307 308 397094
308 309 621025
309 310 860278
310 311 941704
311 312 399067
312 313 749779
313 314 256462
314 315 246660
315 316 959513
316 317 98246
317 318 925266
318 319 653074
319 320 707457
320 321 264523
321 322 927753
322 323 408851
323 324 986033
324 325 961888
325 326 643544
326 327 766648
327 328 317765
328 329 205134
329 330 31931
330 331 574189
331 332 32602
332 333 726608
333 334 987403
334 335 355220
335 336 59486
336 337 150264
337 338 99017
338 339 129836
339 340 510829
340 341 48501
341 342 558842
342 343 876596
343 344 603473
344 345 597641
345 346 643958
346 347 275236
347 348 285494
348 349 920954
349 350 662088
350 351 278376
351 352 859547
352 353 801076
353 354 257876
354 355 295625
355 356 46612
356 357 603598
357 358 235745
358 359 887774
359 360 940768
360 361 24308
361 362 698148
362 363 82442
363 364 40936
364 365 759718
365 366 620693
366 367 337069
367 368 216135
368 369 356652
369 370 887660
370 371 375445
371 372 222132
372 373 428660
373 374 110833
374 375 662212
375 376 707761
376 377 379994
377 378 903147
378 379 116191
379 380 418455
380 381 507119
381 382 597454
382 383 295871
383 384 876056
384 385 961244
385 386 474285
386 387 624087
387 388 922425
388 389 141729
389 390 89135
390 391 311803
391 392 711160
392 393 857430
393 394 92813
394 395 834200
395 396 220812
396 397 212533
397 398 233231
398 399 122611
399 400 609617
400 401 865497
401 402 576470
402 403 501743
403 404 590003
404 405 370298
405 406 65079
406 407 503304
407 408 449667
408 409 695236
409 410 415619
410 411 802717
411 412 28523
412 413 691417
413 414 315494
414 415 16293
415 416 458422
416 417 805437
417 418 87298
418 419 731309
419 420 877061
420 421 116229
421 422 37009
422 423 339137
423 424 969779
424 425 169648
425 426 228575
426 427 143432
427 428 361639
428 429 126378
429 430 835171
430 431 536922
431 432 127026
432 433 591146
433 434 716521
434 435 791765
435 436 714533
436 437 829305
437 438 704369
438 439 698527
439 440 267908
440 441 332064
441 442 189741
442 443 464252
443 444 803687
444 445 681855
445 446 873517
446 447 188336
447 448 288080
448 449 746660
449 450 815407
450 451 337229
451 452 547173
452 453 475252
453 454 199384
454 455 185880
455 456 734887
456 457 782710
457 458 191563
458 459 393288
459 460 899942
460 461 44943
461 462 376807
462 463 270973
463 464 112298
464 465 979044
465 466 949570
466 467 624358
467 468 801332
468 469 831511
469 470 875738
470 471 387601
471 472 233612
472 473 908941
473 474 835168
474 475 562322
475 476 71741
476 477 837330
477 478 516486
478 479 365597
479 480 814147
480 481 817280
481 482 535269
482 483 530016
483 484 116383
484 485 119124
485 486 509864
486 487 650780
487 488 29033
488 489 549019
489 490 580173
490 491 872206
491 492 502583
492 493 919109
493 494 920345
494 495 871145
495 496 234457
496 497 187660
497 498 893321
498 499 229988
499 500 994020
500 501 604484
501 502 516660
502 503 36847
503 504 839911
504 505 790704
505 506 767505
506 507 779264
507 508 442796
508 509 394260
509 510 317951
510 511 377500
511 512 610819
512 513 359111
513 514 83782
514 515 508369
515 516 977412
516 517 386218
517 518 631571
518 519 682932
519 520 963804
520 521 859256
521 522 67786
522 523 211021
523 524 242480
524 525 706161
525 526 14133
526 527 440587
527 528 423096
528 529 360625
529 530 638704
530 531 725006
531 532 96897
532 533 511420
533 534 287425
534 535 809720
535 536 25643
536 537 478994
537 538 136998
538 539 21836
539 540 972746
540 541 59480
541 542 78048
542 543 553280
543 544 770090
544 545 630493
545 546 632237
546 547 565934
547 548 313959
548 549 676034
549 550 937537
550 551 61818
551 552 905486
552 553 275854
553 554 775643
554 555 741453
555 556 467047
556 557 481639
557 558 172464
558 559 69007
559 560 659186
560 561 903648
561 562 734099
562 563 981476
563 564 15658
564 565 103627
565 566 462131
566 567 786316
567 568 133320
568 569 990938
569 570 71160
570 571 981413
571 572 341143
572 573 265832
573 574 32988
574 575 920932
575 576 278777
576 577 815025
577 578 101346
578 579 658488
579 580 400266
580 581 85353
581 582 554073
582 583 525327
583 584 316424
584 585 637113
585 586 689017
586 587 632240
587 588 1300
588 589 901827
589 590 668840
590 591 778318
591 592 594217
592 593 205893
593 594 802938
594 595 173032
595 596 757445
596 597 108856
597 598 859103
598 599 697078
599 600 944908
600 601 762348
601 602 985728
602 603 767063
603 604 463439
604 605 472524
605 606 364869
606 607 406359
607 608 672938
608 609 380312
609 610 326076
610 611 889715
611 612 126796
612 613 927993
613 614 127154
614 615 662185
615 616 996762
616 617 617635
617 618 643961
618 619 341108
619 620 172338
620 621 8366
621 622 129996
622 623 103177
623 624 343164
624 625 257921
625 626 673166
626 627 764545
627 628 953636
628 629 363623
629 630 520663
630 631 658608
631 632 495776
632 633 581966
633 634 103045
634 635 483988
635 636 9210
636 637 620121
637 638 185816
638 639 97893
639 640 770319
640 641 465955
641 642 660277
642 643 492076
643 644 372679
644 645 417936
645 646 774406
646 647 672773
647 648 325171
648 649 352692
649 650 532558
650 651 521117
651 652 460015
652 653 364416
653 654 639414
654 655 640099
655 656 882469
656 657 657817
657 658 358287
658 659 900400
659 660 961006
660 661 850134
661 662 936705
662 663 287119
663 664 768520
664 665 768831
665 666 254559
666 667 417076
667 668 555391
668 669 17990
669 670 793789
670 671 652598
671 672 576820
672 673 45485
673 674 53993
674 675 137415
675 676 623986
676 677 990217
677 678 18524
678 679 895673
679 680 718273
680 681 177969
681 682 177652
682 683 660888
683 684 894939
684 685 592063
685 686 67088
686 687 314540
687 688 21635
688 689 68313
689 690 394113
690 691 589343
691 692 464106
692 693 364621
693 694 724537
694 695 278046
695 696 872875
696 697 156048
697 698 465025
698 699 308707
699 700 262629
700 701 21568
701 702 722745
702 703 889121
703 704 164866
704 705 80558
705 706 107078
706 707 39642
707 708 904974
708 709 688279
709 710 178641
710 711 110390
711 712 320523
712 713 101375
713 714 874941
714 715 500449
715 716 480401
716 717 976686
717 718 762121
718 719 704485
719 720 612797
720 721 433057
721 722 276605
722 723 350626
723 724 255587
724 725 33927
725 726 513520
726 727 943235
727 728 808185
728 729 473903
729 730 199281
730 731 491071
731 732 645942
732 733 808743
733 734 798737
734 735 922838
735 736 576956
736 737 272062
737 738 690664
738 739 900517
739 740 926067
740 741 625094
741 742 122328
742 743 297675
743 744 990863
744 745 759771
745 746 854533
746 747 962203
747 748 39031
748 749 228644
749 750 328637
750 751 94063
751 752 650059
752 753 987626
753 754 996308
754 755 434735
755 756 811802
756 757 718144
757 758 992941
758 759 818575
759 760 299198
760 761 579581
761 762 151701
762 763 419253
763 764 570232
764 765 683239
765 766 987640
766 767 886295
767 768 721293
768 769 734799
769 770 840824
770 771 884904
771 772 182408
772 773 42123
773 774 456823
774 775 788754
775 776 397406
776 777 606706
777 778 651391
778 779 219199
779 780 846022
780 781 49457
781 782 950268
782 783 836808
783 784 925989
784 785 71487
785 786 520376
786 787 513829
787 788 939171
788 789 636675
789 790 654023
790 791 289270
791 792 756540
792 793 837986
793 794 301990
794 795 33365
795 796 308593
796 797 479306
797 798 275944
798 799 882710
799 800 703844
800 801 192602
801 802 41734
802 803 680115
803 804 26370
804 805 157342
805 806 848055
806 807 745673
807 808 643594
808 809 716242
809 810 860259
810 811 342897
811 812 973361
812 813 238040
813 814 786332
814 815 131434
815 816 702789
816 817 972934
817 818 972492
818 819 244471
819 820 606263
820 821 812020
821 822 838945
822 823 108484
823 824 236289
824 825 12502
825 826 976656
826 827 12724
827 828 290950
828 829 842597
829 830 418404
830 831 881179
831 832 721942
832 833 835258
833 834 88728
834 835 3977
835 836 63531
836 837 396648
837 838 342829
838 839 532259
839 840 968447
840 841 49442
841 842 334023
842 843 78616
843 844 429729
844 845 158583
845 846 362876
846 847 332802
847 848 969838
848 849 874291
849 850 56042
850 851 908397
851 852 514331
852 853 161467
853 854 894934
854 855 318597
855 856 126617
856 857 5245
857 858 385024
858 859 588057
859 860 727845
860 861 464552
861 862 513854
862 863 873783
863 864 316084
864 865 998786
865 866 413163
866 867 38029
867 868 898017
868 869 507567
869 870 518306
870 871 489887
871 872 31218
872 873 965697
873 874 643475
874 875 707158
875 876 109212
876 877 349457
877 878 298977
878 879 163074
879 880 418035
880 881 491111
881 882 628730
882 883 132684
883 884 371670
884 885 217935
885 886 137302
886 887 306874
887 888 285740
888 889 728682
889 890 63912
890 891 454616
891 892 703760
892 893 834750
893 894 220519
894 895 289441
895 896 523133
896 897 155353
897 898 247243
898 899 7596
899 900 661119
900 901 448533
901 902 705430
902 903 681099
903 904 146748
904 905 838751
905 906 576381
906 907 291100
907 908 319936
908 909 491280
909 910 517528
910 911 426087
911 912 335942
912 913 571366
913 914 304920
914 915 610203
915 916 622613
916 917 799851
917 918 671213
918 919 862563
919 920 688589
920 921 24256
921 922 321622
922 923 993732
923 924 476819
924 925 216657
925 926 579155
926 927 361084
927 928 177809
928 929 280825
929 930 159537
930 931 752937
931 932 393815
932 933 915367
933 934 816471
934 935 986032
935 936 287443
936 937 500405
937 938 655818
938 939 375574
939 940 729629
940 941 508957
941 942 374762
942 943 622542
943 944 713399
944 945 309695
945 946 928011
946 947 593862
947 948 509468
948 949 878784
949 950 908606
950 951 835881
951 952 49747
952 953 535801
953 954 337859
954 955 100427
955 956 221969
956 957 638244
957 958 450335
958 959 879442
959 960 461722
960 961 103055
961 962 816990
962 963 104592
963 964 766889
964 965 912256
965 966 384102
966 967 213063
967 968 440465
968 969 946884
969 970 376092
970 971 672459
971 972 893541
972 973 541615
973 974 511550
974 975 437210
975 976 843750
976 977 748490
977 978 899743
978 979 470597
979 980 535581
980 981 169363
981 982 853628
982 983 225492
983 984 947591
984 985 924491
985 986 211831
986 987 471589
987 988 679423
988 989 220133
989 990 820436
990 991 102794
991 992 232576
992 993 298443
993 994 615473
994 995 913646
995 996 314152
996 997 701603
997 998 590453
998 999 869213
999 1000 699389
1000 1001 702500
1001 1002 839089
1002 1003 17271
1003 1004 797898
1004 1005 105773
1005 1006 745722
1006 1007 774968
1007 1008 859661
1008 1009 182666
1009 1010 65144
1010 1011 103965
1011 1012 366112
1012 1013 457951
1013 1014 40226
1014 1015 743162
1015 1016 256545
1016 1017 763167
1017 1018 693208
1018 1019 650573
1019 1020 969384
1020 1021 804457
1021 1022 757587
1022 1023 638615
1023 1024 358862
1024 1025 935825
1025 1026 50367
1026 1027 112291
1027 1028 381895
1028 1029 734964
1029 1030 807571
1030 1031 72382
1031 1032 359100
1032 1033 82793
1033 1034 256599
1034 1035 2210
1035 1036 302556
1036 1037 74910
1037 1038 266105
1038 1039 535590
1039 1040 641465
1040 1041 151041
1041 1042 370444
1042 1043 524655
1043 1044 517265
1044 1045 81012
1045 1046 317230
1046 1047 621019
1047 1048 898209
1048 1049 67087
1049 1050 482097
1050 1051 807147
1051 1052 607635
1052 1053 949437
1053 1054 678087
1054 1055 271531
1055 1056 476007
1056 1057 638497
1057 1058 356040
1058 1059 657985
1059 1060 805160
1060 1061 236393
1061 1062 905951
1062 1063 350249
1063 1064 599418
1064 1065 407750
1065 1066 779522
1066 1067 889399
1067 1068 23622
1068 1069 701486
1069 1070 836735
1070 1071 366777
1071 1072 617457
1072 1073 947772
1073 1074 42323
1074 1075 708573
1075 1076 956435
1076 1077 485990
1077 1078 318758
1078 1079 899862
1079 1080 840340
1080 1081 52901
1081 1082 590083
1082 1083 123289
1083 1084 823365
1084 1085 726824
1085 1086 755430
1086 1087 629499
1087 1088 61269
1088 1089 720967
1089 1090 470827
1090 1091 202500
1091 1092 518653
1092 1093 728847
1093 1094 110533
1094 1095 120086
1095 1096 456704
1096 1097 777341
1097 1098 108564
1098 1099 479647
1099 1100 216341
1100 1101 692455
1101 1102 865458
1102 1103 108342
1103 1104 743716
1104 1105 594630
1105 1106 451362
1106 1107 247176
1107 1108 118822
1108 1109 816667
1109 1110 929882
1110 1111 366473
1111 1112 841098
1112 1113 791778
1113 1114 772992
1114 1115 543716
1115 1116 28290
1116 1117 87679
1117 1118 49312
1118 1119 245060
1119 1120 948253
1120 1121 948629
1121 1122 586174
1122 1123 847437
1123 1124 980401
1124 1125 47098
1125 1126 619680
1126 1127 944736
1127 1128 790679
1128 1129 134654
1129 1130 513802
1130 1131 731203
1131 1132 489004
1132 1133 608914
1133 1134 383296
1134 1135 565908
1135 1136 992818
1136 1137 330099
1137 1138 552353
1138 1139 677034
1139 1140 829922
1140 1141 215998
1141 1142 622410
1142 1143 292069
1143 1144 880852
1144 1145 764069
1145 1146 938533
1146 1147 809623
1147 1148 222318
1148 1149 202587
1149 1150 94524
1150 1151 173871
1151 1152 771625
1152 1153 402798
1153 1154 48711
1154 1155 676147
1155 1156 235259
1156 1157 345147
1157 1158 804485
1158 1159 120834
1159 1160 454916
1160 1161 667642
1161 1162 388341
1162 1163 423437
1163 1164 923964
1164 1165 183322
1165 1166 392149
1166 1167 673771
1167 1168 288315
1168 1169 671229
1169 1170 76161
1170 1171 130503
1171 1172 165274
1172 1173 806156
1173 1174 74219
1174 1175 455751
1175 1176 689289
1176 1177 235068
1177 1178 747547
1178 1179 805346
1179 1180 192521
1180 1181 230384
1181 1182 953458
1182 1183 377680
1183 1184 428639
1184 1185 264494
1185 1186 787050
1186 1187 952455
1187 1188 22095
1188 1189 333046
1189 1190 686144
1190 1191 617065
1191 1192 914489
1192 1193 910453
1193 1194 364823
1194 1195 351257
1195 1196 858783
1196 1197 485122
1197 1198 544052
1198 1199 400338
1199 1200 150896
1200 1201 135412
1201 1202 265951
1202 1203 955653
1203 1204 799857
1204 1205 207440
1205 1206 906715
1206 1207 379584
1207 1208 167306
1208 1209 514385
1209 1210 283989
1210 1211 723997
1211 1212 348466
1212 1213 251268
1213 1214 799772
1214 1215 412536
1215 1216 931596
1216 1217 358647
1217 1218 171535
1218 1219 282353
1219 1220 760803
1220 1221 582805
1221 1222 514484
1222 1223 219671
1223 1224 319710
1224 1225 702785
1225 1226 658776
1226 1227 750843
1227 1228 992951
1228 1229 692841
1229 1230 746406
1230 1231 864676
1231 1232 805074
1232 1233 363519
1233 1234 367597
1234 1235 191544
1235 1236 269109
1236 1237 998955
1237 1238 4967
1238 1239 330058
1239 1240 307182
1240 1241 16939
1241 1242 700965
1242 1243 375646
1243 1244 970693
1244 1245 922403
1245 1246 596599
1246 1247 41597
1247 1248 934587
1248 1249 459904
1249 1250 253480
1250 1251 177274
1251 1252 333364
1252 1253 856968
1253 1254 364983
1254 1255 262150
1255 1256 298288
1256 1257 484014
1257 1258 821938
1258 1259 271326
1259 1260 858597
1260 1261 466213
1261 1262 466128
1262 1263 567907
1263 1264 889330
1264 1265 456037
1265 1266 678138
1266 1267 982147
1267 1268 251829
1268 1269 148151
1269 1270 374209
1270 1271 281721
1271 1272 312144
1272 1273 698952
1273 1274 1013
1274 1275 790040
1275 1276 543753
1276 1277 760142
1277 1278 411397
1278 1279 539451
1279 1280 223665
1280 1281 54246
1281 1282 776442
1282 1283 341391
1283 1284 299212
1284 1285 228757
1285 1286 516996
1286 1287 836326
1287 1288 743197
1288 1289 645436
1289 1290 212837
1290 1291 704815
1291 1292 836809
1292 1293 969587
1293 1294 258724
1294 1295 105917
1295 1296 481726
1296 1297 837933
1297 1298 220122
1298 1299 560740
1299 1300 908895
1300 1301 355469
1301 1302 68092
1302 1303 914057
1303 1304 666272
1304 1305 12820
1305 1306 850781
1306 1307 64164
1307 1308 979767
1308 1309 981379
1309 1310 507211
1310 1311 537965
1311 1312 631548
1312 1313 724202
1313 1314 810798
1314 1315 450636
1315 1316 427182
1316 1317 880983
1317 1318 178924
1318 1319 798540
1319 1320 55009
1320 1321 667010
1321 1322 876045
1322 1323 278259
1323 1324 808967
1324 1325 903847
1325 1326 735902
1326 1327 987303
1327 1328 106091
1328 1329 104226
1329 1330 146543
1330 1331 916190
1331 1332 245822
1332 1333 820971
1333 1334 421593
1334 1335 372630
1335 1336 422410
1336 1337 597623
1337 1338 131654
1338 1339 518977
1339 1340 855129
1340 1341 122621
1341 1342 572482
1342 1343 89809
1343 1344 753366
1344 1345 87653
1345 1346 377189
1346 1347 2874
1347 1348 633443
1348 1349 357502
1349 1350 138422
1350 1351 445989
1351 1352 419527
1352 1353 732392
1353 1354 903040
1354 1355 747417
1355 1356 239638
1356 1357 824786
1357 1358 946859
1358 1359 717721
1359 1360 934414
1360 1361 288081
1361 1362 4228
1362 1363 340866
1363 1364 377339
1364 1365 9860
1365 1366 153977
1366 1367 368270
1367 1368 368719
1368 1369 633041
1369 1370 743879
1370 1371 212093
1371 1372 801939
1372 1373 259025
1373 1374 373066
1374 1375 16660
1375 1376 857818
1376 1377 113921
1377 1378 374203
1378 1379 452427
1379 1380 80572
1380 1381 688501
1381 1382 407323
1382 1383 999731
1383 1384 839743
1384 1385 160734
1385 1386 735689
1386 1387 198237
1387 1388 766407
1388 1389 424938
1389 1390 130673
1390 1391 905667
1391 1392 475141
1392 1393 481500
1393 1394 503528
1394 1395 493786
1395 1396 380221
1396 1397 581808
1397 1398 754574
1398 1399 580088
1399 1400 685519
1400 1401 289378
1401 1402 785262
1402 1403 293192
1403 1404 381739
1404 1405 228794
1405 1406 408997
1406 1407 912769
1407 1408 292076
1408 1409 548681
1409 1410 983390
1410 1411 4386
1411 1412 320083
1412 1413 128763
1413 1414 758762
1414 1415 243428
1415 1416 261898
1416 1417 183507
1417 1418 369969
1418 1419 302218
1419 1420 272149
1420 1421 345656
1421 1422 485172
1422 1423 526922
1423 1424 194607
1424 1425 37376
1425 1426 686414
1426 1427 7240
1427 1428 335610
1428 1429 644091
1429 1430 252104
1430 1431 837874
1431 1432 18744
1432 1433 540627
1433 1434 715169
1434 1435 320680
1435 1436 880385
1436 1437 982701
1437 1438 556130
1438 1439 754359
1439 1440 573031
1440 1441 670967
1441 1442 9666
1442 1443 979216
1443 1444 229414
1444 1445 896754
1445 1446 68905
1446 1447 581889
1447 1448 912913
1448 1449 746680
1449 1450 652652
1450 1451 188856
1451 1452 813568
1452 1453 656723
1453 1454 698735
1454 1455 893958
1455 1456 386950
1456 1457 444577
1457 1458 411025
1458 1459 833406
1459 1460 847169
1460 1461 968094
1461 1462 674072
1462 1463 887253
1463 1464 91505
1464 1465 949623
1465 1466 365971
1466 1467 561636
1467 1468 272427
1468 1469 882968
1469 1470 247629
1470 1471 530842
1471 1472 807993
1472 1473 581212
1473 1474 634087
1474 1475 918301
1475 1476 568442
1476 1477 476969
1477 1478 603861
1478 1479 71412
1479 1480 454173
1480 1481 318992
1481 1482 979774
1482 1483 426902
1483 1484 558030
1484 1485 166116
1485 1486 913852
1486 1487 799534
1487 1488 194084
1488 1489 422171
1489 1490 599242
1490 1491 548722
1491 1492 847647
1492 1493 964521
1493 1494 116879
1494 1495 454783
1495 1496 675855
1496 1497 134567
1497 1498 998756
1498 1499 721758
1499 1500 303226
1500 1501 284850
1501 1502 718940
1502 1503 468799
1503 1504 819888
1504 1505 781984
1505 1506 930882
1506 1507 726083
1507 1508 285785
1508 1509 855976
1509 1510 745071
1510 1511 614569
1511 1512 774040
1512 1513 454328
1513 1514 158180
1514 1515 256437
1515 1516 60648
1516 1517 188215
1517 1518 900970
1518 1519 775892
1519 1520 550297
1520 1521 36143
1521 1522 841603
1522 1523 543882
1523 1524 155415
1524 1525 543644
1525 1526 274857
1526 1527 425021
1527 1528 283993
1528 1529 812350
1529 1530 57820
1530 1531 218330
1531 1532 701173
1532 1533 390975
1533 1534 260041
1534 1535 483059
1535 1536 443164
1536 1537 166118
1537 1538 115160
1538 1539 886718
1539 1540 975757
1540 1541 435920
1541 1542 934911
1542 1543 466505
1543 1544 696096
1544 1545 497952
1545 1546 795355
1546 1547 500823
1547 1548 823926
1548 1549 673240
1549 1550 235415
1550 1551 498862
1551 1552 643410
1552 1553 12673
1553 1554 389090
1554 1555 284856
1555 1556 963378
1556 1557 953274
1557 1558 536574
1558 1559 442601
1559 1560 215532
1560 1561 859733
1561 1562 438870
1562 1563 471194
1563 1564 930452
1564 1565 967631
1565 1566 696280
1566 1567 58644
1567 1568 282116
1568 1569 616257
1569 1570 109142
1570 1571 23388
1571 1572 339236
1572 1573 56411
1573 1574 185684
1574 1575 380566
1575 1576 979254
1576 1577 926477
1577 1578 302110
1578 1579 135417
1579 1580 428944
1580 1581 642557
1581 1582 579544
1582 1583 642636
1583 1584 986071
1584 1585 486519
1585 1586 514016
1586 1587 693067
1587 1588 392945
1588 1589 153690
1589 1590 514327
1590 1591 901418
1591 1592 725920
1592 1593 47218
1593 1594 833585
1594 1595 715255
1595 1596 529488
1596 1597 250127
1597 1598 704358
1598 1599 449786
1599 1600 954039
1600 1601 185991
1601 1602 717005
1602 1603 429101
1603 1604 243259
1604 1605 81306
1605 1606 712997
1606 1607 936811
1607 1608 320704
1608 1609 891782
1609 1610 450972
1610 1611 888428
1611 1612 628521
1612 1613 59488
1613 1614 764626
1614 1615 140982
1615 1616 746664
1616 1617 523770
1617 1618 760724
1618 1619 959741
1619 1620 289338
1620 1621 338077
1621 1622 82434
1622 1623 759118
1623 1624 109396
1624 1625 853872
1625 1626 23593
1626 1627 286537
1627 1628 501296
1628 1629 642291
1629 1630 160787
1630 1631 989204
1631 1632 416626
1632 1633 578574
1633 1634 940450
1634 1635 415076
1635 1636 851930
1636 1637 741907
1637 1638 833125
1638 1639 817641
1639 1640 162672
1640 1641 210065
1641 1642 442749
1642 1643 150608
1643 1644 493381
1644 1645 546277
1645 1646 407764
1646 1647 205226
1647 1648 64199
1648 1649 831882
1649 1650 498403
1650 1651 483101
1651 1652 896259
1652 1653 992244
1653 1654 332833
1654 1655 239167
1655 1656 976507
1656 1657 80314
1657 1658 25943
1658 1659 988975
1659 1660 522776
1660 1661 879454
1661 1662 149547
1662 1663 422773
1663 1664 882148
1664 1665 733401
1665 1666 141775
1666 1667 801137
1667 1668 742052
1668 1669 515967
1669 1670 330603
1670 1671 137321
1671 1672 176180
1672 1673 724447
1673 1674 916399
1674 1675 669808
1675 1676 248560
1676 1677 985148
1677 1678 276118
1678 1679 262787
1679 1680 423126
1680 1681 76626
1681 1682 722774
1682 1683 352270
1683 1684 841712
1684 1685 357292
1685 1686 636961
1686 1687 486074
1687 1688 949157
1688 1689 287822
1689 1690 560202
1690 1691 81467
1691 1692 793180
1692 1693 139803
1693 1694 470086
1694 1695 185626
1695 1696 494905
1696 1697 417966
1697 1698 842988
1698 1699 231506
1699 1700 357767
1700 1701 229381
1701 1702 896963
1702 1703 898098
1703 1704 634951
1704 1705 77428
1705 1706 375149
1706 1707 24923
1707 1708 920889
1708 1709 462331
1709 1710 678195
1710 1711 611673
1711 1712 376601
1712 1713 168659
1713 1714 911927
1714 1715 172424
1715 1716 510957
1716 1717 958649
1717 1718 957153
1718 1719 141192
1719 1720 965540
1720 1721 487593
1721 1722 465861
1722 1723 610682
1723 1724 195323
1724 1725 314955
1725 1726 199645
1726 1727 834445
1727 1728 4575
1728 1729 309073
1729 1730 328925
1730 1731 856729
1731 1732 514405
1732 1733 292255
1733 1734 19099
1734 1735 217273
1735 1736 237653
1736 1737 771123
1737 1738 518968
1738 1739 529422
1739 1740 530026
1740 1741 384443
1741 1742 383277
1742 1743 565764
1743 1744 754827
1744 1745 788021
1745 1746 16583
1746 1747 198696
1747 1748 530023
1748 1749 841013
1749 1750 982748
1750 1751 992533
1751 1752 833729
1752 1753 11039
1753 1754 316949
1754 1755 630489
1755 1756 363442
1756 1757 713240
1757 1758 608976
1758 1759 530831
1759 1760 865736
1760 1761 77272
1761 1762 55765
1762 1763 555512
1763 1764 577316
1764 1765 435246
1765 1766 285927
1766 1767 446241
1767 1768 198258
1768 1769 86101
1769 1770 79282
1770 1771 148463
1771 1772 120969
1772 1773 762306
1773 1774 512264
1774 1775 292427
1775 1776 475046
1776 1777 225823
1777 1778 731060
1778 1779 902907
1779 1780 207326
1780 1781 795598
1781 1782 196187
1782 1783 813321
1783 1784 120159
1784 1785 287225
1785 1786 793769
1786 1787 52245
1787 1788 177110
1788 1789 10563
1789 1790 414139
1790 1791 538875
1791 1792 309378
1792 1793 394848
1793 1794 472164
1794 1795 408024
1795 1796 174940
1796 1797 692654
1797 1798 966675
1798 1799 987648
1799 1800 464216
1800 1801 408906
1801 1802 764119
1802 1803 416389
1803 1804 478592
1804 1805 80831
1805 1806 246959
1806 1807 115182
1807 1808 948968
1808 1809 842414
1809 1810 430957
1810 1811 447794
1811 1812 321202
1812 1813 697651
1813 1814 574241
1814 1815 259025
1815 1816 240096
1816 1817 459466
1817 1818 861104
1818 1819 580986
1819 1820 833464
1820 1821 810841
1821 1822 299827
1822 1823 821125
1823 1824 29895
1824 1825 480556
1825 1826 289287
1826 1827 165701
1827 1828 855802
1828 1829 618402
1829 1830 485009
1830 1831 481626
1831 1832 162098
1832 1833 635121
1833 1834 864360
1834 1835 268756
1835 1836 371589
1836 1837 662008
1837 1838 860401
1838 1839 716111
1839 1840 894220
1840 1841 484477
1841 1842 731485
1842 1843 571557
1843 1844 847573
1844 1845 568670
1845 1846 948307
1846 1847 227923
1847 1848 699003
1848 1849 281906
1849 1850 286416
1850 1851 263641
1851 1852 892026
1852 1853 11153
1853 1854 226699
1854 1855 272545
1855 1856 407345
1856 1857 270543
1857 1858 986792
1858 1859 53161
1859 1860 577905
1860 1861 368168
1861 1862 374439
1862 1863 861568
1863 1864 78224
1864 1865 776337
1865 1866 581870
1866 1867 474254
1867 1868 531328
1868 1869 97310
1869 1870 760192
1870 1871 124797
1871 1872 135045
1872 1873 929380
1873 1874 231276
1874 1875 963082
1875 1876 230037
1876 1877 397128
1877 1878 819622
1878 1879 943689
1879 1880 432563
1880 1881 914126
1881 1882 148058
1882 1883 928994
1883 1884 199144
1884 1885 604266
1885 1886 413701
1886 1887 610085
1887 1888 670228
1888 1889 832047
1889 1890 89744
1890 1891 965475
1891 1892 284907
1892 1893 401605
1893 1894 672268
1894 1895 184409
1895 1896 888361
1896 1897 201294
1897 1898 261181
1898 1899 634962
1899 1900 740352
1900 1901 494528
1901 1902 501434
1902 1903 498441
1903 1904 653072
1904 1905 997998
1905 1906 59338
1906 1907 663226
1907 1908 901561
1908 1909 633215
1909 1910 166456
1910 1911 909341
1911 1912 956626
1912 1913 920869
1913 1914 279165
1914 1915 408430
1915 1916 697134
1916 1917 727577
1917 1918 607296
1918 1919 342192
1919 1920 26877
1920 1921 565359
1921 1922 502428
1922 1923 817671
1923 1924 39351
1924 1925 200259
1925 1926 471671
1926 1927 982223
1927 1928 85035
1928 1929 240757
1929 1930 761703
1930 1931 145716
1931 1932 142793
1932 1933 992823
1933 1934 200498
1934 1935 577386
1935 1936 581470
1936 1937 507453
1937 1938 779577
1938 1939 174624
1939 1940 355464
1940 1941 323625
1941 1942 58526
1942 1943 314939
1943 1944 418577
1944 1945 424637
1945 1946 509143
1946 1947 332610
1947 1948 863912
1948 1949 249372
1949 1950 932255
1950 1951 944815
1951 1952 275355
1952 1953 232575
1953 1954 221493
1954 1955 506135
1955 1956 175037
1956 1957 86711
1957 1958 326285
1958 1959 988268
1959 1960 611847
1960 1961 183434
1961 1962 84328
1962 1963 74065
1963 1964 432680
1964 1965 619891
1965 1966 435697
1966 1967 483030
1967 1968 321249
1968 1969 345973
1969 1970 704465
1970 1971 897563
1971 1972 916226
1972 1973 28736
1973 1974 638205
1974 1975 617613
1975 1976 909380
1976 1977 673220
1977 1978 373164
1978 1979 597147
1979 1980 40013
1980 1981 544887
1981 1982 346483
1982 1983 102030
1983 1984 106491
1984 1985 447700
1985 1986 519667
1986 1987 845348
1987 1988 771144
1988 1989 726927
1989 1990 94839
1990 1991 312324
1991 1992 597885
1992 1993 157833
1993 1994 543083
1994 1995 529416
1995 1996 351445
1996 1997 12297
1997 1998 303926
1998 1999 817604
1999 2000 610684
2000 2001 400705
2001 2002 217985
2002 2003 984246
2003 2004 607239
2004 2005 455557
2005 2006 662714
2006 2007 155967
2007 2008 890818
2008 2009 546873
2009 2010 819819
2010 2011 681258
2011 2012 836866
2012 2013 849213
2013 2014 777676
2014 2015 632659
2015 2016 272692
2016 2017 916513
2017 2018 463046
2018 2019 843071
2019 2020 210304
2020 2021 88441
2021 2022 185901
2022 2023 97333
2023 2024 294556
2024 2025 222896
2025 2026 670036
2026 2027 491698
2027 2028 934237
2028 2029 885379
2029 2030 575063
2030 2031 397997
2031 2032 573421
2032 2033 33068
2033 2034 379582
2034 2035 922479
2035 2036 470945
2036 2037 252875
2037 2038 235908
2038 2039 795277
2039 2040 912798
2040 2041 765679
2041 2042 267630
2042 2043 59389
2043 2044 72770
2044 2045 67943
2045 2046 651178
2046 2047 863380
2047 2048 908764
2048 2049 262005
2049 2050 771304
2050 2051 742190
2051 2052 605519
2052 2053 804419
2053 2054 300159
2054 2055 291202
2055 2056 136178
2056 2057 262208
2057 2058 304513
2058 2059 343757
2059 2060 142038
2060 2061 76058
2061 2062 504974
2062 2063 33208
2063 2064 938279
2064 2065 321282
2065 2066 260900
2066 2067 770651
2067 2068 302497
2068 2069 723102
2069 2070 140076
2070 2071 612937
2071 2072 401313
2072 2073 579711
2073 2074 743285
2074 2075 247769
2075 2076 954610
2076 2077 748314
2077 2078 244369
2078 2079 276352
2079 2080 536912
2080 2081 972668
2081 2082 109073
2082 2083 953303
2083 2084 836686
2084 2085 187019
2085 2086 742932
2086 2087 568495
2087 2088 779236
2088 2089 897429
2089 2090 118323
2090 2091 639652
2091 2092 20364
2092 2093 204350
2093 2094 81179
2094 2095 486962
2095 2096 230386
2096 2097 215933
2097 2098 331811
2098 2099 618888
2099 2100 202560
2100 2101 230268
2101 2102 86373
2102 2103 642745
2103 2104 107564
2104 2105 807719
2105 2106 378594
2106 2107 207806
2107 2108 655950
2108 2109 933052
2109 2110 694585
2110 2111 708174
2111 2112 302730
2112 2113 475952
2113 2114 406203
2114 2115 776210
2115 2116 709851
2116 2117 362136
2117 2118 653893
2118 2119 715361
2119 2120 794934
2120 2121 113182
2121 2122 350858
2122 2123 628714
2123 2124 741662
2124 2125 450114
2125 2126 594574
2126 2127 210552
2127 2128 437822
2128 2129 74212
2129 2130 362542
2130 2131 543938
2131 2132 662280
2132 2133 793454
2133 2134 410683
2134 2135 156003
2135 2136 970470
2136 2137 906565
2137 2138 788489
2138 2139 293592
2139 2140 460675
2140 2141 216629
2141 2142 260306
2142 2143 805850
2143 2144 822004
2144 2145 218856
2145 2146 138510
2146 2147 185096
2147 2148 250782
2148 2149 838608
2149 2150 858225
2150 2151 140268
2151 2152 17556
2152 2153 535929
2153 2154 345957
2154 2155 498386
2155 2156 764295
2156 2157 345262
2157 2158 756371
2158 2159 601503
2159 2160 488901
2160 2161 388979
2161 2162 305823
2162 2163 906574
2163 2164 543821
2164 2165 923574
2165 2166 289624
2166 2167 619256
2167 2168 631147
2168 2169 672603
2169 2170 15655
2170 2171 469624
2171 2172 153710
2172 2173 932630
2173 2174 854558
2174 2175 201678
2175 2176 302687
2176 2177 235319
2177 2178 751541
2178 2179 396939
2179 2180 755470
2180 2181 480074
2181 2182 274537
2182 2183 197664
2183 2184 319671
2184 2185 117500
2185 2186 716314
2186 2187 684804
2187 2188 382063
2188 2189 320822
2189 2190 185663
2190 2191 418516
2191 2192 464809
2192 2193 77105
2193 2194 733342
2194 2195 935038
2195 2196 596458
2196 2197 242060
2197 2198 115687
2198 2199 487868
2199 2200 283616
2200 2201 620536
2201 2202 736818
2202 2203 513505
2203 2204 314090
2204 2205 95278
2205 2206 602673
2206 2207 493450
2207 2208 368319
2208 2209 250190
2209 2210 57253
2210 2211 675759
2211 2212 201097
2212 2213 454977
2213 2214 311391
2214 2215 318113
2215 2216 336165
2216 2217 860323
2217 2218 65785
2218 2219 615569
2219 2220 291087
2220 2221 260567
2221 2222 794556
2222 2223 325307
2223 2224 762362
2224 2225 145494
2225 2226 637021
2226 2227 331349
2227 2228 383415
2228 2229 295391
2229 2230 579987
2230 2231 56843
2231 2232 315550
2232 2233 503421
2233 2234 711133
2234 2235 619501
2235 2236 125315
2236 2237 336932
2237 2238 782920
2238 2239 792448
2239 2240 552057
2240 2241 399667
2241 2242 638763
2242 2243 682935
2243 2244 66484
2244 2245 755230
2245 2246 798310
2246 2247 284119
2247 2248 657919
2248 2249 117272
2249 2250 678108
2250 2251 504244
2251 2252 227764
2252 2253 288140
2253 2254 896323
2254 2255 805240
2255 2256 411416
2256 2257 540012
2257 2258 423444
2258 2259 853147
2259 2260 639577
2260 2261 261177
2261 2262 361472
2262 2263 114319
2263 2264 701295
2264 2265 809347
2265 2266 989660
2266 2267 487133
2267 2268 906670
2268 2269 230925
2269 2270 58484
2270 2271 502055
2271 2272 334302
2272 2273 157160
2273 2274 45237
2274 2275 388386
2275 2276 432033
2276 2277 510024
2277 2278 82147
2278 2279 694390
2279 2280 640023
2280 2281 709827
2281 2282 352339
2282 2283 735733
2283 2284 885107
2284 2285 106020
2285 2286 676332
2286 2287 709986
2287 2288 916448
2288 2289 116169
2289 2290 600053
2290 2291 925352
2291 2292 730170
2292 2293 791344
2293 2294 176814
2294 2295 161769
2295 2296 903812
2296 2297 763832
2297 2298 902905
2298 2299 755709
2299 2300 360564
2300 2301 670057
2301 2302 283117
2302 2303 482767
2303 2304 51675
2304 2305 40084
2305 2306 994704
2306 2307 709858
2307 2308 531167
2308 2309 376993
2309 2310 63609
2310 2311 65891
2311 2312 500133
2312 2313 225810
2313 2314 985628
2314 2315 441467
2315 2316 707741
2316 2317 892675
2317 2318 455864
2318 2319 721698
2319 2320 371926
2320 2321 198114
2321 2322 418552
2322 2323 204895
2323 2324 237293
2324 2325 532384
2325 2326 434441
2326 2327 769261
2327 2328 190676
2328 2329 106433
2329 2330 21172
2330 2331 555324
2331 2332 238082
2332 2333 535827
2333 2334 17864
2334 2335 631222
2335 2336 26328
2336 2337 659611
2337 2338 419151
2338 2339 205834
2339 2340 767243
2340 2341 223998
2341 2342 430442
2342 2343 228628
2343 2344 654561
2344 2345 537438
2345 2346 159617
2346 2347 534258
2347 2348 458666
2348 2349 625675
2349 2350 529942
2350 2351 852009
2351 2352 616851
2352 2353 188066
2353 2354 796983
2354 2355 866905
2355 2356 700814
2356 2357 868767
2357 2358 780625
2358 2359 799538
2359 2360 106977
2360 2361 523680
2361 2362 641475
2362 2363 204267
2363 2364 373519
2364 2365 799264
2365 2366 648588
2366 2367 480627
2367 2368 310997
2368 2369 131393
2369 2370 569864
2370 2371 552341
2371 2372 426048
2372 2373 186540
2373 2374 328034
2374 2375 427800
2375 2376 71465
2376 2377 746683
2377 2378 49686
2378 2379 102338
2379 2380 717768
2380 2381 699653
2381 2382 169383
2382 2383 189175
2383 2384 603690
2384 2385 854104
2385 2386 168827
2386 2387 851015
2387 2388 764392
2388 2389 305225
2389 2390 542860
2390 2391 557906
2391 2392 127164
2392 2393 482410
2393 2394 278457
2394 2395 491246
2395 2396 57404
2396 2397 519001
2397 2398 972286
2398 2399 611280
2399 2400 924494
2400 2401 956084
2401 2402 251418
2402 2403 648297
2403 2404 260072
2404 2405 505813
2405 2406 235905
2406 2407 642924
2407 2408 129666
2408 2409 746964
2409 2410 566546
2410 2411 69022
2411 2412 190447
2412 2413 564940
2413 2414 224851
2414 2415 319172
2415 2416 602794
2416 2417 911849
2417 2418 359633
2418 2419 713896
2419 2420 187026
2420 2421 16864
2421 2422 863727
2422 2423 864446
2423 2424 479584
2424 2425 657332
2425 2426 881777
2426 2427 364633
2427 2428 264597
2428 2429 11119
2429 2430 115712
2430 2431 460391
2431 2432 247754
2432 2433 66917
2433 2434 715104
2434 2435 756012
2435 2436 867930
2436 2437 860557
2437 2438 664707
2438 2439 872018
2439 2440 147080
2440 2441 800832
2441 2442 516321
2442 2443 641010
2443 2444 418237
2444 2445 397848
2445 2446 129334
2446 2447 921475
2447 2448 176082
2448 2449 750737
2449 2450 213305
2450 2451 700480
2451 2452 890882
2452 2453 678762
2453 2454 870158
2454 2455 554255
2455 2456 995933
2456 2457 385650
2457 2458 412056
2458 2459 739864
2459 2460 463102
2460 2461 573053
2461 2462 130806
2462 2463 22060
2463 2464 365209
2464 2465 434724
2465 2466 827554
2466 2467 380489
2467 2468 466815
2468 2469 306460
2469 2470 987028
2470 2471 504396
2471 2472 693171
2472 2473 720521
2473 2474 242140
2474 2475 557850
2475 2476 645617
2476 2477 775898
2477 2478 418463
2478 2479 830562
2479 2480 832696
2480 2481 884092
2481 2482 60272
2482 2483 971931
2483 2484 376779
2484 2485 142117
2485 2486 121330
2486 2487 637808
2487 2488 139226
2488 2489 827647
2489 2490 641865
2490 2491 712405
2491 2492 632796
2492 2493 41776
2493 2494 860750
2494 2495 451166
2495 2496 976193
2496 2497 727803
2497 2498 439529
2498 2499 195789
2499 2500 385928
2500 2501 724735
2501 2502 89563
2502 2503 237498
2503 2504 465985
2504 2505 632902
2505 2506 313471
2506 2507 615130
2507 2508 955705
2508 2509 932717
2509 2510 901605
2510 2511 981933
2511 2512 428658
2512 2513 64571
2513 2514 234014
2514 2515 872898
2515 2516 562958
2516 2517 449023
2517 2518 748644
2518 2519 759105
2519 2520 297680
2520 2521 446303
2521 2522 411396
2522 2523 19197
2523 2524 307890
2524 2525 345454
2525 2526 347129
2526 2527 790295
2527 2528 707327
2528 2529 826278
2529 2530 195123
2530 2531 926373
2531 2532 509744
2532 2533 562607
2533 2534 616108
2534 2535 846465
2535 2536 68176
2536 2537 139116
2537 2538 727715
2538 2539 509053
2539 2540 139798
2540 2541 620095
2541 2542 664624
2542 2543 272456
2543 2544 914461
2544 2545 189606
2545 2546 652248
2546 2547 334202
2547 2548 260495
2548 2549 201148
2549 2550 390456
2550 2551 336976
2551 2552 64354
2552 2553 862682
2553 2554 812687
2554 2555 961720
2555 2556 563694
2556 2557 344101
2557 2558 727559
2558 2559 53955
2559 2560 673033
2560 2561 913870
2561 2562 564773
2562 2563 582944
2563 2564 703367
2564 2565 468492
2565 2566 985776
2566 2567 523221
2567 2568 714931
2568 2569 639452
2569 2570 603421
2570 2571 874155
2571 2572 161810
2572 2573 77777
2573 2574 462544
2574 2575 716775
2575 2576 300726
2576 2577 53414
2577 2578 17368
2578 2579 79934
2579 2580 662528
2580 2581 877447
2581 2582 641768
2582 2583 335474
2583 2584 408424
2584 2585 929494
2585 2586 524951
2586 2587 228974
2587 2588 156892
2588 2589 358655
2589 2590 834859
2590 2591 508569
2591 2592 332672
2592 2593 60414
2593 2594 699691
2594 2595 313795
2595 2596 312760
2596 2597 359854
2597 2598 421042
2598 2599 665876
2599 2600 993102
2600 2601 962307
2601 2602 90047
2602 2603 247174
2603 2604 515898
2604 2605 615249
2605 2606 523379
2606 2607 819945
2607 2608 394250
2608 2609 713647
2609 2610 464586
2610 2611 853617
2611 2612 662627
2612 2613 176672
2613 2614 368190
2614 2615 259855
2615 2616 503852
2616 2617 995894
2617 2618 45818
2618 2619 295135
2619 2620 336176
2620 2621 190272
2621 2622 760873
2622 2623 394209
2623 2624 940560
2624 2625 855766
2625 2626 124057
2626 2627 976870
2627 2628 170363
2628 2629 267894
2629 2630 693769
2630 2631 638877
2631 2632 387202
2632 2633 489840
2633 2634 426968
2634 2635 373617
2635 2636 625621
2636 2637 455248
2637 2638 381476
2638 2639 748873
2639 2640 160989
2640 2641 337249
2641 2642 900661
2642 2643 852668
2643 2644 662260
2644 2645 606801
2645 2646 917300
2646 2647 496425
2647 2648 157853
2648 2649 105992
2649 2650 414328
2650 2651 978502
2651 2652 770650
2652 2653 215458
2653 2654 317727
2654 2655 333670
2655 2656 1839
2656 2657 464977
2657 2658 150378
2658 2659 320474
2659 2660 858070
2660 2661 797856
2661 2662 175666
2662 2663 223566
2663 2664 132910
2664 2665 797644
2665 2666 149762
2666 2667 772
2667 2668 34880
2668 2669 920108
2669 2670 124822
2670 2671 974411
2671 2672 613275
2672 2673 231303
2673 2674 59014
2674 2675 536326
2675 2676 862740
2676 2677 310814
2677 2678 34457
2678 2679 868393
2679 2680 821208
2680 2681 119998
2681 2682 371332
2682 2683 465090
2683 2684 863215
2684 2685 639759
2685 2686 793189
2686 2687 43438
2687 2688 213107
2688 2689 445636
2689 2690 391409
2690 2691 588860
2691 2692 245236
2692 2693 300416
2693 2694 334418
2694 2695 122687
2695 2696 356929
2696 2697 645575
2697 2698 590343
2698 2699 323837
2699 2700 282935
2700 2701 616304
2701 2702 421916
2702 2703 790962
2703 2704 874136
2704 2705 854364
2705 2706 607828
2706 2707 118664
2707 2708 978809
2708 2709 173712
2709 2710 942252
2710 2711 145935
2711 2712 713878
2712 2713 937222
2713 2714 252549
2714 2715 212829
2715 2716 448928
2716 2717 496838
2717 2718 180568
2718 2719 374431
2719 2720 450483
2720 2721 697030
2721 2722 875829
2722 2723 496185
2723 2724 205659
2724 2725 272915
2725 2726 506643
2726 2727 760837
2727 2728 494435
2728 2729 92706
2729 2730 214405
2730 2731 840684
2731 2732 745901
2732 2733 793130
2733 2734 296442
2734 2735 235264
2735 2736 886945
2736 2737 76428
2737 2738 416415
2738 2739 917595
2739 2740 899339
2740 2741 399952
2741 2742 601988
2742 2743 125586
2743 2744 85668
2744 2745 630981
2745 2746 633693
2746 2747 562718
2747 2748 975131
2748 2749 548387
2749 2750 864816
2750 2751 848377
2751 2752 366033
2752 2753 438645
2753 2754 935586
2754 2755 93056
2755 2756 700126
2756 2757 732242
2757 2758 628359
2758 2759 539095
2759 2760 556518
2760 2761 62306
2761 2762 917035
2762 2763 502784
2763 2764 712144
2764 2765 182352
2765 2766 94487
2766 2767 678139
2767 2768 174470
2768 2769 668857
2769 2770 560905
2770 2771 172319
2771 2772 893232
2772 2773 775817
2773 2774 82582
2774 2775 49399
2775 2776 726036
2776 2777 246655
2777 2778 348481
2778 2779 864983
2779 2780 270701
2780 2781 14998
2781 2782 194606
2782 2783 672169
2783 2784 398857
2784 2785 74268
2785 2786 261894
2786 2787 400472
2787 2788 594636
2788 2789 849999
2789 2790 190375
2790 2791 405422
2791 2792 453773
2792 2793 786832
2793 2794 403773
2794 2795 381360
2795 2796 662349
2796 2797 546219
2797 2798 863374
2798 2799 632261
2799 2800 164513
2800 2801 992400
2801 2802 387581
2802 2803 439344
2803 2804 481971
2804 2805 352967
2805 2806 735440
2806 2807 904776
2807 2808 557809
2808 2809 488991
2809 2810 583021
2810 2811 124749
2811 2812 264707
2812 2813 538950
2813 2814 95487
2814 2815 253235
2815 2816 392552
2816 2817 887938
2817 2818 414939
2818 2819 244435
2819 2820 386417
2820 2821 565220
2821 2822 191457
2822 2823 984123
2823 2824 154246
2824 2825 861124
2825 2826 752766
2826 2827 662286
2827 2828 526438
2828 2829 683572
2829 2830 231143
2830 2831 894850
2831 2832 841281
2832 2833 460639
2833 2834 899964
2834 2835 312074
2835 2836 686153
2836 2837 226294
2837 2838 195949
2838 2839 803673
2839 2840 765238
2840 2841 712250
2841 2842 439663
2842 2843 790613
2843 2844 641545
2844 2845 394143
2845 2846 897132
2846 2847 916342
2847 2848 247987
2848 2849 221330
2849 2850 148238
2850 2851 739173
2851 2852 302301
2852 2853 788492
2853 2854 93938
2854 2855 300607
2855 2856 900267
2856 2857 385992
2857 2858 589717
2858 2859 513478
2859 2860 21711
2860 2861 897286
2861 2862 662342
2862 2863 297020
2863 2864 93308
2864 2865 806905
2865 2866 591575
2866 2867 45045
2867 2868 35303
2868 2869 991773
2869 2870 230866
2870 2871 45600
2871 2872 575197
2872 2873 586342
2873 2874 997568
2874 2875 370447
2875 2876 722697
2876 2877 862303
2877 2878 761758
2878 2879 287614
2879 2880 687503
2880 2881 615053
2881 2882 625299
2882 2883 752953
2883 2884 837495
2884 2885 637546
2885 2886 475959
2886 2887 755335
2887 2888 732721
2888 2889 983329
2889 2890 929590
2890 2891 665921
2891 2892 917014
2892 2893 4668
2893 2894 393205
2894 2895 921608
2895 2896 81268
2896 2897 816701
2897 2898 803141
2898 2899 860507
2899 2900 70311
2900 2901 361322
2901 2902 548609
2902 2903 621599
2903 2904 55271
2904 2905 336305
2905 2906 865943
2906 2907 622018
2907 2908 625839
2908 2909 86060
2909 2910 757192
2910 2911 8753
2911 2912 12558
2912 2913 477504
2913 2914 626348
2914 2915 781029
2915 2916 506619
2916 2917 351909
2917 2918 894945
2918 2919 68477
2919 2920 366813
2920 2921 586575
2921 2922 284436
2922 2923 394037
2923 2924 870284
2924 2925 508829
2925 2926 295899
2926 2927 730765
2927 2928 817757
2928 2929 67106
2929 2930 416489
2930 2931 301570
2931 2932 836498
2932 2933 538910
2933 2934 698661
2934 2935 245106
2935 2936 658650
2936 2937 856538
2937 2938 357854
2938 2939 890266
2939 2940 240292
2940 2941 931562
2941 2942 85707
2942 2943 157232
2943 2944 891284
2944 2945 877056
2945 2946 800617
2946 2947 14913
2947 2948 781804
2948 2949 369412
2949 2950 888033
2950 2951 772275
2951 2952 217155
2952 2953 736622
2953 2954 69573
2954 2955 362554
2955 2956 372210
2956 2957 438327
2957 2958 613491
2958 2959 939582
2959 2960 45886
2960 2961 533208
2961 2962 633312
2962 2963 302537
2963 2964 430693
2964 2965 35744
2965 2966 421527
2966 2967 956000
2967 2968 3555
2968 2969 578204
2969 2970 734003
2970 2971 201211
2971 2972 410784
2972 2973 182182
2973 2974 760527
2974 2975 481328
2975 2976 920283
2976 2977 599887
2977 2978 302387
2978 2979 955008
2979 2980 120719
2980 2981 647788
2981 2982 242880
2982 2983 402978
2983 2984 761930
2984 2985 989708
2985 2986 349680
2986 2987 362100
2987 2988 104288
2988 2989 671868
2989 2990 272846
2990 2991 360572
2991 2992 423917
2992 2993 627946
2993 2994 774872
2994 2995 127185
2995 2996 402996
2996 2997 907127
2997 2998 256461
2998 2999 799185
2999 3000 110420
3000 3001 150786
3001 3002 481957
3002 3003 224214
3003 3004 149817
3004 3005 400554
3005 3006 171497
3006 3007 742567
3007 3008 261148
3008 3009 13725
3009 3010 428526
3010 3011 386712
3011 3012 989287
3012 3013 253710
3013 3014 521123
3014 3015 591054
3015 3016 519785
3016 3017 476105
3017 3018 682099
3018 3019 440199
3019 3020 223103
3020 3021 214789
3021 3022 155736
3022 3023 358729
3023 3024 159271
3024 3025 582080
3025 3026 634277
3026 3027 287204
3027 3028 105163
3028 3029 240043
3029 3030 707054
3030 3031 506990
3031 3032 123444
3032 3033 615503
3033 3034 118686
3034 3035 469743
3035 3036 160024
3036 3037 956921
3037 3038 539062
3038 3039 839323
3039 3040 3620
3040 3041 933728
3041 3042 292797
3042 3043 951878
3043 3044 380067
3044 3045 353798
3045 3046 580655
3046 3047 955375
3047 3048 351031
3048 3049 807172
3049 3050 725321
3050 3051 683562
3051 3052 42198
3052 3053 887426
3053 3054 956647
3054 3055 723349
3055 3056 660823
3056 3057 476691
3057 3058 372507
3058 3059 291070
3059 3060 428608
3060 3061 175300
3061 3062 481295
3062 3063 566288
3063 3064 757550
3064 3065 59349
3065 3066 153834
3066 3067 734250
3067 3068 857511
3068 3069 428925
3069 3070 305406
3070 3071 12124
3071 3072 842980
3072 3073 707555
3073 3074 87849
3074 3075 474407
3075 3076 83114
3076 3077 801305
3077 3078 795104
3078 3079 241
3079 3080 620659
3080 3081 188679
3081 3082 681537
3082 3083 928902
3083 3084 376161
3084 3085 830921
3085 3086 642810
3086 3087 621744
3087 3088 577657
3088 3089 203833
3089 3090 607271
3090 3091 771615
3091 3092 841208
3092 3093 228735
3093 3094 517148
3094 3095 205776
3095 3096 211968
3096 3097 448374
3097 3098 213053
3098 3099 787516
3099 3100 261638
3100 3101 588683
3101 3102 424196
3102 3103 460613
3103 3104 408605
3104 3105 54072
3105 3106 99118
3106 3107 542996
3107 3108 498243
3108 3109 348543
3109 3110 526725
3110 3111 848361
3111 3112 299231
3112 3113 490352
3113 3114 340313
3114 3115 689451
3115 3116 996147
3116 3117 851256
3117 3118 724076
3118 3119 315764
3119 3120 867934
3120 3121 903403
3121 3122 59672
3122 3123 412411
3123 3124 159209
3124 3125 121252
3125 3126 594966
3126 3127 282751
3127 3128 62988
3128 3129 277514
3129 3130 269206
3130 3131 973717
3131 3132 212862
3132 3133 546267
3133 3134 1368
3134 3135 989059
3135 3136 447828
3136 3137 722848
3137 3138 271685
3138 3139 2385
3139 3140 343055
3140 3141 440124
3141 3142 465483
3142 3143 124284
3143 3144 255624
3144 3145 59632
3145 3146 729446
3146 3147 639987
3147 3148 748883
3148 3149 331279
3149 3150 9381
3150 3151 764515
3151 3152 698275
3152 3153 890767
3153 3154 401663
3154 3155 634059
3155 3156 675395
3156 3157 102369
3157 3158 712722
3158 3159 721711
3159 3160 752296
3160 3161 511642
3161 3162 577772
3162 3163 564395
3163 3164 699829
3164 3165 729272
3165 3166 681986
3166 3167 179572
3167 3168 893674
3168 3169 533560
3169 3170 799456
3170 3171 343596
3171 3172 612472
3172 3173 34609
3173 3174 959067
3174 3175 713677
3175 3176 308181
3176 3177 507215
3177 3178 380553
3178 3179 857825
3179 3180 664961
3180 3181 463018
3181 3182 303217
3182 3183 617078
3183 3184 95215
3184 3185 510407
3185 3186 296049
3186 3187 711868
3187 3188 842465
3188 3189 67654
3189 3190 748400
3190 3191 691344
3191 3192 651196
3192 3193 335100
3193 3194 55330
3194 3195 539278
3195 3196 701769
3196 3197 242669
3197 3198 531763
3198 3199 371747
3199 3200 294946
3200 3201 554269
3201 3202 693513
3202 3203 903709
3203 3204 247851
3204 3205 964551
3205 3206 553788
3206 3207 277743
3207 3208 18287
3208 3209 128298
3209 3210 354062
3210 3211 712146
3211 3212 905031
3212 3213 77496
3213 3214 652567
3214 3215 323533
3215 3216 23482
3216 3217 780013
3217 3218 266732
3218 3219 603
3219 3220 922271
3220 3221 636968
3221 3222 836203
3222 3223 535498
3223 3224 157843
3224 3225 460560
3225 3226 361469
3226 3227 140003
3227 3228 836357
3228 3229 549746
3229 3230 564408
3230 3231 583462
3231 3232 998676
3232 3233 352948
3233 3234 319204
3234 3235 840994
3235 3236 294456
3236 3237 485769
3237 3238 446603
3238 3239 441934
3239 3240 435737
3240 3241 563330
3241 3242 786146
3242 3243 697058
3243 3244 154968
3244 3245 345658
3245 3246 71773
3246 3247 754485
3247 3248 266581
3248 3249 409623
3249 3250 126998
3250 3251 330771
3251 3252 522821
3252 3253 953567
3253 3254 888907
3254 3255 313209
3255 3256 276130
3256 3257 662949
3257 3258 449689
3258 3259 193488
3259 3260 136650
3260 3261 359104
3261 3262 951193
3262 3263 251207
3263 3264 762406
3264 3265 241095
3265 3266 877220
3266 3267 190865
3267 3268 634680
3268 3269 625174
3269 3270 750369
3270 3271 91735
3271 3272 57019
3272 3273 706171
3273 3274 589453
3274 3275 957065
3275 3276 670252
3276 3277 901259
3277 3278 111164
3278 3279 189364
3279 3280 634282
3280 3281 679866
3281 3282 987027
3282 3283 996067
3283 3284 755643
3284 3285 254617
3285 3286 927176
3286 3287 204187
3287 3288 125523
3288 3289 540130
3289 3290 973476
3290 3291 487077
3291 3292 53268
3292 3293 528001
3293 3294 350616
3294 3295 77411
3295 3296 557955
3296 3297 550875
3297 3298 316152
3298 3299 995158
3299 3300 401783
3300 3301 726096
3301 3302 844940
3302 3303 550056
3303 3304 692335
3304 3305 113890
3305 3306 873216
3306 3307 938663
3307 3308 187378
3308 3309 61378
3309 3310 362084
3310 3311 558699
3311 3312 1881
3312 3313 714625
3313 3314 524914
3314 3315 337296
3315 3316 971673
3316 3317 893908
3317 3318 405228
3318 3319 273774
3319 3320 514411
3320 3321 284260
3321 3322 407202
3322 3323 618087
3323 3324 947811
3324 3325 891820
3325 3326 525312
3326 3327 876909
3327 3328 85480
3328 3329 520537
3329 3330 674948
3330 3331 764636
3331 3332 509263
3332 3333 277142
3333 3334 128075
3334 3335 243843
3335 3336 751496
3336 3337 355261
3337 3338 359853
3338 3339 295392
3339 3340 247501
3340 3341 229232
3341 3342 235096
3342 3343 884877
3343 3344 597835
3344 3345 583001
3345 3346 458982
3346 3347 938061
3347 3348 438466
3348 3349 147002
3349 3350 476439
3350 3351 416698
3351 3352 180972
3352 3353 235440
3353 3354 771664
3354 3355 580219
3355 3356 474478
3356 3357 451490
3357 3358 301533
3358 3359 729291
3359 3360 122113
3360 3361 147186
3361 3362 21943
3362 3363 777701
3363 3364 79756
3364 3365 582803
3365 3366 531498
3366 3367 451319
3367 3368 621134
3368 3369 523326
3369 3370 415084
3370 3371 938668
3371 3372 317609
3372 3373 209334
3373 3374 489409
3374 3375 112884
3375 3376 727813
3376 3377 66912
3377 3378 979088
3378 3379 737250
3379 3380 403326
3380 3381 219084
3381 3382 75944
3382 3383 635441
3383 3384 293127
3384 3385 361069
3385 3386 961382
3386 3387 872888
3387 3388 430488
3388 3389 888681
3389 3390 73708
3390 3391 830840
3391 3392 925975
3392 3393 575484
3393 3394 53340
3394 3395 412142
3395 3396 125449
3396 3397 787219
3397 3398 858985
3398 3399 917831
3399 3400 795775
3400 3401 775243
3401 3402 794383
3402 3403 783859
3403 3404 370275
3404 3405 740879
3405 3406 998009
3406 3407 460780
3407 3408 662632
3408 3409 910773
3409 3410 481238
3410 3411 568139
3411 3412 81742
3412 3413 324715
3413 3414 104268
3414 3415 913143
3415 3416 565235
3416 3417 95866
3417 3418 363746
3418 3419 299926
3419 3420 433665
3420 3421 332006
3421 3422 866077
3422 3423 888601
3423 3424 650203
3424 3425 414391
3425 3426 907988
3426 3427 292829
3427 3428 670953
3428 3429 493342
3429 3430 724224
3430 3431 826198
3431 3432 706857
3432 3433 648810
3433 3434 738680
3434 3435 934345
3435 3436 66195
3436 3437 530806
3437 3438 803313
3438 3439 904909
3439 3440 893469
3440 3441 64474
3441 3442 47345
3442 3443 289561
3443 3444 330758
3444 3445 558437
3445 3446 105523
3446 3447 762910
3447 3448 177338
3448 3449 753074
3449 3450 973068
3450 3451 629618
3451 3452 486902
3452 3453 422500
3453 3454 908709
3454 3455 905758
3455 3456 1931
3456 3457 865837
3457 3458 217866
3458 3459 714139
3459 3460 762428
3460 3461 807149
3461 3462 784414
3462 3463 816762
3463 3464 664157
3464 3465 521390
3465 3466 8598
3466 3467 543736
3467 3468 836450
3468 3469 250472
3469 3470 633587
3470 3471 824862
3471 3472 283939
3472 3473 930192
3473 3474 630057
3474 3475 735004
3475 3476 823138
3476 3477 385860
3477 3478 698130
3478 3479 108301
3479 3480 189969
3480 3481 746539
3481 3482 669838
3482 3483 233021
3483 3484 414944
3484 3485 263605
3485 3486 362492
3486 3487 571290
3487 3488 798535
3488 3489 711399
3489 3490 670249
3490 3491 372709
3491 3492 315389
3492 3493 584676
3493 3494 186528
3494 3495 58256
3495 3496 41030
3496 3497 3073
3497 3498 23836
3498 3499 361401
3499 3500 224700
3500 3501 255309
3501 3502 59234
3502 3503 158873
3503 3504 59145
3504 3505 957708
3505 3506 241040
3506 3507 473340
3507 3508 917776
3508 3509 728513
3509 3510 182440
3510 3511 490283
3511 3512 714667
3512 3513 190059
3513 3514 434853
3514 3515 380157
3515 3516 64808
3516 3517 999422
3517 3518 467553
3518 3519 440466
3519 3520 432513
3520 3521 520257
3521 3522 322030
3522 3523 16326
3523 3524 532850
3524 3525 119318
3525 3526 865809
3526 3527 714226
3527 3528 619980
3528 3529 384976
3529 3530 319286
3530 3531 130511
3531 3532 79582
3532 3533 1893
3533 3534 739515
3534 3535 126473
3535 3536 478780
3536 3537 396697
3537 3538 659400
3538 3539 804999
3539 3540 124161
3540 3541 166169
3541 3542 38610
3542 3543 101022
3543 3544 386561
3544 3545 535538
3545 3546 919176
3546 3547 707033
3547 3548 283872
3548 3549 739261
3549 3550 256603
3550 3551 884409
3551 3552 738699
3552 3553 2058
3553 3554 367501
3554 3555 756283
3555 3556 285359
3556 3557 189600
3557 3558 717668
3558 3559 722543
3559 3560 666949
3560 3561 992110
3561 3562 815915
3562 3563 90306
3563 3564 967936
3564 3565 321317
3565 3566 564639
3566 3567 769503
3567 3568 41622
3568 3569 740098
3569 3570 491045
3570 3571 694520
3571 3572 444276
3572 3573 711096
3573 3574 613263
3574 3575 300214
3575 3576 136331
3576 3577 882357
3577 3578 986191
3578 3579 82685
3579 3580 988909
3580 3581 552048
3581 3582 169016
3582 3583 461658
3583 3584 513545
3584 3585 146304
3585 3586 924299
3586 3587 486918
3587 3588 263849
3588 3589 952997
3589 3590 218911
3590 3591 460661
3591 3592 938509
3592 3593 65407
3593 3594 709260
3594 3595 791532
3595 3596 95794
3596 3597 179236
3597 3598 367468
3598 3599 44116
3599 3600 440766
3600 3601 357763
3601 3602 61019
3602 3603 10925
3603 3604 946863
3604 3605 573258
3605 3606 953480
3606 3607 25866
3607 3608 143410
3608 3609 109522
3609 3610 225250
3610 3611 579058
3611 3612 711678
3612 3613 501193
3613 3614 245938
3614 3615 442579
3615 3616 727498
3616 3617 621384
3617 3618 203580
3618 3619 79279
3619 3620 541679
3620 3621 922583
3621 3622 62928
3622 3623 982085
3623 3624 546834
3624 3625 732076
3625 3626 165194
3626 3627 300013
3627 3628 611976
3628 3629 296852
3629 3630 564964
3630 3631 793692
3631 3632 489068
3632 3633 756457
3633 3634 613023
3634 3635 643173
3635 3636 600841
3636 3637 445124
3637 3638 843428
3638 3639 665805
3639 3640 450294
3640 3641 857717
3641 3642 404063
3642 3643 436474
3643 3644 145951
3644 3645 280218
3645 3646 860049
3646 3647 88509
3647 3648 371016
3648 3649 201632
3649 3650 252539
3650 3651 972446
3651 3652 844402
3652 3653 272636
3653 3654 906639
3654 3655 61823
3655 3656 538337
3656 3657 591529
3657 3658 896611
3658 3659 859954
3659 3660 170878
3660 3661 158633
3661 3662 309822
3662 3663 248897
3663 3664 933480
3664 3665 261189
3665 3666 843833
3666 3667 726202
3667 3668 28906
3668 3669 877242
3669 3670 251324
3670 3671 767475
3671 3672 65812
3672 3673 456097
3673 3674 960278
3674 3675 757374
3675 3676 274328
3676 3677 991262
3677 3678 243332
3678 3679 113317
3679 3680 707118
3680 3681 858205
3681 3682 264107
3682 3683 231410
3683 3684 509740
3684 3685 234002
3685 3686 107464
3686 3687 335022
3687 3688 966600
3688 3689 300796
3689 3690 696794
3690 3691 501255
3691 3692 111984
3692 3693 162689
3693 3694 911138
3694 3695 985407
3695 3696 653889
3696 3697 828466
3697 3698 810243
3698 3699 352064
3699 3700 508641
3700 3701 919568
3701 3702 370566
3702 3703 157426
3703 3704 120213
3704 3705 603453
3705 3706 288636
3706 3707 594445
3707 3708 169513
3708 3709 749050
3709 3710 947815
3710 3711 824950
3711 3712 123277
3712 3713 310827
3713 3714 367802
3714 3715 37293
3715 3716 386177
3716 3717 367850
3717 3718 772920
3718 3719 176452
3719 3720 460031
3720 3721 457825
3721 3722 21829
3722 3723 227078
3723 3724 171275
3724 3725 190078
3725 3726 836127
3726 3727 725947
3727 3728 944193
3728 3729 70671
3729 3730 987761
3730 3731 255271
3731 3732 298726
3732 3733 793870
3733 3734 402162
3734 3735 650627
3735 3736 738043
3736 3737 325022
3737 3738 403645
3738 3739 845716
3739 3740 320030
3740 3741 832218
3741 3742 514342
3742 3743 150821
3743 3744 403082
3744 3745 42795
3745 3746 140302
3746 3747 619661
3747 3748 986442
3748 3749 596535
3749 3750 5929
3750 3751 431667
3751 3752 6896
3752 3753 196623
3753 3754 362717
3754 3755 556826
3755 3756 245787
3756 3757 33832
3757 3758 635204
3758 3759 28628
3759 3760 13062
3760 3761 545239
3761 3762 86908
3762 3763 513031
3763 3764 881228
3764 3765 545358
3765 3766 9073
3766 3767 374629
3767 3768 224517
3768 3769 347750
3769 3770 740334
3770 3771 550850
3771 3772 867074
3772 3773 878124
3773 3774 581118
3774 3775 60056
3775 3776 994574
3776 3777 220400
3777 3778 147904
3778 3779 660526
3779 3780 491387
3780 3781 146697
3781 3782 547405
3782 3783 781610
3783 3784 126161
3784 3785 574172
3785 3786 322529
3786 3787 39386
3787 3788 613736
3788 3789 546294
3789 3790 64878
3790 3791 363878
3791 3792 484894
3792 3793 785307
3793 3794 80487
3794 3795 531452
3795 3796 854763
3796 3797 268107
3797 3798 37452
3798 3799 345916
3799 3800 193800
3800 3801 344040
3801 3802 584977
3802 3803 357994
3803 3804 36224
3804 3805 912239
3805 3806 665065
3806 3807 191535
3807 3808 938402
3808 3809 291785
3809 3810 643869
3810 3811 87493
3811 3812 9333
3812 3813 802717
3813 3814 536835
3814 3815 677364
3815 3816 367948
3816 3817 600250
3817 3818 350441
3818 3819 8168
3819 3820 316515
3820 3821 289752
3821 3822 67889
3822 3823 324483
3823 3824 125703
3824 3825 812403
3825 3826 505192
3826 3827 926750
3827 3828 843285
3828 3829 21364
3829 3830 245614
3830 3831 60683
3831 3832 148566
3832 3833 188867
3833 3834 450318
3834 3835 746745
3835 3836 712856
3836 3837 113732
3837 3838 312402
3838 3839 356878
3839 3840 722536
3840 3841 887437
3841 3842 693702
3842 3843 124012
3843 3844 970687
3844 3845 315450
3845 3846 877800
3846 3847 201328
3847 3848 818711
3848 3849 464181
3849 3850 693922
3850 3851 17307
3851 3852 450262
3852 3853 545288
3853 3854 301002
3854 3855 427696
3855 3856 318903
3856 3857 281559
3857 3858 82650
3858 3859 143827
3859 3860 35552
3860 3861 764142
3861 3862 826896
3862 3863 169454
3863 3864 784554
3864 3865 727177
3865 3866 352885
3866 3867 30844
3867 3868 709807
3868 3869 444956
3869 3870 959031
3870 3871 359570
3871 3872 90975
3872 3873 712395
3873 3874 29315
3874 3875 566518
3875 3876 29987
3876 3877 503739
3877 3878 159853
3878 3879 960132
3879 3880 51550
3880 3881 372977
3881 3882 103631
3882 3883 25928
3883 3884 963913
3884 3885 28006
3885 3886 517972
3886 3887 610838
3887 3888 672349
3888 3889 266001
3889 3890 937864
3890 3891 543743
3891 3892 727829
3892 3893 596760
3893 3894 304460
3894 3895 482603
3895 3896 546375
3896 3897 814519
3897 3898 983841
3898 3899 833271
3899 3900 562187
3900 3901 729176
3901 3902 970920
3902 3903 971887
3903 3904 139565
3904 3905 260844
3905 3906 399785
3906 3907 212485
3907 3908 525041
3908 3909 737084
3909 3910 243510
3910 3911 409112
3911 3912 488495
3912 3913 223834
3913 3914 940942
3914 3915 976111
3915 3916 252012
3916 3917 964784
3917 3918 371128
3918 3919 128103
3919 3920 985113
3920 3921 455955
3921 3922 71013
3922 3923 458109
3923 3924 18032
3924 3925 940968
3925 3926 57863
3926 3927 931872
3927 3928 334184
3928 3929 47740
3929 3930 987724
3930 3931 733171
3931 3932 647186
3932 3933 932854
3933 3934 165553
3934 3935 163168
3935 3936 642504
3936 3937 356797
3937 3938 509669
3938 3939 284377
3939 3940 836887
3940 3941 808349
3941 3942 929881
3942 3943 217200
3943 3944 63328
3944 3945 838212
3945 3946 693027
3946 3947 503660
3947 3948 866313
3948 3949 320363
3949 3950 246173
3950 3951 617527
3951 3952 532763
3952 3953 506770
3953 3954 634867
3954 3955 519896
3955 3956 141360
3956 3957 582355
3957 3958 272588
3958 3959 953467
3959 3960 562932
3960 3961 215856
3961 3962 590781
3962 3963 455964
3963 3964 850003
3964 3965 295084
3965 3966 822085
3966 3967 876801
3967 3968 318147
3968 3969 423918
3969 3970 362418
3970 3971 524120
3971 3972 49318
3972 3973 989160
3973 3974 231417
3974 3975 858697
3975 3976 990311
3976 3977 617913
3977 3978 252820
3978 3979 323098
3979 3980 674378
3980 3981 890041
3981 3982 572673
3982 3983 919671
3983 3984 36698
3984 3985 492944
3985 3986 430716
3986 3987 513683
3987 3988 217869
3988 3989 406650
3989 3990 558413
3990 3991 615958
3991 3992 534726
3992 3993 778419
3993 3994 883178
3994 3995 213619
3995 3996 514913
3996 3997 425329
3997 3998 553323
3998 3999 764456
3999 4000 336379
4000 4001 401911
4001 4002 112744
