9284 3524
4617 1948 695095
7054 2303 925698
3889 2431 823048
7138 5690 675458
6733 5613 538648
2624 4212 43412
4271 1622 542087
7955 7555 343364
8645 1696 234160
4940 2508 285296
3563 4084 691727
847 1244 316437
253 8061 69728
8697 2530 729455
7316 8560 748086
2278 8883 683537
655 1672 683903
1103 3089 37303
1282 8339 383986
8306 8569 244995
3190 5421 180250
2656 4875 478648
7127 2645 93766
7149 6984 488301
5187 5954 777050
1260 402 34203
7451 2820 128752
9159 8159 981316
558 7125 472042
4546 1101 834704
4435 8956 192680
5597 5193 84190
1932 1133 49438
3834 7030 989701
3188 1988 331977
4886 1083 908103
2088 8143 9544
6860 3412 41504
8495 6221 208703
8427 1161 985037
6745 8703 684484
4727 9283 11416
658 5850 798073
2623 852 695396
3691 7192 128283
3733 8087 82901
5033 5724 184093
6651 4647 528653
1869 6854 807329
7606 2253 616132
5773 3065 146328
7029 1832 324408
2482 3081 403356
4790 8022 587807
434 6688 360637
9063 8108 662940
8349 7414 933003
5867 5520 878201
9046 3688 968181
2337 1468 924520
1336 7030 175912
2416 1355 699724
232 1499 431646
2733 1325 806940
3796 6237 90138
8097 5787 730500
664 7984 910151
991 4552 822589
1252 5538 179219
6516 8050 958719
6882 3637 67829
1198 8597 117330
6324 2013 361942
5127 7843 357112
2065 856 542326
4097 1966 822526
1412 2241 331461
8944 8053 493622
5430 3151 655644
3839 7529 465522
5928 6083 33141
7400 5506 868442
4165 9198 841315
8072 3076 960907
27 8683 592506
2914 7981 477909
36 6459 139035
2833 523 322914
3397 123 632916
7250 5305 527109
2003 6582 183199
1099 8322 606362
3149 7606 725402
5167 9047 344178
2248 8891 674502
770 7414 191627
4748 8483 404424
8008 94 906185
4234 2285 734469
4514 6846 171417
4747 5967 43819
6221 1189 630119
7984 1103 863260
3178 2410 961222
8101 8965 77815
8448 4736 813960
7481 2729 371043
1932 7824 30118
1078 4595 790011
2613 8400 324025
858 224 313131
155 345 756431
74 7390 507871
5838 8023 843762
1795 7993 399558
3054 1009 95178
1008 3975 140789
7838 8138 532446
4608 6731 384023
8591 2342 877246
6760 2667 901133
7817 7063 245404
1993 5599 340500
713 4391 644479
486 3655 406740
7990 2291 580428
4320 5270 439278
2817 1241 899857
1121 2503 372852
2420 7536 408928
6085 2609 467941
9146 6263 637101
8060 7201 902149
1118 5646 725081
8771 4545 834118
3130 9236 587172
6098 4771 624067
7749 1693 139863
2879 4524 291520
3973 4386 239206
931 468 872635
2896 7821 776939
4957 2020 139365
8549 8770 672224
1632 2027 469723
2037 4343 655380
8413 6761 898873
2161 3954 802389
2279 3015 236411
3085 3257 784297
3240 9220 25898
5922 4099 464529
1052 637 769405
5945 6131 784500
4902 5683 605279
2188 5522 646753
3739 2804 230846
3737 6489 717959
3320 7841 279148
8953 249 10655
6738 7753 462511
4910 644 334490
8084 7408 744911
2116 7771 137532
3884 2954 185963
1949 6773 988410
2843 2360 217781
8878 333 279743
1242 1385 944658
8205 3175 603603
3610 2924 956152
6067 8475 228688
3240 912 561667
2675 4361 959183
8600 6803 415667
1906 5779 454714
5857 380 400284
2476 5658 101
8036 1049 113624
7466 3920 251208
1062 2415 320038
7462 648 108148
1989 4552 913570
9092 446 89911
4927 5306 841686
1418 834 458940
5445 5894 724
5026 5358 673479
5060 3003 469270
366 1020 100579
219 5738 939883
5596 8083 487916
6903 6384 705113
322 1673 673066
2788 3527 362664
6467 8847 702462
2139 2602 359493
8877 3054 879617
2514 623 49417
6387 1895 891857
5841 4464 13006
5610 2229 432648
8910 6787 441489
228 3108 236647
8173 7167 982827
2625 7947 286048
5952 4911 282755
4146 4653 771502
1248 6131 69971
5794 7946 272315
2709 4120 144819
8900 3907 704882
3394 3281 400738
4277 8795 41999
74 1309 778854
5144 5873 119144
3201 2856 523135
4804 3692 383549
1282 6274 203653
405 7233 468007
4783 9226 612158
5514 4697 734998
6116 8727 891757
1218 4579 365444
7522 4470 654867
8058 8580 430524
4397 8452 534269
1408 3652 837279
8948 6349 109680
1214 8592 705577
4000 969 252770
4522 3066 856486
5368 2486 516459
2497 3901 577533
7619 9252 574778
6881 4314 285198
444 350 260497
824 2224 480520
6516 6225 744260
500 8798 324238
5355 2900 849140
2143 4320 849473
2668 4535 88279
1838 3671 116998
2659 1385 519973
3782 7706 446376
3123 4323 718817
5655 3445 549964
6799 2045 686674
4034 8178 3834
1040 1261 477512
4329 3508 31944
1816 6215 928530
878 6232 611276
6690 7312 163804
8358 4343 959383
2687 2549 6380
1226 7983 982947
6257 6884 83900
9141 1506 240885
4791 4578 331712
3957 8146 399091
3579 3987 863823
6212 1159 899872
1228 8410 664550
4952 1904 123879
5450 6393 99221
5231 4450 94877
2100 3535 375729
7546 8771 356723
2065 258 800787
1 7242 151913
2193 7699 583053
4323 7957 223776
6719 6838 303156
6829 1486 666513
4533 6609 335159
3128 6575 422812
1038 6293 52582
8438 121 546328
2472 8213 828189
4849 4654 995361
7499 4486 393541
3891 7756 376814
1582 3782 126016
3262 3282 970584
2933 4259 752274
1507 6107 11561
6850 7886 480085
6733 4981 582520
3211 3706 340406
7027 8327 826644
8743 3093 277483
2107 5973 572742
1654 7731 564554
6506 2067 782914
3173 9124 195164
3387 5333 930954
583 6712 6126
1117 6824 825471
23 284 275561
8689 144 929994
7766 8266 259646
7171 1374 323659
2920 6363 632864
2343 7956 976674
135 5012 550107
537 5149 499298
8004 762 113592
7087 4349 466105
5845 2476 525229
3619 4712 784546
7443 8530 643819
3988 6318 199959
2138 8965 180194
894 7871 526705
3979 6582 460489
578 6709 777926
4568 4922 451227
172 3569 389017
4649 8930 361668
9143 5932 881055
336 3731 965602
5281 8220 126225
6202 3535 836459
2676 3445 345739
7404 497 647420
7242 7679 561381
5117 2831 880341
2873 9116 111361
5015 7575 84507
1067 8210 838138
2529 222 809390
9236 6685 159196
345 9225 758711
6098 7889 819642
3548 2617 117527
7537 822 812792
6633 8938 19513
7253 6156 992526
4530 4489 800462
1942 8475 651206
1332 6185 590477
8518 3313 777577
1396 790 999562
1014 7457 891670
5061 39 440969
7891 3744 518414
1199 1940 276095
2426 5462 270366
4873 1716 745239
5820 8600 350056
5317 6571 47068
3791 8228 638193
312 708 408419
4227 39 488913
1204 4301 437326
385 8220 665766
3330 667 39143
8655 4049 951805
5056 6377 898387
1210 2196 49289
8680 5804 950559
6718 3074 634694
5544 1808 229701
3762 1985 791924
3540 3706 152251
4592 6088 541569
2682 7837 416855
6496 959 664309
8853 3083 521549
3267 1854 321926
6707 6913 7010
3294 4121 410994
4825 3 935489
8566 3364 942132
7149 1738 994990
7019 3164 89657
6864 7500 218114
1683 3753 404647
3182 3938 59408
7797 3481 883336
1207 3061 662587
3139 6843 322465
5140 5334 938528
5399 6497 162262
4810 7212 195030
7772 8048 992049
3259 1719 537891
598 6637 691143
3089 666 115599
4101 6331 301898
1794 737 817615
6196 8311 60479
6659 7254 358076
9127 2506 789206
3776 6550 207594
6452 7142 126599
3100 8770 343497
7300 8535 912691
3045 6923 93078
2233 9235 849990
8861 6999 27520
6887 528 406704
1990 918 961369
6970 195 638606
3006 3374 378144
5933 6897 870980
1809 1013 625473
787 5906 66584
4109 7836 952156
3466 8884 709886
4887 2491 452554
6644 6134 953291
1698 6368 213023
1007 4189 874476
9127 941 479999
2013 3950 684585
2440 387 22203
6277 3474 242516
4448 7427 607473
8636 2558 727834
1002 5810 22448
5704 6277 777944
1152 2670 284778
1155 2170 802669
6252 1322 887004
5653 6429 285418
6759 362 426580
1283 5913 256169
2470 4029 459971
7939 7786 726324
7596 147 369990
3153 1787 792171
4390 928 538975
5431 3185 671220
7618 8997 49961
5001 286 500357
6678 3248 422018
6830 8482 986196
8970 6678 136306
3663 755 500884
806 2625 92574
6217 2612 342267
3182 4625 593024
7174 1106 633598
3722 7262 881672
1745 4905 592239
1179 6488 575841
1510 3830 604259
8744 3773 504817
9165 2588 157015
4507 569 791430
4216 1833 882673
1368 7145 721056
1788 5794 567314
8192 6279 360671
8546 4374 903522
8296 740 302279
4657 4514 983260
7779 4677 169704
3496 7205 940761
4033 159 80879
101 5941 965641
8298 5921 601232
6989 191 783765
761 2285 924745
7093 1576 866705
1187 8787 592975
2718 7064 815229
484 7194 849601
1047 2922 375515
8159 5333 324247
7792 7839 567613
2999 412 896597
6718 2876 207822
4993 5686 111171
2820 2741 770183
6713 1879 155952
8820 6596 317561
360 7069 383122
541 4947 308228
3751 707 298420
6681 2638 474594
1942 5919 882078
2030 3216 640494
2196 3527 35105
8467 6280 761205
3622 6501 414469
6527 1059 51128
819 3015 592013
52 3026 542304
5103 4128 30486
8534 8886 648686
4994 4815 455373
4040 5071 647253
8147 8277 627767
5649 6 234809
1462 4436 962498
7222 3894 445130
979 5523 4923
2382 3308 252572
7264 442 677750
738 6030 24137
7005 3186 881337
6016 42 102441
9120 3662 186284
2009 482 194360
1510 8623 453497
6618 7871 242477
8829 7988 99398
6069 7592 884754
7246 1850 891541
6605 2975 268770
5659 5471 16294
4914 441 372868
1865 7944 135202
7343 8485 873220
3050 5892 69498
3438 1372 695793
1221 8121 963936
8771 6244 525034
3212 6206 85369
3841 2443 955160
8505 4404 531049
7166 8512 480107
6956 5860 751042
3608 8700 464919
5227 8823 156358
4765 6409 179892
6741 3164 962397
7823 3629 494189
8327 8013 971668
4796 1594 144570
194 7485 35547
7160 7997 105863
9100 8693 592329
62 2952 94317
3990 2359 760926
35 2276 197900
1824 4276 290210
5804 7290 724477
4503 2260 478332
6011 5800 983253
5462 4546 449892
8335 486 51956
7101 8910 737496
5903 7965 39861
4008 1136 301132
9099 7338 779956
719 727 133874
2852 573 304698
3470 4305 266286
4818 2498 498520
527 1215 472535
1349 1270 990250
4850 5335 827423
8248 3341 708434
848 7909 823596
3681 4148 873661
196 1357 387480
7022 9042 38148
1691 1876 664923
8054 8796 453132
8549 2407 231033
4695 5162 945310
1730 6570 674478
745 1490 103177
7113 5720 491559
1354 71 515403
1843 5473 399994
1284 9192 810968
1937 4890 193656
507 9213 631213
181 6045 172725
7053 6773 480596
1599 4210 124966
3330 6439 66316
6152 8702 326215
6038 6370 295876
8664 3622 781015
8868 799 412436
2721 413 586844
1977 4000 261778
8708 5099 907267
1603 1266 207634
4676 7327 225699
7514 56 374080
8391 8781 810337
856 6579 44190
5484 1007 885984
8728 6268 790200
1499 7435 40224
7711 8534 792800
1666 5056 536751
1615 2045 98956
2344 2481 340440
1578 5413 607899
3197 5589 723152
6303 6957 511019
650 5199 819293
7014 4974 618236
6265 3474 785243
2660 6140 617950
3640 6659 412652
3747 2657 81614
2433 7383 328894
5602 1660 463248
8758 7302 322448
5462 688 969660
1917 6756 598221
551 7017 372764
3630 4447 53454
8506 3646 710345
4682 1160 347261
7079 3946 662885
1017 678 488901
124 2082 204493
5773 7305 969709
1626 407 382599
695 8990 788754
833 8049 128304
2803 8169 388171
6853 7661 8957
2156 2816 712670
6965 7614 45859
1256 5522 285997
5435 8550 51802
7774 1852 988805
6133 6782 411482
7849 1424 232793
9098 8103 305359
3858 8186 930676
6604 4189 159885
7667 3640 307925
6067 8019 409497
4532 5154 60717
3291 4224 219899
3327 3031 31990
2924 3153 803730
6615 4103 805664
8463 3575 416359
7442 5341 699013
904 7054 522496
1431 1887 952325
7738 5713 530547
5977 5823 207653
4908 3082 921642
3199 6326 7682
3967 1759 903086
4919 4005 688335
1345 3058 883098
5471 7182 741829
739 8489 843227
3028 561 542604
394 7687 629140
3022 3368 851847
5944 3452 260399
3754 7916 953772
3424 8063 214565
4945 3916 615822
153 8805 577117
5371 7919 590462
6773 8020 974105
197 8799 846881
2622 8778 190314
348 9005 783255
6585 5097 818662
3501 7351 961297
3294 7249 15699
8958 3982 580422
3258 8996 354423
4861 5344 685292
2485 2571 573984
4469 3192 461802
6555 1242 961133
5301 5232 740919
4094 1166 34093
4598 5674 26166
9154 1708 452445
3565 1872 466382
5109 3194 217044
3109 2449 90137
1069 4571 851801
7017 2981 826487
1069 3696 73238
3689 5455 878294
650 6624 620245
6027 1170 469191
2259 3215 711893
4563 3540 439790
6046 8784 136544
1613 1829 30700
3861 4161 287372
7489 5193 287925
7211 2655 748610
862 7467 195826
8679 6759 795407
4264 5351 87804
3594 747 978839
8774 3633 163669
4184 3165 377498
7347 6453 495583
4896 6575 385645
1210 2154 658756
2099 7202 576872
6346 2741 737452
7578 5961 318908
6409 5004 429542
1142 7776 540301
2057 8823 238416
3550 5288 15051
3576 242 839170
8226 5569 898638
7906 4456 370601
2646 3013 966422
980 4640 459202
162 3834 545694
6218 5864 245671
1473 3652 92053
2664 6502 326348
5247 1733 342792
1762 2864 147090
6500 2290 308906
8203 2223 503601
5292 5864 171291
7230 3357 197285
2970 4158 43884
6636 1441 557872
7466 1637 792143
1567 8825 820211
625 8001 344627
7561 26 628119
4786 1579 235076
6241 3104 947223
414 4208 546564
4481 8471 483374
2280 9147 344188
2671 7797 592476
2944 3628 362880
7530 1027 210777
4588 8163 324896
587 1309 132108
4962 2453 493935
6201 3615 537006
4807 4863 333035
715 7811 829524
7347 4588 335798
3774 7455 475743
4413 7243 53624
781 3079 404917
5192 3659 794220
9122 3325 978109
5544 2569 867412
4944 4539 53477
7108 6574 914547
7771 5467 221333
6169 4038 285189
3451 5174 874249
4826 741 980515
6592 6244 979733
1582 2232 892641
5595 2478 90226
2803 7853 561936
6736 5142 243649
1820 5713 802757
4479 4322 303883
9148 7248 347290
3542 789 443329
8208 8060 876389
2312 6910 927256
1380 2648 925733
4575 3550 807301
4370 358 215224
9017 4758 330931
7469 8270 329191
5846 3762 689234
4607 8740 775468
8107 7262 991211
2080 4242 585153
1389 4712 331201
9145 5270 294154
5241 2241 239619
3125 371 879688
6692 1768 404801
7247 1897 2240
852 5262 697168
2824 1217 446155
3920 5594 547536
2342 6517 235931
2039 333 375648
4725 4855 108056
3474 9208 758571
6904 8004 798077
5382 1298 866252
2684 49 492676
6337 3054 679045
5067 7728 858519
7323 4919 886232
5530 282 609487
883 328 159500
6415 7162 124678
3564 1629 340239
3012 3849 330121
5814 110 877055
7112 2644 7114
5974 5594 243200
8094 879 259399
4946 9007 754144
5833 2137 423085
8328 8147 144048
2241 5454 243746
3643 1408 65735
3227 7238 663857
4858 6926 405041
6767 5826 503964
8922 2971 582201
3102 1782 919853
1829 6553 37503
3728 2851 765005
2598 442 167984
3647 7207 967706
4633 4050 388199
683 4041 799600
78 7092 485344
6249 5091 148522
6678 5139 772238
9134 7538 463261
7265 6611 74509
7059 1791 742399
2946 9173 399530
1248 1845 482571
2814 8400 634641
4361 1746 862086
6626 7567 548814
1608 8752 638425
7250 4219 125232
7921 1136 389822
3525 1348 217650
5903 6906 65307
3287 8076 975720
4641 7962 931765
8795 3981 11317
4332 3398 171577
4380 190 770449
2224 7392 3637
2655 2895 98917
124 1009 384247
326 7870 301323
6392 6631 273688
5674 8794 82426
8286 1049 530857
7043 3818 509018
419 7666 90188
6060 1688 23229
2687 8209 387838
850 5541 796736
4980 4025 37992
8798 5379 330656
4601 5087 301906
3377 1388 54181
6519 1634 296081
7125 155 515793
4894 789 591024
6788 6003 22814
2806 3113 788670
5433 4145 647938
2511 5601 787084
4375 377 569369
9023 3612 807766
3404 7645 704384
1815 4520 722801
312 6916 819561
2661 6362 247686
6566 800 116225
5691 3732 440072
5182 3051 407563
2519 5892 433479
3598 6837 561917
161 2738 209152
4129 2129 524082
8505 8066 11056
3566 1129 580918
8598 6109 233880
2676 5927 221241
1343 4225 820536
4293 4556 836039
7539 7668 99959
3148 586 436465
7502 4216 151920
2943 8976 863387
139 9251 938713
382 2784 996584
3871 650 644882
3518 8820 736079
3962 1689 177744
2617 2785 47509
6948 4487 277743
6347 4391 127826
8569 1669 864370
7255 3255 472520
8931 4219 131114
4325 2590 446075
6001 7451 664443
6801 5982 906311
330 280 773477
3525 8466 824321
2981 8032 913447
7799 3588 265391
9024 5595 131309
7502 1481 485299
3571 2313 409082
121 6047 239612
7909 3846 419834
4912 8181 964687
6049 9164 831195
763 6124 383750
2995 2625 2541
5732 2500 828685
1826 3760 876673
7095 3691 453641
3489 2684 977842
807 5298 799757
6208 1319 914424
4470 5795 884482
8843 832 468125
5737 374 83721
305 7413 188114
4143 5760 402095
1305 5792 633786
2980 9000 517481
3334 2288 608947
3460 8799 122095
3982 3515 447283
2622 1208 888985
5091 1274 355592
3157 4141 655961
4071 3255 237446
1926 3954 800842
4072 2647 168671
7850 1266 309093
1268 5716 205547
8319 6131 502895
741 3203 766122
3351 1152 139709
3825 8288 317546
6204 7131 41128
4060 1840 906738
4780 5160 914985
1919 1061 651528
1636 6938 607475
5254 4567 879912
2747 6770 125132
8067 1411 537753
5234 7647 676285
7227 6125 279118
3929 8383 90766
5069 1928 684674
6524 5862 289404
2147 1799 25290
2498 6279 629128
8860 5784 811473
7574 5995 233498
7099 1319 165022
2898 2355 65648
2209 4089 988776
2477 274 426708
6835 5613 7434
503 3097 17570
7238 7373 318781
5408 7283 270307
7362 9024 677967
1909 8309 799309
6238 2903 624723
1301 578 742080
3878 62 740216
2469 7781 997390
2629 2601 650950
5752 913 585971
1779 4160 526286
6277 6490 155274
4409 7960 639272
3999 4034 407287
522 7047 724316
3522 8819 302160
7451 2782 297054
4782 9105 319102
5197 4530 287997
4984 7046 362961
5645 7366 991299
4621 4663 956058
604 4463 621279
6875 7110 273203
8838 8691 62231
4707 1213 619836
4905 5025 421287
8289 1107 734036
7342 2117 248906
4236 3393 479542
8750 4975 136209
3056 8129 652806
591 3794 639868
8527 3239 607980
8102 1152 862064
5698 3711 338812
7761 3278 869913
8100 6228 699907
6139 476 443627
1822 577 429365
2616 6522 212880
8106 756 627667
6803 9209 190111
377 5832 458703
2561 5008 177396
4707 5183 258664
8854 5339 236097
7531 5007 856851
4626 3411 974205
8348 5540 776618
5999 4575 357651
6120 6512 629989
4478 7667 164354
3216 8481 748356
3273 2497 906254
3518 6889 119037
5771 2852 60688
6165 5189 618576
1066 4918 544992
3714 5810 742905
603 4559 125954
2831 2464 408645
459 406 224512
6905 3796 282962
5588 3886 941811
9043 4896 229776
4635 592 546839
5772 3978 160994
640 6515 834651
748 8070 633091
167 6358 956328
3527 3828 147100
5798 3985 471062
6346 1315 797540
9087 8746 615101
4320 5844 895246
4168 3920 19424
8603 117 375373
6395 7206 988130
8877 2313 448385
7731 6066 54324
4350 3455 125328
4204 4489 710982
5722 2493 353300
7814 8328 392830
5481 4936 259171
1741 2490 528901
2450 9260 169284
8580 2097 542538
2212 1624 973731
6087 3961 12261
7701 5749 747922
2406 9233 114173
4758 9233 634787
2891 6709 54525
7041 6127 249667
6989 7923 917717
6249 3170 499918
6582 3061 434985
2309 3966 770745
240 4774 190391
5351 7892 303012
9086 5370 395055
1005 2805 848227
465 7445 650000
265 6909 952658
7257 4822 568998
1579 7179 765653
1946 5825 825830
3472 4926 262981
3950 4003 40581
7934 5413 607652
8362 1105 320097
6509 2327 49104
949 3211 394379
2670 3982 505246
5332 9243 305274
869 1801 90556
81 8447 975543
6002 6048 124568
394 8005 974901
1711 5723 49557
6033 1611 164807
134 1761 40111
3834 2779 2717
6989 8154 143551
8316 884 628891
9226 8651 469047
8749 5920 794545
7917 441 592334
524 3469 702332
9124 3980 616937
3417 4963 456746
3745 8803 96468
1760 111 191511
5194 4570 420113
4383 7675 636192
5953 8909 784066
3532 4273 750969
7409 4497 879406
8235 565 343230
5071 2524 381201
1246 3579 655809
6084 768 710150
5561 56 890843
3322 230 844735
4577 7325 451233
7345 1162 550478
868 8618 310359
5125 7801 663613
2701 2919 553238
2985 8484 437653
5290 228 447186
5723 7926 295654
3736 3577 253499
2761 4452 379641
4425 5751 73882
3733 20 417058
4029 1200 745030
4969 3854 188852
5740 2429 372896
4771 2531 825919
2829 6403 9897
6846 2564 571350
286 1184 944706
4696 6229 358412
2652 2402 245625
3194 4672 509447
3948 3101 46975
9280 8961 187267
6024 4036 691725
5663 4803 26742
7910 4868 722431
4661 4546 61036
8124 1572 866672
4102 9129 368180
2332 3293 528255
3973 6203 524356
8940 7600 95072
2308 5006 520718
6206 135 305247
8198 8123 328649
7271 3015 24560
8348 7658 557112
8428 1662 317228
1736 1479 219365
788 8642 101645
5010 5357 623351
9046 1881 100452
1052 714 273367
8021 5293 538914
7096 8249 999284
4401 1739 776311
3430 2782 29846
8334 3197 461110
1235 330 775122
6571 3336 653827
8835 1199 213278
4212 1733 462186
3323 4427 924208
398 4089 407071
6919 6876 355816
716 1833 132094
7507 4856 757318
4221 5639 391761
6604 7917 206156
1361 3445 332381
3534 4617 252352
4742 7155 392134
5407 5023 579563
3679 8497 731587
2570 546 442885
4214 1928 328878
7906 6781 50983
2197 892 537495
3624 4966 334608
2168 5675 951684
6724 4508 228336
7759 6951 829187
2113 2494 17845
3815 3913 490104
539 2229 165700
3815 6586 278308
3181 6540 348832
6951 3991 924889
8103 2478 18678
2504 7276 244581
8729 3765 183965
781 8378 808225
4121 4178 348380
5654 5589 76950
4915 1518 38261
3107 7060 788611
364 45 693481
7709 8645 837169
2867 5578 123135
6161 4167 41766
5306 6159 387022
4904 8888 570277
2392 6272 541611
5028 6594 678843
587 2785 430472
7812 5233 144141
8617 2180 467597
1110 1897 758788
2285 7445 181958
9098 8752 975220
7791 2049 277114
4167 4209 50168
615 3167 846454
7383 2731 982896
6975 2210 165544
5335 4022 119292
2035 6623 623689
8755 469 908399
3654 2797 774074
1943 4619 333801
1283 2592 593360
6828 7443 402881
5664 1399 654152
8627 78 613044
3799 2298 16212
4782 6287 685381
9027 4461 553340
3326 4300 89217
3783 7452 211115
1744 5398 438530
6974 2650 803568
4588 1563 617068
362 5530 165216
592 6723 110174
7546 8580 348926
7337 3275 552689
3377 6895 391770
2585 3356 414368
9126 7869 963008
8972 229 65229
2000 7550 847494
1278 6417 263453
2717 8153 636482
6438 597 958230
5094 2753 54371
4441 6721 656613
2270 2295 646247
6903 276 729896
1562 809 407960
789 6491 673995
2972 5964 308929
3139 2499 496254
917 8813 920561
9087 6336 52871
8816 2099 362565
7664 7812 34357
1961 9005 898437
2035 2726 879501
4175 435 156399
8987 8173 911022
6279 3044 48733
5720 4500 117932
6919 6248 867824
7367 4467 342437
8878 3491 76396
8411 3777 944418
7139 7469 313524
7904 3938 349141
788 3119 670458
1572 9196 200652
1404 1137 959423
3564 342 408795
1056 2146 870946
3580 4452 723314
419 5853 323270
4698 9136 276016
288 977 165896
8378 6815 8022
4696 4129 381810
2907 6013 152278
7194 6704 742656
4524 4615 471482
7056 834 329437
176 1297 763566
2310 1864 957006
2344 7513 994348
1374 5111 421871
1877 2606 628918
1508 833 861310
6205 330 229133
714 1705 620657
7438 2194 190353
4736 5505 554944
4021 8426 738209
5630 4488 330841
9026 632 803794
4153 2913 267881
1569 8229 86251
927 1458 468868
7121 1258 333826
6090 2829 435515
1110 7757 88360
6474 7447 853268
2308 3960 109814
841 8371 964841
6067 843 712566
4952 7479 147279
1831 977 431833
2045 2091 650675
1994 7660 67551
1065 7895 73152
4799 6163 1982
957 7943 985372
5202 5758 75046
3138 167 291209
7227 4905 298258
6016 3268 890761
4298 5902 19349
8611 732 969193
7316 7991 710469
8807 409 299806
2851 3677 126945
5726 7207 887955
1928 381 978670
4391 4915 570636
2772 2358 251457
4068 1526 187263
8676 7133 14509
7018 7645 511031
290 7161 379871
6654 5975 219367
1316 3249 938698
2855 4980 470263
4043 5222 313297
857 8001 976525
4128 333 61779
1811 5639 420542
451 4956 595768
6042 5995 104074
1422 1257 191175
4137 5502 522199
4130 6374 155491
448 2202 532084
708 292 48140
5094 2175 156668
1231 1935 30071
2138 7466 78512
6241 4445 634859
1524 4035 964748
7150 8594 298364
6976 7178 470637
766 2422 22100
2374 4668 722212
1044 4612 858768
6443 7636 99061
3579 7023 333623
4340 1903 573037
5827 3275 365611
7379 5123 7278
6985 8111 533978
8402 8666 678171
7674 8939 771559
737 6335 476156
1213 4455 525918
3833 2659 79549
8102 3683 352193
2394 7615 601904
4293 1985 827111
6081 1508 25859
1361 5034 166815
2660 2333 625691
8410 777 693096
6314 3865 113640
4111 1521 792231
8137 1651 218276
4909 3694 819514
2787 2326 271475
2541 7013 679014
7226 2123 648613
4247 7019 791112
4410 3123 276582
1222 8418 985476
2794 2083 591976
5163 9178 80066
8497 1733 370189
250 6336 831134
42 4035 785957
920 1493 767132
740 8937 4203
4652 1775 480254
4639 5325 190175
4416 5910 325597
7635 7997 448697
6197 293 517050
8105 3091 631893
4784 3278 89890
1539 1745 792992
3275 8953 896065
995 3610 575703
6852 5531 763319
3708 3986 313262
7387 6974 736627
5063 1075 914644
3148 8308 393704
5577 3208 701434
2311 8951 977215
1567 3503 759986
7066 2305 576007
9021 5843 750128
4842 8444 911162
4213 7926 901746
6708 7952 457573
77 3202 639406
1410 8415 740363
3559 5184 189416
4173 1290 17712
6928 5960 399756
5607 3381 478800
2996 569 676487
2245 4608 636692
6077 7107 313886
4105 5925 537944
2867 1050 171081
857 3439 29642
9107 8069 398061
3037 1785 716245
3590 7852 713912
5596 5630 420197
6962 2413 283498
3358 1633 311095
1370 4406 204690
4086 3616 566574
4138 7453 522548
7860 1363 495397
6382 286 412669
6652 294 62644
7804 8782 988725
4773 2583 184431
13 2755 884445
8204 7062 922723
2699 4727 589084
1284 3040 951671
4998 4502 950224
7626 8009 755518
3109 425 603849
1642 565 750007
6318 3511 554393
6151 7068 48565
8413 5743 190554
6633 1150 715810
8710 8994 408109
7777 2492 135206
3373 7044 852686
6826 4914 31342
3651 3906 802853
2576 7513 648414
4700 4072 461771
4602 2744 223462
1180 9244 272014
5620 1408 371850
8522 8098 592704
4904 5732 83425
3443 3973 458934
7929 5829 613374
4277 2072 902059
4173 1725 268662
3884 8712 301010
6813 7776 898039
2269 7966 425008
4388 2044 123049
3358 820 824554
1089 5135 561484
6394 7339 840617
889 361 553147
7073 2240 112784
4345 517 847864
5633 5988 5256
7485 2120 947397
4236 391 960082
9279 3851 362154
4467 2957 855092
7489 8246 27675
5756 8232 959477
1299 9071 623774
6393 844 25644
6635 5019 718117
5115 6313 421083
4043 5206 822016
2818 2764 926668
4253 1020 144154
6032 4363 597753
5013 455 811701
7668 4276 898505
7222 7684 574639
8702 4116 222652
2198 2125 300803
2844 602 951046
3795 5346 11433
1455 6359 129045
4528 6504 587296
2121 2711 224668
5370 1270 757830
4177 6538 148009
295 380 842118
3255 4760 50356
5745 8101 23295
7592 999 509131
1112 769 579416
5874 7391 357451
1015 8075 892350
3779 1450 174288
4661 8108 6042
8588 165 740502
8073 3482 145537
548 7674 815783
5385 2819 27036
8257 4907 379105
6140 9102 413988
5399 7353 250742
4387 4765 182120
6088 3093 627520
8206 7865 397649
2086 5545 789234
2709 7070 206729
5521 2441 399784
8141 4440 350999
9136 1759 91866
7255 5700 764786
6371 199 56195
3049 8374 464804
779 1109 551480
3100 8104 957713
9117 1567 877688
1218 4993 637006
1324 1173 327660
157 5779 293471
6184 8695 899735
5986 6652 606027
4463 5326 36817
3942 4484 693642
9023 1762 183110
7499 1128 341129
964 3595 795433
7280 2232 679152
8136 7726 64195
3115 1009 535981
8733 5428 786334
5559 5643 892888
7969 8539 50031
8439 3065 510559
5914 3224 765409
6664 3614 961448
7129 8216 794386
6031 6078 354068
10 336 748790
3578 3402 238567
629 3710 142138
4104 7587 654607
5731 5341 166358
6807 8211 186654
3202 8429 759123
5321 153 160974
2039 1884 798825
1384 3454 240369
1172 6949 292653
2868 1965 894188
689 4718 331026
30 1461 100695
6395 6297 391637
6841 6215 113137
8838 7922 864819
2675 3867 50762
6750 6054 509951
8858 2977 566675
3889 4812 140617
7517 3333 52030
5522 2100 118821
2361 3672 887736
7368 388 663124
6486 607 55656
6586 382 985352
70 2133 542369
8008 8956 694623
1659 172 358399
4334 6413 830845
8986 7789 762011
7678 9146 568088
1789 2802 57091
5428 2430 232988
2061 2690 45547
6518 3112 936674
7666 6536 163637
4586 5643 771652
6045 2951 729472
6273 2281 432848
1125 2141 309762
3717 483 950297
1241 379 454996
2038 1608 360311
4148 3490 862765
5769 1756 638986
3220 2482 478699
2377 1426 439735
4777 8948 858030
8333 7992 214188
9276 5374 603713
1837 6308 221382
7394 2371 411448
4494 1723 676920
5768 8642 382679
5058 848 869810
93 2592 200241
2450 5183 764634
6838 4818 372912
7874 2159 492926
988 4832 346700
2684 5732 622508
8687 8995 174367
1083 5535 83863
7627 6222 986794
6411 7232 900621
1302 1946 587332
923 4164 431175
359 3898 893138
3521 7241 565032
4413 2113 490335
4077 2935 898973
6229 8065 736432
6580 4437 640064
1152 1692 898310
9249 5970 297959
7932 960 77423
2608 1554 931053
8305 2375 44876
7596 7310 514108
9058 5620 550266
1057 2679 727748
8580 1988 813610
4620 1281 322365
9221 4170 403506
7903 6391 154091
902 5291 373522
7686 8970 341142
822 8446 977336
3809 2919 585645
5593 9158 290332
7279 456 146161
3721 4710 554045
3427 704 677702
470 9017 693899
438 5584 438398
2230 1058 755324
3003 4814 632104
4939 8114 541817
2127 8662 859526
9123 6459 972573
6604 8621 748713
8428 1614 74575
4972 1699 215324
711 1551 335892
4645 2972 618748
6957 2736 179126
7129 1583 559428
1199 3790 396641
4712 1158 110577
6411 2743 240514
7927 1056 851669
5853 5276 127053
6280 2543 218160
5518 7918 48813
4965 8347 554983
6216 4080 71843
2893 7288 345242
521 9214 805068
2940 1493 558144
2346 8027 836677
1543 234 966835
7524 4673 922939
6146 8415 591332
1305 2319 160565
8689 3220 30858
5478 1022 560715
8448 2122 632590
9199 116 313816
515 7491 860377
2442 1840 799557
1928 7789 599167
8326 2172 603215
5018 988 963728
4487 5980 910196
1953 8088 50945
4513 7201 424762
640 2445 730103
1188 1786 621191
2740 1657 295001
3742 4584 333539
1681 2869 599053
5769 94 221858
2366 3837 942566
7483 7623 27774
6283 4681 959666
8794 8526 530700
191 7229 199653
2852 7679 232870
7215 6133 648351
855 4522 712740
5459 3059 571688
4653 3914 93586
419 8725 531911
4065 4256 922708
3758 5442 510004
4893 1629 723019
2220 9279 308537
6107 1795 969511
1917 2748 290417
6150 1198 740829
8863 3178 57185
7100 8317 467470
5931 2872 243763
6707 8932 117845
254 747 55488
2136 2840 343935
2033 7662 724214
4492 1502 715954
5185 1941 490686
8393 3769 366407
3932 5689 5658
5470 4923 273480
3508 923 703707
8755 2255 993369
1836 1648 347566
5220 1130 756788
915 8444 696338
1725 6389 43364
4191 4567 363270
1928 8849 450674
7394 8217 703224
1172 7299 639453
6432 6475 719176
877 888 912081
8671 8481 940631
7294 6469 198946
2541 3986 924931
3580 5492 368878
8303 3515 54135
7095 4654 413924
1111 709 405590
8083 7489 740380
8014 8320 494277
3929 4941 596672
7213 5554 855398
3302 1781 392409
5348 1140 965137
8446 8858 482865
2840 1093 373769
698 7584 693603
1302 3820 749815
1847 6213 75150
4494 4126 658471
7452 2455 74074
7593 1813 149605
8128 5522 420136
4726 2688 90903
6022 6365 406997
5785 8471 93944
1393 3803 877525
8784 6997 910457
6181 4600 828332
3211 1959 496215
858 8174 836253
6758 4407 81949
3419 8673 314141
5909 1418 586350
4985 7945 225530
761 7745 145804
1207 7114 621323
4991 8040 309609
3663 5545 297378
7390 980 799810
8134 3144 531781
7898 140 39743
3287 4640 514829
6636 930 989920
7202 5037 496697
1289 8027 705198
9036 1253 992759
1804 4209 403103
4217 4302 369589
9102 4878 173195
4664 4146 295196
8200 3943 297330
928 5812 701823
7141 5097 887693
2598 2353 702760
4197 4092 127455
88 2860 285409
5085 3861 127891
2284 3440 92689
8774 7655 12958
5686 7849 615902
270 8175 926931
7877 6971 561842
5718 6051 656624
5514 5603 974755
8860 4311 696692
4504 9252 639542
5975 3769 516411
169 2127 850566
9276 870 84219
4241 3254 496619
5761 7613 985216
1318 2960 37412
6105 5418 679061
19 1197 458649
5218 328 241880
4891 3649 823401
5656 1283 21271
4899 6912 230039
2232 7365 43334
7309 5867 470708
4548 9147 750947
5512 2408 225078
504 4829 238608
2224 3865 763020
3870 4383 104997
4532 6624 536808
4330 7308 76398
7623 3863 235608
8279 1865 1455
6596 9060 518075
1631 8938 304850
5262 808 250982
1362 4602 11400
7650 4192 351482
9205 1378 114620
4503 8674 361883
3238 9058 811684
7627 7957 982405
8131 8812 811438
9222 1309 376560
4395 8002 606490
7531 8524 65744
1165 4595 98202
4211 5062 62541
8321 6625 251998
7489 103 95025
4979 8108 463565
3636 8627 740246
7747 5641 606614
3682 5918 453734
6807 790 423878
4935 6249 467245
4654 7116 679059
2466 3007 769735
7912 5271 733985
1584 725 16202
168 6946 828010
2308 4599 8496
4642 7620 221176
4739 7656 479940
7342 1121 574331
1742 5645 186246
5148 3053 452802
1950 7605 9807
7922 7441 26379
1555 9193 573303
7462 7920 563583
2314 5289 758598
5387 6276 743473
7504 8054 616492
673 4641 423744
7719 7048 400177
59 8075 567997
6828 8874 960896
5250 5951 830615
7501 5665 930349
493 500 267952
83 6581 516788
3937 5906 612402
568 579 596802
1329 4156 281839
22 3883 473951
5254 902 273406
4242 8928 548145
5846 5536 984301
754 4076 240821
137 6928 764623
101 4056 626690
2464 9106 778890
9207 7417 50018
7723 1967 942075
8671 7012 29931
1361 1330 686617
5367 904 403571
7091 3174 759162
5821 4786 250612
3373 1775 994032
8883 6231 964259
5627 3665 796124
7669 8187 998986
657 960 517232
57 7073 593645
8549 2236 340640
5987 5557 954670
5386 9277 956894
1109 2219 750999
6377 6916 331155
6899 3532 439520
2364 3704 16370
7290 4339 341593
350 4069 501845
5446 7553 701817
3083 2803 210784
5928 7533 844141
1349 1501 605720
5589 4624 165004
2438 6104 103404
8754 7796 305598
432 3871 410516
7872 3648 700769
6122 4941 845549
4023 8351 824875
5978 3287 404635
1185 6764 921247
7868 6554 609763
1842 176 353708
8762 7804 192189
7959 1313 206382
7466 2241 169207
3246 77 250780
8091 2147 304442
7272 6416 676937
8136 7025 789918
5310 2909 805834
2782 5320 971607
4114 3825 848951
4358 8059 444019
1840 525 89609
597 9274 197108
7274 1070 989307
4367 6153 906271
7597 6797 24821
5121 4474 313251
5097 7779 623457
7606 5743 635223
4429 6756 89565
8565 4993 35202
7722 4133 280207
2460 8869 369733
1022 1970 80744
5196 6694 400469
5456 1257 566989
7071 8717 404061
5797 3857 494849
9262 2553 945361
460 8613 171878
2850 674 181671
5411 792 230040
162 6633 137177
23 7916 409067
5561 4189 602444
1367 2809 305813
4345 2287 821328
7488 3468 135064
4613 4888 230532
832 8726 216205
3382 3767 905156
3874 3210 305513
2606 3640 637112
6087 3632 968085
2409 1885 911154
7154 8272 963876
4857 8567 265357
9124 1528 463885
312 1015 458307
7268 3752 737672
7854 2205 477896
5770 1106 68186
7567 4423 575031
1063 5482 351360
5241 41 948923
2313 5134 156865
6457 8048 445172
4106 5271 535977
799 7982 312939
8734 7117 391413
5512 7389 577299
3334 8205 698153
2700 3933 310601
4687 4022 87034
194 448 612794
5924 3620 214134
7504 0 767069
5503 4086 165478
6113 2506 632996
7474 5247 751103
7059 5819 102901
9249 6527 753828
9247 6160 596277
4758 2086 213630
8393 9058 232278
5651 6748 930821
5850 6203 556567
3681 3928 659875
376 9090 94095
1733 8271 662466
8631 8029 903336
5797 3621 451962
2661 6024 24657
8815 2457 238939
3073 5053 248649
5486 3519 560182
7614 9004 273979
8596 1845 399677
4677 6642 950324
2501 283 241968
5034 7352 729515
3865 7149 208999
379 8375 317423
8001 8561 914974
6939 5953 603888
2515 3637 781183
4290 4632 987065
7019 6858 186908
1466 8574 867678
1581 3329 740320
6274 3859 10887
4474 8601 665485
7625 944 424064
348 2422 790485
4083 5644 294864
6576 2273 153216
7589 9261 507108
2835 1725 364044
5386 874 142905
9243 8138 304070
9003 9116 116413
3885 1062 618843
6803 2961 637882
1258 2527 56832
6523 3855 189123
5884 3565 647735
5724 6598 944281
1116 5075 385420
1524 5421 4020
4602 426 841092
9071 572 678665
4137 7629 715102
4651 6690 608016
2543 7432 538565
3120 3949 866807
5577 5708 154021
7602 2978 213078
4692 7204 595661
3887 5274 713624
7411 3604 593867
636 6635 647126
5486 4360 703695
892 8989 814433
5149 4446 372936
409 9267 757480
8696 8818 292273
2575 2951 556683
1645 8529 183621
1414 4590 726518
2798 9042 406092
6172 8274 753029
1506 3226 215636
4222 6459 688709
3612 880 861239
7851 3018 379700
4658 1311 13073
8688 2691 15805
2878 1624 785544
7168 6129 580335
5697 3797 250705
5811 6841 311415
5802 7693 276548
1724 7992 766308
8445 331 797602
8432 7788 810490
3533 8398 143938
9019 4706 144947
2983 6939 640168
787 46 523235
1338 7835 174410
588 6533 644056
3074 2599 735911
5663 8287 904263
3190 7985 65233
7003 8818 424342
1884 8528 276397
5312 4986 844205
6554 8221 696258
1803 4585 291346
8063 6411 723510
6301 7203 721778
4205 2227 295809
5372 5168 326202
3033 9111 619486
8007 5548 59880
4559 1428 10879
5640 2007 251555
1018 2492 325826
2332 4119 161044
7799 6475 59590
2180 1901 23812
1705 8792 348387
1322 5268 475145
8461 8494 752720
934 9248 474638
2170 3072 609589
2985 8973 320512
4470 2904 341891
7840 8580 26382
5332 3370 98058
5767 8620 144417
1464 3996 157374
6334 396 475187
6807 3831 22510
612 980 583569
8767 7248 133529
5776 3631 50830
3082 7670 829614
3433 4711 674293
3769 6887 788356
8475 4340 234466
4530 3607 941590
7899 5230 579224
7413 1230 63050
2131 8525 268929
8993 1335 6851
1459 1496 291223
1974 908 53950
1781 6681 98616
8582 5065 292969
1060 5002 494014
7948 7311 869849
1468 8013 508337
3014 202 832266
3766 8734 1551
7412 3366 811515
5342 2139 797668
5546 3010 263403
8183 1002 620657
6396 5566 515914
4744 546 105030
610 5701 509947
3237 3426 718486
1228 5951 242753
6222 6661 253616
3622 6573 944177
5955 1802 669983
8746 891 273097
9184 4747 127466
6954 8262 181657
2220 3251 38426
2865 8327 532870
6101 3752 329868
3056 587 993837
4991 4242 732345
8122 3110 218514
1827 961 703490
5277 6767 195990
2603 6912 832771
754 389 328288
1029 8717 655347
2738 4905 551617
996 639 6168
7211 5403 155244
1957 4209 233455
158 6665 160325
7859 4697 354120
8055 6315 235281
5721 2170 821567
1693 1460 458677
1814 4135 632892
6615 301 135022
4173 6023 624302
4245 675 262951
6104 4385 536931
1724 2974 776883
3815 7479 534957
7012 2508 533657
1600 6779 778952
5324 8652 801179
8995 1997 690615
2789 7122 405142
1492 7708 234737
7090 9184 812847
1294 2318 867895
1114 7984 331310
6974 2677 28349
8497 7560 134585
5181 1045 940632
7510 1433 682925
2633 8805 282963
7815 5237 324869
428 968 332044
4310 48 722207
2353 9146 259132
1321 2630 925360
8595 7555 705166
5529 1875 430766
6995 853 374123
2268 1217 686187
7539 2757 326332
2618 3490 89328
1922 2473 965417
5744 2221 231821
7596 4951 55243
7183 6407 617186
4018 4140 995675
4045 7680 855011
875 5954 772164
423 8309 429812
3602 7296 529352
1209 8302 673326
4112 445 629799
1846 2175 475375
8564 3941 88706
9083 3408 5356
1656 358 671080
3553 6947 708788
3972 5369 342353
3098 3974 17860
8411 2008 867249
6587 586 281172
5377 8268 128881
603 7451 117410
6127 7939 86702
2712 8547 916588
3078 4449 333050
2490 1084 929787
6682 8352 872737
3941 834 484416
7186 1316 333921
1263 9235 153261
7659 6533 470118
5662 8128 174167
2301 2092 64419
3522 2273 794850
3932 4268 37017
6788 7769 504590
5006 3646 448713
2736 7954 359629
5808 8944 40897
6273 4618 872908
6144 484 506950
3776 8582 756701
158 2485 258071
2420 1729 76431
9204 2006 736884
5286 5377 71562
3077 2778 454306
1898 5498 187746
7265 4447 86344
9110 7956 286697
6870 9277 706931
680 2092 901380
6465 9025 579155
3168 6259 186484
711 8420 747263
727 466 898428
5830 7288 147842
6693 3278 77664
472 8109 650079
6954 3009 100010
6722 3899 122677
5128 2453 69609
4744 4218 6481
6422 1534 706937
392 1954 248437
7531 8223 356085
6914 1500 205309
6130 8215 596593
2697 2584 508617
4536 816 457087
4013 8218 772569
1567 4424 304232
3647 8497 299833
2437 5322 98574
5643 6884 8366
8022 7598 618132
8340 5295 663711
671 895 295675
5201 5305 157892
8764 1275 500264
6310 4094 689037
6980 242 5357
5762 4747 122526
4744 5875 322504
1116 8790 93577
7250 1739 921470
5724 840 812024
4400 6770 294164
6588 2573 126827
8698 2099 165326
9177 1869 981325
3438 9238 951790
5688 1507 630128
1278 3788 19162
2428 2680 850981
4454 2655 136489
7536 6372 898622
5740 1653 48694
3722 9178 439712
2488 8526 491932
6671 5380 214187
5064 2262 712437
1069 4601 435675
1487 2357 456847
3006 5550 63537
2598 9242 851171
2035 6396 468375
5706 5753 772106
7280 7861 424707
3437 1347 97273
1663 5103 417010
5383 7405 244109
6544 8401 195845
4554 8217 298878
6619 8873 652207
5070 7224 250684
5650 8183 790393
6628 5352 152309
6695 8014 478190
3532 2445 449745
4239 5219 563448
5449 5566 576439
1034 6553 26902
4775 6270 820762
2687 6053 156629
4032 2704 945871
8200 1053 279415
4661 377 208057
4727 7694 842799
529 7854 188687
3107 5464 6503
1701 33 154534
6172 1268 202350
2651 1298 757410
6658 8716 315060
6773 578 918043
4179 6532 714052
3378 7339 509115
2881 1470 118533
2896 2515 721311
780 854 600842
1031 4744 880616
6983 434 513543
5829 8951 966261
2217 14 32340
2897 7339 329834
1606 7933 870634
1689 8602 29907
1077 4694 759711
7008 3173 852665
2857 558 46600
195 9023 295453
2306 9122 552769
8364 3235 923708
36 5496 352258
5433 960 284967
8082 6660 672327
6708 8402 892905
3919 4423 888325
3574 3518 64283
2183 4666 828244
3309 2336 733262
9218 8555 680642
4981 8360 227027
4932 8928 287685
9056 7270 152733
4280 6322 331337
3627 8526 215810
3524 7194 471596
6041 8441 593316
765 2470 390613
5357 3214 446903
8649 3352 158641
1746 2698 20762
1329 460 533993
7719 6098 988242
8113 4259 849446
5656 1659 515762
2611 7315 533366
627 260 178581
6835 1566 632870
6900 2364 976846
4591 2549 701271
1714 6737 434595
1847 1269 725468
802 518 861815
9041 1591 85292
1078 182 248357
401 5434 568671
4272 1826 954547
864 2902 729301
602 3548 882512
845 8487 192237
7007 1163 764524
2830 9251 279801
8124 1034 171897
5636 6527 611176
5454 2115 214810
8785 8893 117735
3066 7863 309509
2210 765 330027
5998 4507 159777
5861 6909 272652
6265 7501 302156
2850 1748 289443
6446 5866 549402
3738 5202 303588
3595 6716 319165
4150 2239 780426
1180 6360 265354
1345 8483 546734
1177 3009 47165
1490 4294 702429
4125 4766 421556
7755 8720 896177
9239 3047 70805
6307 1437 483707
2738 3662 748796
8796 3759 170019
7304 6533 231938
4389 1285 342794
2326 6507 618981
9096 5327 294432
8633 6863 836186
8953 45 649988
3933 2598 406885
1977 6381 947097
3215 8751 133285
7225 821 55608
1659 6552 332684
1106 477 195015
3880 9144 353970
6760 3325 207992
8974 3333 251646
767 1978 384558
3812 5763 172526
3446 4410 951211
8063 3434 37609
2958 4206 674986
530 7232 259482
4815 2071 372031
1056 6902 556969
4640 2313 543440
8870 6522 780195
3441 3708 588487
7251 4977 36137
4324 7198 454120
2593 1607 798530
4540 5996 223474
8973 4348 936153
632 7135 48679
2907 7006 582302
904 6123 565203
1051 4332 555898
5392 5364 820989
3257 2902 822521
4870 494 543666
472 1753 695032
6031 8198 144743
6758 3396 599640
2792 7362 27794
7004 4737 921778
2503 5281 909127
6814 5735 34976
5084 5770 595972
8046 5223 316942
7950 4501 443494
291 239 95324
8639 4851 955621
8501 7207 182649
8280 7142 166615
7410 6974 505534
4726 0 724901
6159 8864 938130
5101 9041 946390
2671 6854 814134
4272 1413 750566
6726 3912 81600
3213 6587 684642
3996 6292 340854
625 3303 317523
3331 1631 481713
5674 6333 612556
55 6637 117214
4664 3716 766029
2916 456 896024
1167 1993 217489
3427 3634 110164
8770 1247 983081
9173 3917 746098
2185 8391 302479
7551 8598 223071
1395 1757 506926
8335 5753 187759
8761 8719 92975
4037 8856 326438
2152 658 51059
4940 5773 341373
3995 3604 714439
6516 2791 887383
593 2211 840732
5002 8487 374101
7930 4480 993273
7364 2574 765789
6879 1984 121928
2010 6195 129819
4572 6834 633982
1060 7372 160105
2319 1597 805428
3667 6105 29759
2750 7988 664451
8759 695 838612
3144 6661 166602
1333 4611 215372
3933 4801 878371
2891 5294 250927
5017 5029 277684
1208 9132 18095
6008 5351 873731
144 3440 293710
8126 1398 707999
8596 1220 379408
799 3469 681675
8680 5733 289512
216 6342 542065
2434 522 333453
8216 8646 110684
3861 8289 729766
3247 7605 720755
7106 8267 82928
8041 6486 428520
2347 8893 485429
7194 310 246917
5453 7944 504576
2399 6428 118295
4163 5323 435471
4750 8738 941177
180 5212 617598
4370 2239 227544
1548 1791 808309
6290 7798 668911
179 7037 974278
8342 2273 480159
5751 927 290424
1514 8873 656779
7865 7078 247255
2854 8294 521373
169 1464 764542
4781 8558 321539
3671 5 367631
5656 7921 816223
1894 8928 37409
1806 3334 701048
4106 5087 708200
1899 7203 262682
911 6506 363970
4997 3724 511049
8422 7971 619466
8562 8941 699956
2034 8539 186685
6140 6730 823014
3255 4112 54662
3300 7487 595494
1557 2794 757247
8874 7462 631454
8025 1516 239666
7511 2012 38409
8146 1526 811341
312 3407 33595
7200 6283 356281
3624 2985 717137
9252 6964 579151
4185 4239 731410
5941 384 409208
7326 1931 931562
3963 8849 174103
7728 1430 465252
2702 1849 909535
6238 1609 88075
255 6482 504578
7434 2166 330448
1294 6235 567380
275 2626 407933
6058 2873 66878
3813 343 531375
8004 2855 332911
6674 5750 216079
639 865 960384
7398 1909 407312
4380 7553 617821
6722 8434 569662
1901 8235 72157
112 3234 443254
7795 7509 391503
6627 7429 516602
162 9177 756309
1393 8094 527851
8640 8916 746205
3757 2306 170323
8699 5850 6517
9084 7872 152183
8050 8662 501202
6933 8578 450167
8694 381 925774
758 6710 961807
8511 9099 904331
5559 6761 662344
566 1898 501982
5892 7497 74690
1265 1722 419509
460 1198 899724
2550 7274 997222
5907 1443 658080
3683 6999 70029
142 7886 235229
8373 7324 328900
1479 8407 860736
741 1240 664931
5794 4248 310155
7957 3240 468957
7260 933 542273
4041 2278 565890
448 2621 333305
6304 2755 650209
7011 8093 198803
3931 2487 770872
6491 6211 963815
9109 8886 282641
7699 6264 657146
3495 2996 54286
1838 6868 478818
9213 3398 286327
7910 9198 127217
7313 1677 715842
3478 6532 571241
7952 7064 968856
6522 2613 292862
6260 4398 892416
3341 6435 472475
11 3768 458750
5469 6441 981597
1285 6552 291355
7780 4507 531138
4088 7241 119092
3743 7069 939584
5445 4054 767956
3161 650 923095
82 2280 564679
2442 3614 344260
1608 771 728383
4512 410 444067
9172 5644 316262
5565 5584 170078
8036 172 56458
2842 6904 618153
1913 9188 45467
4166 90 68475
8260 3315 929702
410 3140 70066
2698 9113 545342
2612 7921 765324
9271 2849 90036
6849 5697 849803
6500 1680 218658
1005 3608 95384
4704 6801 646205
8413 7207 384105
1611 7375 702055
2067 949 200001
5684 5273 171721
3625 6441 439883
4582 4588 902682
6488 4065 155868
1362 3669 51909
2721 4505 162695
8553 1379 386122
4992 7201 277534
4308 3098 934018
7575 8895 419551
8717 4763 101343
8482 2096 352965
322 6365 718253
808 6393 58469
4516 8872 272322
1093 5620 115453
2107 4527 474131
5340 8168 117329
1248 9140 37914
6479 1227 708378
2231 3671 190985
3863 1134 840319
78 8510 106389
5497 6217 293977
5550 3407 824469
6792 2541 816016
515 2580 501707
5260 8461 372347
6717 1855 469021
3480 8397 801549
3196 5918 108746
3646 5277 105882
3950 2622 345658
4438 4172 67130
6696 6302 557020
777 3012 3129
6564 4592 382594
7118 4710 951683
7421 3695 445262
1973 7574 81819
1762 3429 133624
8701 3689 925903
4061 2230 3315
8188 3031 197454
4888 4232 840393
8698 1062 340038
1414 9015 549190
8823 141 142983
7551 2270 91570
1499 4707 335238
108 1570 824906
5880 2594 972130
722 1883 338076
8340 688 885956
5015 2658 326530
6909 8422 423314
2735 736 285412
2852 1147 562736
1880 27 367352
7169 7008 953116
6877 2523 714203
8384 3698 784872
2706 5768 3387
1466 6279 648952
5031 7143 764835
6888 2426 629305
1913 8483 144807
1253 8711 263159
1637 5656 620367
6852 4291 959864
2594 3346 52168
3707 8530 990041
1279 7833 149116
687 5190 94409
4776 5382 1319
1391 6557 750219
779 4473 17612
5529 3809 886955
2055 3665 733865
5565 3624 834025
887 6986 507741
4477 3571 211032
2269 1242 167983
1841 5337 69271
3513 848 596431
6242 3928 987971
7552 8449 154402
1476 5023 427535
5178 3799 339001
8199 1079 6256
6626 1564 93758
3583 7755 129217
4307 8968 345152
7401 3536 929780
2972 4479 406005
1571 8197 422823
7252 1570 415761
329 4809 68128
1603 4954 132315
767 4240 857569
9166 6634 687799
1314 238 530290
7698 2566 843544
2082 1039 830453
3545 5295 904531
2738 1374 838586
7659 758 237398
454 3308 900830
4453 3595 305416
6567 5784 22435
5649 6544 521491
8273 1733 426081
6937 8200 648446
7801 5200 128192
8092 4700 187177
5996 9150 931956
7077 6041 232692
4544 6947 926905
6421 4513 826414
1046 3282 138914
2945 6464 89072
8645 591 601361
7018 8255 776515
3727 2521 364622
4424 4475 869088
5019 7766 104073
6531 2711 703786
6699 5697 567346
7730 195 850820
82 1475 884554
4764 3837 533259
214 6929 830828
1891 1596 343645
1625 7980 721899
8170 994 106455
7491 2327 969361
2564 8987 816146
2687 8751 742991
4515 2460 683637
2010 3094 219077
9030 7471 532738
2679 2873 890536
2620 5552 358335
6376 3413 523787
3301 3023 567012
6832 2345 850880
7555 3773 744650
484 1981 852140
4018 9264 48768
14 9136 558089
1679 7548 992224
4180 6140 433979
7556 8659 845749
1867 8733 211779
8554 4552 729776
4474 4937 531054
2666 9197 945734
5905 8578 684048
4107 2549 910872
6426 2721 740277
7673 3019 198676
2370 3126 527979
5410 6763 940682
5233 2104 545427
5260 686 713809
4566 1902 452344
8157 4269 634808
5664 4794 28176
5929 6329 893452
6175 9108 806278
4385 808 920457
2110 6172 450600
3810 1104 946703
8645 6698 452341
1558 7354 620650
6125 6273 679975
727 6207 939740
3786 2167 126745
4362 1250 392222
1292 8189 696537
7931 3859 526037
686 3323 621488
2064 3963 501507
2451 8478 755751
278 1209 683326
568 2807 375193
5907 3813 312423
8855 3789 930246
4201 4180 368015
6535 3837 441593
4812 6357 432476
4282 3063 628162
928 2262 239610
7421 8543 474970
7415 464 358985
5544 3043 440092
9195 8194 236160
3346 221 879992
5076 7361 422935
2412 5642 668035
7366 5142 794605
1110 5990 749754
3106 8559 292373
2788 173 704780
6608 6625 379001
2221 1689 151399
9151 2313 471119
4525 7442 564683
7911 3929 185644
8380 4668 724195
3977 7470 592913
155 3216 598409
4597 4615 967501
5168 4506 106717
1121 6215 434594
8642 680 24023
61 9259 228075
1343 4024 530246
461 3029 96873
9079 8162 141118
2428 8877 952637
490 3714 492315
7283 7094 351294
6600 2972 530049
8040 6448 643690
5064 1634 352297
2583 2282 388507
6559 1005 818537
7778 1413 48075
2911 88 894840
9164 7161 523294
2572 1837 925255
7393 232 905640
7998 7819 998136
4063 3515 396370
463 980 369140
1384 7274 156785
5285 8134 695523
3972 5660 854902
7069 3584 586359
449 4800 896360
8148 8395 341428
4633 1909 162739
2712 5286 790995
6337 2541 231363
2616 6858 89446
8064 6473 400129
8283 7502 4961
8430 7260 929964
3105 216 42544
4212 5624 297786
5941 363 91010
2546 1999 252669
6429 2830 946562
5602 2004 816929
5194 7575 813826
7754 7123 408346
1424 4685 182196
3432 3294 501619
2810 8840 207175
5089 7267 850433
4272 6692 713943
4320 7489 818570
1393 5048 3001
6212 3984 86295
3521 4904 917606
1611 1315 287469
439 812 691208
8125 6224 666957
1989 7603 526320
4076 7153 260175
8438 6282 556263
3530 8309 864452
2881 3105 466516
8091 6146 982024
3524 8901 202373
8729 8374 73681
8098 4499 614940
7379 1858 294218
4136 2697 538610
2794 4544 526376
4254 7274 15901
3487 441 918229
2939 7357 970679
8541 1224 518976
4643 4662 545468
2445 1752 698982
3837 6202 464257
7882 2981 166995
1542 5640 407534
3672 3316 842929
2980 6540 576931
1533 1757 148993
1582 7376 487386
9145 2803 175165
652 6527 386852
2998 2746 728910
4931 5545 851660
5675 6118 521834
9018 1116 686311
6771 5681 776962
3363 6310 524688
5229 332 601231
9148 5831 875692
3168 3779 104793
199 2647 27427
4782 599 452879
7014 6436 74349
9065 1989 62043
82 3845 274997
5774 2875 48768
273 659 449452
8668 4493 117683
1863 3897 113525
1507 3092 218197
2317 4859 306612
9032 4703 959349
3769 186 554610
7606 3950 592133
1884 4856 86950
25 6972 324440
6259 7775 298002
4074 8215 182641
5566 4546 237011
3029 644 939579
9282 8055 810592
5412 7128 666553
2270 1662 389960
2701 469 631390
8907 533 865998
8645 1575 648410
6570 5182 573300
2211 5983 655306
1112 1386 4026
2571 6603 471800
8329 8726 36860
7906 9278 83002
1724 4809 111427
972 8196 834310
4771 887 734868
3403 4117 361946
5180 9069 990486
6852 5025 977134
4321 7690 610417
704 8744 632658
5263 9257 661222
1496 5992 632595
8606 4442 548695
9178 3364 449602
2171 1749 541654
8364 3733 365999
2338 2095 525751
2010 188 511791
199 3593 283564
4664 5890 378541
925 6658 516871
2812 5826 843310
4907 2252 83065
4702 7001 809794
8193 4732 739697
7587 3266 295701
2871 6762 96793
8729 3172 623971
6296 4896 957575
8886 8304 132627
6095 2354 953232
672 6671 423024
3490 1908 668687
4583 1962 115794
1681 8170 817327
2767 5900 542113
8390 8351 144362
1390 4262 330378
3139 4690 339823
7401 9068 959408
2702 5747 557681
74 4298 189019
7646 9275 545571
1732 939 826842
4360 7938 896217
2271 3344 455743
8306 8742 505638
8803 6046 635360
3231 2968 847063
1532 7850 69637
6265 1920 448475
2520 2287 910634
7823 6414 325294
6866 22 933535
2338 5273 592356
5829 8292 720154
4441 8939 682500
8697 4056 748895
7432 6528 214615
4873 8186 91660
7391 5379 652344
4057 8444 448890
5134 1024 614675
1587 3905 919718
1961 2811 606059
6844 2507 126886
1379 7109 671842
278 3519 58920
3542 837 854866
8611 8782 211509
8261 8424 371198
5284 4701 335940
3405 1109 946760
6000 5379 123993
734 6058 372310
7000 3166 9328
6359 6147 780639
5976 7233 184686
2386 3275 379274
517 4210 316702
111 4313 622631
8830 2304 215143
4400 7160 254546
4305 1755 805016
3318 9249 89881
2728 5828 79090
7341 3879 256098
3231 4433 357939
5162 5272 922608
6615 2302 784621
5874 8112 758198
6949 3159 80484
373 1194 29042
394 3528 648869
639 5905 40133
1339 6957 648337
982 5252 594646
6770 1780 611354
5780 8690 975946
4387 5416 223774
8288 2932 118119
790 7700 250068
6500 4744 759107
47 4182 827542
163 6467 593360
4985 371 583389
7827 5359 494889
8472 7932 569959
2516 9128 649554
293 4142 19258
3906 5219 141374
2127 8222 157854
5928 7230 937361
3835 2035 740661
795 8276 986254
2643 1605 92178
4688 254 200990
2036 4807 832229
5011 2872 458641
4407 8654 553202
8918 3807 922445
1375 3807 342618
5023 5919 902367
3851 2119 847501
4605 8656 729759
2840 4823 563267
1813 8498 776214
4349 4901 402545
7037 5355 499189
9205 7135 125628
2990 6106 85351
4061 4235 118340
6312 5421 241159
6086 4531 724463
4634 6050 183471
7900 8869 861965
8867 5028 673263
675 4003 759519
9125 8662 191404
8143 7134 127112
860 1146 769482
1914 3545 208114
4959 3660 344123
7353 5064 143097
6067 5931 170725
8728 6478 356990
6421 178 694534
2917 3362 707629
2373 3301 853562
201 3464 526410
7846 6000 388838
6123 5217 635868
7811 6162 152944
3782 555 918250
1832 964 164122
6335 3854 810501
4479 3723 866086
4331 3377 708550
6984 6946 801584
6059 5334 116512
1753 678 33930
990 4083 652501
85 2450 662168
7053 1518 677856
7498 3339 455846
98 3844 924097
3223 6442 628587
4203 4012 456672
5159 4928 821004
6839 7851 842398
214 6445 902655
2401 3041 830248
8364 6786 65787
7595 1482 409201
7173 2507 587224
4003 352 142676
7904 1391 305225
7937 6067 236800
8500 6383 650038
8309 1833 727759
8992 2180 499366
1779 5747 139067
1106 2374 145749
8950 4310 722672
7375 2593 853886
2591 1771 920278
7601 594 977343
6045 7762 805231
8246 8702 592315
6686 718 2583
5768 3935 46802
3088 1006 787219
4080 855 542849
38 2739 463120
5440 3211 283620
198 2777 48074
3529 9001 509078
529 3468 346814
416 5700 369984
6518 8464 581131
3788 3338 71201
8724 7556 487966
7583 3814 518712
5158 6983 187029
6785 8323 595612
4808 3810 238809
4444 6377 42537
7145 4458 747157
8990 7235 783593
7007 1724 701341
4770 1222 100332
4775 982 979226
2362 913 225682
989 8109 815145
405 4945 653253
8232 3987 669170
5592 4633 552573
683 4849 911920
5540 7374 398359
5940 9048 704911
927 1181 599224
3737 8483 574905
3636 6912 125493
8726 8797 566519
5448 6203 934214
9046 8338 18696
5153 2959 206755
7433 9272 207242
6160 7769 260314
6821 6532 836597
5235 5183 66963
3217 3601 918719
901 4518 986287
4164 709 858383
1646 8169 875519
6723 5506 70348
6321 4395 750854
4912 5540 946226
5768 3748 832719
1638 6565 340887
3759 6736 576150
495 5830 355762
9042 4674 765862
2861 6367 487485
2002 8995 616276
7196 6401 270133
3576 1316 339117
8307 3163 976449
2527 4470 535216
7513 4491 462186
6078 6420 546937
5563 206 312440
7727 3594 607650
6820 8257 855629
6238 3552 705248
8108 8795 523702
2327 2841 366966
2223 7414 190674
7712 8390 371975
8945 2455 469409
7068 909 621598
1719 4091 340760
6886 8712 752651
119 2728 848395
708 8173 993837
6282 272 421905
9231 4700 736872
2529 4864 802709
2751 3662 763246
1684 5635 819871
2432 6756 710034
9010 1258 795071
6560 6217 5623
7500 4740 583749
1151 6445 867101
6657 3766 971791
4837 4336 899603
4353 3541 416063
1053 6836 32757
7907 6598 92959
4270 5111 322267
8273 5005 414675
7900 7986 460678
3966 1371 136128
5500 7275 739490
9084 8616 519250
6895 3886 470184
857 8789 977848
3842 4684 194784
1177 2106 231331
7112 7405 282761
8063 3240 80417
7141 8906 582565
974 3340 944717
3599 769 761385
8772 1339 482274
2204 2570 935511
7278 1314 37727
3528 3539 9237
8685 8941 146341
3714 4185 18540
2379 770 384232
4707 5839 886536
2243 705 378627
7466 2935 466518
7894 8150 218657
5318 5107 758491
7471 5353 834998
8707 3883 968123
5166 8859 186997
582 9208 207260
7605 8027 565736
8268 99 933639
8052 8720 499658
6576 1912 837868
1356 6627 400313
647 1035 158211
3435 2547 800328
3804 9016 757359
6413 5239 512060
5077 7004 9323
2227 4899 203874
8852 2011 88338
7093 8119 700424
4136 8588 9788
7731 1530 580810
2013 5748 844142
5330 2523 183922
7671 2582 82105
8711 428 877887
2080 4589 409282
6029 5597 293828
6526 2748 525493
3007 1794 546506
288 8248 881028
7294 7037 148873
4621 6550 111555
8105 2462 721709
7870 5782 601866
3373 8889 724923
4743 6135 328556
3294 2763 614888
983 6965 686581
7833 2403 673890
2863 7172 425855
8298 7997 226857
4754 2429 399548
351 1859 937863
2438 6935 513339
5688 9236 655406
4248 5932 213275
7010 3707 723371
1 8537 960573
5820 3627 471840
5405 8307 935773
6662 483 843016
6538 3221 934034
2009 1344 13095
872 5817 290698
3339 4806 92649
660 3545 451311
2019 357 146633
4059 2822 310038
2672 2056 448296
2139 719 90681
1395 6508 718464
5879 8436 25933
2154 5725 253628
6097 3578 894924
7415 3193 534181
6617 172 275757
3165 5454 243735
1455 5667 806987
2401 5926 855978
7175 5860 85371
2476 277 285977
7632 3838 242325
4149 8031 740709
3403 755 323591
8737 1572 514200
7862 1958 412178
1190 679 444170
7679 6059 857215
9117 7323 372469
7303 5863 823581
7659 3567 362692
689 1019 527648
9272 4145 34266
5074 2460 414153
5568 954 691557
395 8290 897322
8032 6041 918089
3700 8580 746031
2140 5387 623975
276 8840 728286
478 1880 167230
8686 2059 626469
8297 4313 764931
5456 7212 842878
1282 4591 966422
431 7375 831982
4980 1600 686443
5812 3515 785192
8942 3107 893355
3436 3081 317073
3079 1097 909345
1031 9144 207648
9238 183 880803
6121 15 698797
7995 4260 46845
1144 6504 863656
1408 7445 362150
8011 6015 425637
5583 5 370898
6985 8973 387183
5895 2438 233142
1562 2517 616249
7172 5074 304655
7479 2692 601045
3693 135 159135
1273 1125 567611
1309 8146 779133
4662 7024 850615
8059 1146 950901
5048 8279 972647
6331 3303 846547
7580 2795 952082
3520 3739 688156
4080 5341 466755
2892 2028 584310
4918 1188 427176
5964 9035 77984
6267 8175 455888
4618 7642 139207
2483 668 439313
5001 7193 871016
2389 7996 227795
6046 4002 443580
2616 6717 940923
797 7904 584914
8402 8417 653796
6824 3335 22465
195 6351 712513
568 6616 138464
7184 5533 32007
3675 410 241866
3627 5206 192210
6627 1838 626838
3572 5105 567427
3185 6441 990370
3329 3589 808596
444 1864 9023
2409 1669 12413
5163 852 685953
3586 7752 951458
5993 5559 787375
3249 6507 106387
3383 3755 245156
8569 3717 133916
132 2060 386526
6057 6614 288021
1501 4149 809399
1429 1492 856176
9152 1506 16908
2468 6203 668349
8888 3488 980297
430 68 247392
6947 8234 788182
6291 5386 750685
744 1306 123201
1019 3831 352896
5791 1598 145924
2914 6587 77374
7615 5108 599110
4809 3774 730342
1188 6370 242781
4968 6070 205819
1208 7431 407078
1422 4731 254860
1714 4896 697840
1574 8925 194224
3484 4474 303562
4394 6858 328888
2169 8545 740515
8127 3449 920143
1262 4543 844922
2567 7961 492871
5729 7402 223677
8328 6691 484475
751 8265 429061
402 7449 743141
2944 7535 104843
6967 5936 957963
6418 9085 831087
6487 6507 857808
8649 8750 234620
1653 5639 530965
8676 3387 368364
2303 1499 320199
6713 4911 379222
5635 3257 817856
9010 2346 717294
6498 5059 979521
1328 4611 12665
6335 4399 526381
167 4720 593760
