2573 1131
1220 2059 779110
1733 2257 724952
2115 923 903722
997 658 981499
2228 326 227041
120 1567 100879
2071 2182 644930
1444 1625 459170
1160 160 721019
2294 1182 154011
2243 770 557624
2537 638 651772
349 831 318415
2022 181 414708
1794 703 497283
2326 1879 200086
1107 1491 840136
600 175 299854
859 1058 452998
671 1116 712625
382 1956 680973
911 1468 144598
2472 47 881334
1946 1855 905899
1581 1164 669588
1876 1883 615252
2120 2249 551026
2035 1050 961668
2375 18 400963
2085 55 202969
913 855 636460
1420 252 541411
119 1564 562368
2112 1377 225185
1137 1222 176185
2435 1549 920903
2056 1082 360920
2342 2238 351951
705 2428 367799
1964 2415 737383
1664 1540 451548
1932 1078 943995
1698 450 732146
1304 1582 302326
392 1474 718200
705 1107 605844
1115 1042 129318
1710 2379 181225
315 259 150342
1313 1501 602107
2017 263 586550
1422 326 17199
643 2288 733779
1275 1662 211858
2504 840 842258
2348 207 292154
1376 923 105256
1157 933 608828
1471 1885 308020
691 1808 812375
2430 2084 579905
651 65 460808
321 687 534938
2005 344 458097
63 1625 590051
2288 938 117501
2423 1758 946686
2040 909 117170
745 2317 590031
2152 758 196659
2141 1271 553327
117 1161 440228
1786 1532 379240
782 467 677331
170 1559 83844
1984 1332 126302
108 1651 513169
643 856 344326
221 1595 660847
1082 32 623856
1232 2369 991969
1037 2375 935163
842 1443 187390
337 1028 210559
370 1824 363784
1063 2349 895257
600 1948 69619
1014 970 802041
2412 1053 237129
1785 2285 613775
476 1159 730553
1943 488 137207
442 2152 870982
902 84 23868
919 332 48988
335 2055 843013
2085 1572 819191
1892 1510 561550
1947 2568 633389
1139 2281 621616
286 979 975284
961 1771 565395
1753 2436 502542
254 2184 390556
899 2247 85530
2181 1698 553765
1546 1612 54823
1407 1209 343844
320 1059 960320
2237 1909 310068
2115 2157 464175
731 2443 783219
502 1207 527451
380 268 980283
609 1641 301360
1710 1466 480461
1637 1900 454560
904 1978 551540
1980 2522 96719
338 2300 447836
2171 1259 819399
1226 2447 76076
2215 2133 835426
1155 1641 946133
1579 1422 851621
1911 1312 123699
1533 320 18783
831 362 238519
2340 1394 79595
74 53 167472
2067 1585 167461
124 517 45622
771 2466 542009
2484 1552 630042
1668 1642 937209
902 1781 859600
2368 450 198329
650 399 351692
984 1999 199499
697 187 912458
1822 525 310035
1151 1539 738505
2096 881 796183
1562 1189 902082
1691 350 303554
1622 2495 377819
385 661 506613
2299 1998 63572
2337 698 686463
1842 2371 210624
2 2155 734398
250 1998 217932
1383 1021 494264
2480 929 22422
2362 421 822896
1182 23 26304
1268 1045 295965
761 1553 702682
996 2099 736033
850 124 144110
761 1593 810141
1054 536 972558
1431 912 833089
1126 614 480941
1111 1282 398077
1243 1984 975124
1855 1920 387560
742 1154 316354
2466 2508 853132
992 219 659061
417 2560 20516
1755 2070 966339
1643 1767 230562
1484 250 780234
1306 414 273122
122 925 429375
1272 2169 275960
519 268 252555
329 290 644441
1814 1851 687072
214 1690 94638
2554 2295 675363
560 841 576198
2469 2058 632069
1602 2064 858103
1402 2097 442348
1444 1739 168341
1998 1046 786463
1484 159 183500
209 1262 348129
1202 1844 429804
2059 2316 697480
261 1491 680207
151 703 257024
833 1606 700790
1656 2364 490949
1698 920 572587
1322 338 303619
2061 2044 349111
1647 1877 258063
1310 145 548311
532 1414 566149
24 2207 839087
155 448 645766
1706 233 994395
2002 746 210573
1021 19 799405
2487 922 515650
1140 297 373531
1204 870 949931
253 273 529973
2351 1281 707629
2242 826 302800
723 2402 562647
362 1111 632714
149 2441 324524
48 357 954565
1138 263 243876
2185 1987 191069
2105 1158 391530
1001 690 557834
2486 232 395315
2042 748 88877
289 1470 516951
1338 1940 502936
1236 1849 725768
2426 739 967430
632 897 928467
1836 2139 688702
2012 1700 807324
1122 834 348943
2509 820 877409
955 1185 529282
1813 2468 423214
276 2084 843273
1118 2532 90958
2508 1326 896857
2414 1884 326406
199 878 931320
635 652 360763
129 587 998794
1454 183 715717
906 347 961096
393 1108 16066
89 1837 218300
952 1828 693604
856 337 930928
66 961 944060
2370 2378 346113
1248 214 173117
1076 1892 38629
1294 353 182507
2053 1590 416052
1671 1868 29161
94 1194 873235
827 2053 481771
247 514 9010
75 349 444835
1359 642 722782
2513 691 493539
2110 1630 153878
1842 1238 555976
2021 2086 864122
364 835 220723
859 327 561910
2460 2346 697339
1768 978 789224
378 2498 493758
1097 2193 823431
1029 563 461683
1150 1212 474551
499 792 192684
298 2298 76622
221 2130 633720
2176 1460 802285
284 185 683908
953 187 233094
1326 2179 759394
215 123 3224
1005 1292 256659
538 829 675980
12 2342 487609
1909 1664 278253
385 2211 484940
2235 285 289539
1453 99 73385
1856 2154 845
1347 2135 865908
1680 356 167507
2226 199 172302
797 2144 772142
712 551 932163
458 1698 739096
2291 670 637065
2113 776 60052
63 2401 430127
304 1036 763819
184 2437 91813
2395 1425 417202
2190 493 438571
1902 195 455817
1542 95 299879
1752 1763 306739
1977 1666 74792
2136 1952 812280
331 771 480266
644 210 835701
164 717 599566
1220 1123 726553
334 1096 864896
251 2193 789493
2443 2383 872298
365 1329 376340
1787 1468 285369
520 2473 977102
1310 296 415793
1583 597 636336
116 1202 243434
518 984 780880
2361 108 765171
2475 1654 497330
939 2492 139375
2199 717 197111
2061 1675 864936
404 430 143616
171 2435 84759
1625 1703 741397
1399 2232 746566
960 440 638804
636 735 243978
2174 387 366810
2294 1431 900892
2394 39 670321
266 1131 452706
2332 1423 225309
1741 1287 154559
800 2136 466130
2562 300 269568
1286 2528 932079
2288 2145 809505
782 1921 708360
2273 1836 829843
151 43 770942
1454 473 748922
272 679 256394
729 1756 493807
2006 407 534673
1478 1193 933173
1477 2507 304998
1882 1461 516648
444 722 931551
109 421 985103
2535 2413 119171
1720 2040 110149
513 2549 780411
1361 1422 987428
1547 1828 972900
2 817 449400
364 453 945084
1191 303 928343
410 1724 193280
1916 603 309592
481 1340 411715
2421 1150 99315
795 1791 796380
1117 1143 280047
1339 824 6049
1523 970 960358
432 936 893100
1131 2556 600755
1254 470 543683
1435 1686 889020
771 2002 329360
1040 2269 370346
312 64 658357
2056 1732 580009
1712 2248 491823
2026 1735 220996
724 1545 105437
295 1426 33481
1053 917 519620
966 520 38837
1086 2034 706537
244 1581 281333
1016 852 764421
1196 124 728465
1120 2172 658520
709 1659 548928
166 1856 464476
1008 716 326965
1956 1977 130872
889 783 181032
1145 428 130903
1069 2519 505359
1773 1460 902377
534 2454 189386
1510 2083 370888
1061 390 632369
1096 490 524016
2321 18 546839
1750 426 895895
328 907 210723
1611 2052 595109
398 1019 425843
684 2215 837008
1825 965 425032
664 1818 634820
1986 49 727078
994 2307 664177
1373 276 891728
1413 1227 431038
2153 1178 562884
68 91 137239
2455 121 237570
1858 1968 638563
1192 627 932876
2121 743 478343
2214 1296 639904
62 1090 902833
311 112 873444
2415 1030 954996
312 763 188167
1314 379 665978
1438 2423 356272
1960 1982 463649
371 2503 963700
759 980 90745
254 476 913553
120 2416 713338
2428 935 18079
690 2441 254220
2229 1061 834307
2359 343 334023
945 2041 580361
2408 494 665889
2447 135 552473
423 2542 905745
1319 881 693091
975 1545 816779
124 1435 66110
150 2349 683937
2473 2451 231756
1782 2443 341637
2124 377 820135
1353 1848 734227
1478 900 84985
2392 2155 771905
1038 1855 54352
1089 670 660637
1520 84 826834
2042 2372 364094
1838 2524 385253
962 990 354314
665 195 447388
327 865 459698
2392 1781 846908
1434 1159 618763
1815 1614 877385
1260 964 742673
448 1454 826319
501 1585 104876
2361 206 665275
190 2160 995569
2372 2282 828692
2410 1365 313208
686 1681 839049
2132 2393 419149
1764 0 576898
1479 1870 110737
2020 162 53998
850 553 598952
1742 1376 427106
1399 75 557562
2004 1087 542572
1017 2259 893724
1899 61 473077
19 2157 218496
276 2524 324281
2149 173 262103
2188 1334 529735
2464 223 347358
1079 551 202098
1472 1536 881185
1625 2452 240537
1613 525 137731
2471 1648 202421
1414 2202 89336
1976 2127 146257
1170 2051 766550
1947 2013 876782
1640 673 19700
522 1900 958429
293 2269 746844
1092 315 477979
1988 220 729640
1742 843 986853
459 1533 709032
2439 1193 818801
1998 790 616641
2138 679 94988
274 1045 846620
2185 2058 146829
579 12 383156
701 1115 794759
1774 120 263775
2325 1314 972291
649 2266 578233
28 1204 967102
1311 1982 737419
16 1926 303790
2115 775 816922
684 2553 887977
742 431 98993
675 1721 42183
221 141 81581
592 1363 70006
738 233 869097
1531 1374 187313
1788 1390 5808
1333 464 717725
728 204 865061
1296 1964 553067
1924 592 331637
1253 229 388750
8 1593 528670
590 321 387206
719 1453 867899
2200 127 575498
486 1950 622741
1771 1182 10610
2453 1748 988828
660 2212 849004
345 247 653974
550 2098 181406
499 1080 840227
728 545 691783
1379 2131 185778
1232 103 83323
1561 2270 117474
1521 1236 316699
2201 1220 756585
344 1938 660869
313 1825 155534
408 1317 391423
1489 2462 767845
2067 1707 315405
505 242 98570
1600 1008 740456
768 304 381092
1469 159 348421
256 1395 925310
842 1107 844599
2303 679 22463
959 1989 139507
2040 1544 483016
594 661 90997
2515 1101 951240
818 370 660356
1718 763 76616
922 1812 16580
543 243 58913
209 1638 144918
242 1063 552057
1868 215 778018
999 849 167541
559 328 494429
821 2310 234002
1275 2516 354782
907 1600 527234
2544 741 519397
227 1084 482207
2551 1771 295496
2034 481 836222
976 1444 322258
595 1611 790892
2207 1285 661647
2175 2245 971581
1609 1999 623558
248 250 749922
814 2088 562618
1768 343 978997
415 1159 680519
392 1770 95252
1495 1348 737655
1328 285 576936
960 615 679042
644 996 978908
1127 1167 705781
1729 1570 809832
1609 2259 473735
2220 831 899750
243 2348 713873
637 1316 146739
872 1881 271924
1751 1042 897435
713 1073 995886
276 545 951377
109 447 327369
2291 1199 635756
2241 586 432897
1936 376 390322
342 472 195961
1901 131 335035
849 707 142510
463 125 885786
2103 203 847534
151 218 989305
129 1410 29528
548 1355 579636
2495 970 817368
799 2123 29784
1261 115 210537
37 2356 44593
112 2298 411151
300 2228 90234
1716 2030 916242
1207 961 765836
2481 1363 255698
1061 747 106370
1011 1333 475277
597 444 480259
216 1645 303364
548 9 559492
1566 1414 883828
1619 838 270087
2203 1850 683758
1867 730 394864
510 1678 421517
1837 640 45897
1584 1339 124427
153 810 290407
447 69 897237
1902 926 12711
596 434 422471
2274 1523 97835
1496 1875 47774
615 1465 923103
147 355 453040
2459 2133 448297
2436 2332 790654
1620 364 489728
188 1142 312808
2227 2116 502252
1161 278 411498
371 1118 522192
86 539 105222
1562 415 860986
750 761 319140
2293 2276 705970
1947 2483 260822
2481 1221 410260
30 815 45899
867 594 144716
2455 2289 89075
1383 2142 496987
782 1395 713295
1589 1239 922226
1209 458 493375
670 103 34308
1343 1044 993458
2323 113 355909
2070 1426 864144
417 1575 760611
1310 1348 723349
236 113 385602
2419 1750 428010
2313 2033 978583
1614 1783 436866
2271 2529 886395
1482 2532 8112
1496 569 314360
955 2110 479498
1922 442 226580
2498 1782 344461
48 1155 959145
1415 536 867821
1681 2532 530437
1646 1970 838804
1736 635 994418
853 1811 232811
2237 1284 720072
1806 505 194360
1791 1506 929331
1408 2472 975058
1702 1969 775957
692 568 527043
2533 1311 415554
1775 822 497727
650 303 337557
649 107 760956
410 188 731632
586 1858 123660
152 283 213374
1685 1485 516656
580 1140 493455
1668 2489 310307
2548 175 225817
2157 982 137152
455 2463 342943
1907 1920 641123
1449 1725 8152
1321 216 999925
1041 169 653672
493 1554 845720
1639 523 396082
660 271 357204
567 898 116201
791 840 521226
1370 1226 461571
1195 1645 672080
1574 2169 907634
87 774 259811
245 2474 84906
274 1438 341046
2329 1617 17098
2385 546 190258
2249 1084 197094
678 1722 163023
132 471 735453
643 2073 448895
2412 978 164834
642 1163 482410
1127 965 736617
2104 1843 975696
1715 1150 984538
208 1059 357776
1889 1796 291060
1886 2010 217478
621 1013 329746
858 1804 990666
967 2163 374154
63 869 984752
624 2328 996596
1729 450 137550
847 1150 546066
786 53 789273
348 1207 301381
2029 571 786784
692 978 230573
462 305 905850
977 978 362272
1444 973 107186
1438 1326 622751
938 880 974772
645 2328 431227
260 29 483020
1195 1052 48
379 1762 296279
1425 2231 139750
15 2367 196643
2529 2206 24904
742 622 772054
1107 1593 960891
1641 1517 523030
1588 2071 497491
2515 2077 781100
417 154 147648
538 1248 900524
672 1000 77215
1172 1274 755986
2475 395 202073
1754 831 4893
1147 2046 360501
399 1128 698256
943 2152 485975
178 1239 646266
1838 1467 406576
633 1866 299567
2258 177 265323
2289 1255 314488
807 2253 14286
2106 1446 98340
2154 593 941608
2417 2166 535666
595 1652 14209
758 1232 39267
1237 670 723604
2088 787 460870
2426 2333 108609
2142 1709 527475
1656 2337 173807
2385 99 559516
1272 1401 33831
2542 937 961894
1805 404 394464
1312 1515 144030
2345 1936 598034
848 2512 305754
1425 1742 898969
481 258 722378
709 1177 342081
354 2158 370738
56 651 87118
64 1651 885601
1385 524 193415
846 1290 583096
2532 1603 516100
1987 1419 95963
760 481 374200
2209 1852 225083
1415 1682 226632
922 1300 729727
1899 2511 993976
1643 509 147097
724 1933 136045
1373 999 158712
2247 1769 2616
2556 2240 810502
2339 412 927708
742 349 569926
626 1102 729584
1918 142 104777
424 139 957987
642 2322 683584
2104 1293 862510
1523 2300 731984
2211 1323 726358
1019 455 92563
2397 2116 912741
2269 1066 639180
2047 943 872097
756 2524 511460
960 402 682763
1943 2167 387522
1486 832 613421
274 1034 913770
1086 974 915982
1630 1797 713625
2227 1972 706498
795 1544 943556
2201 2079 198660
1396 590 838520
1688 200 825139
2309 807 974456
2094 183 233542
277 486 940863
2416 2286 26056
237 1368 428473
613 2133 410436
565 2390 261589
782 1885 514137
97 1220 361878
822 61 799267
267 1605 12808
991 2422 477592
2405 1118 990234
2153 1951 121102
218 2113 184164
1863 1912 451657
1529 1072 420322
501 562 335999
694 783 794257
2157 259 75056
43 2039 651651
519 898 688342
2332 1346 99245
1791 241 321789
1793 1683 164063
2131 2032 894201
2259 1962 859241
1704 2378 935713
2 908 75806
1883 483 510595
149 1114 872442
455 2131 408288
939 1572 175912
1374 1690 480343
2262 2337 918423
189 2388 216733
264 1916 540876
1906 1993 672181
2499 2067 1583
2307 964 841724
2415 911 942092
2133 1364 137722
84 297 353651
1373 1224 204335
1967 2205 225918
22 2222 705017
823 37 770580
2365 2531 950048
2388 2393 38292
1775 23 341684
1678 449 303915
202 505 635735
256 224 376808
1279 533 892485
1150 1439 878404
553 1831 230857
1262 2364 857701
1549 590 757064
2550 2520 12601
1054 1278 52983
35 1877 252337
1732 414 145692
2513 817 90129
1323 1416 65002
2433 348 825356
2363 2354 654064
626 1491 765214
325 1284 414175
2168 1268 987803
2342 2326 425675
2269 936 367481
2035 1237 960024
2141 977 737985
1247 1536 479463
1713 56 132178
353 2528 876164
716 655 185238
1058 1997 175720
398 1643 160537
2527 911 291249
1617 1100 945507
2333 499 383014
1952 841 223259
2373 2489 363907
246 507 654645
1131 1074 335521
2181 2118 645786
1569 1797 974317
2434 2143 980557
1277 2528 120564
1235 1812 73237
485 945 80988
411 1954 733763
2097 545 245494
1711 108 158256
2438 650 704954
310 525 238671
457 827 206051
2282 2191 394068
2357 816 220185
848 2252 711807
1196 775 758388
2491 157 143422
1971 295 471960
518 819 511190
663 1396 260624
1976 1519 392835
440 620 634779
458 1157 490553
74 342 978906
1397 2571 360786
411 1355 563853
1045 1323 312173
840 264 665033
828 271 473075
778 533 600640
695 1780 231732
476 2121 190885
977 2323 582523
682 1000 42293
1684 1865 174921
980 2246 364904
1687 838 101283
297 1822 645674
707 1543 311662
1507 660 621856
1042 1262 469928
1869 1883 726973
2146 317 646876
473 1843 779260
1626 823 946869
1202 662 920776
1881 170 722445
1079 577 763768
251 1754 999059
36 336 333312
346 249 977339
1956 575 948637
687 2346 633138
1763 338 437966
137 1289 507710
1872 2188 59577
2414 2422 328467
2010 174 156345
1603 2180 389956
117 1550 622305
1704 142 421022
1033 1139 732174
1047 1487 658414
2393 1305 429100
660 2537 486547
1973 893 833887
2365 1059 423190
760 972 537671
1718 1889 203210
1917 2054 472811
797 2274 233687
762 470 365584
2385 1369 873430
1796 49 396256
503 1231 983860
1645 734 788745
1848 32 287208
533 1491 457020
2530 1127 397217
2305 1308 877613
2283 2529 998323
1895 189 738417
1384 1995 22848
691 568 442482
1159 1918 117709
980 603 39091
1874 1424 359089
24 249 751481
195 2143 582706
1330 290 653180
869 2409 548193
1792 1511 352461
378 201 291850
321 2198 391697
1762 2502 882212
1004 1757 526100
960 1913 913788
1163 1032 494352
1664 1821 961986
2392 2248 833416
2102 1190 957817
2430 475 518893
1938 1029 446817
658 2179 356736
542 1646 651767
946 1882 161787
114 186 387778
462 2402 836411
2526 1729 860356
1759 2128 204149
1461 384 762744
132 1614 395460
1203 447 327228
1757 2241 807555
920 16 729454
516 2112 203286
1413 481 390484
60 2215 542491
1124 1123 283273
2409 2467 730956
469 1298 976178
67 12 71860
565 1407 382464
2155 874 733539
1340 1165 939714
1662 1392 296058
883 1611 358398
2048 2515 711400
2328 880 377909
471 1896 343568
496 734 538447
888 1229 126017
2269 1024 282511
2165 1777 425246
1508 777 715320
2360 338 971126
319 1195 839086
2287 2034 124539
1718 917 293037
1929 2006 298254
1233 2344 235922
2331 789 623869
1804 754 352857
2273 215 4429
2234 345 657563
2429 831 645010
1722 2563 716202
2511 915 843865
363 475 609439
1797 45 878252
478 1504 583097
1991 2116 363181
1547 1478 281560
920 2226 522974
2521 1695 894621
2565 1163 50369
1082 1051 941116
1276 64 779435
1450 609 871853
1938 2197 413759
1616 2100 838045
2422 2431 232335
580 2501 305150
1221 148 981411
2020 638 686328
1021 1289 553558
1010 97 180428
2472 1119 289631
1364 778 196669
1743 1141 289757
1078 1442 666288
328 1736 135502
39 1618 748466
474 2350 157195
139 1251 138799
1103 192 49604
1062 254 551287
2342 983 867126
1477 93 470498
7 864 829703
1999 1246 123675
159 1980 752789
707 618 530327
1100 1188 10852
955 601 247768
2261 2260 345963
197 2141 834433
111 27 821350
1686 1932 729361
1840 593 582596
416 1798 786847
2255 222 15604
1485 282 26362
855 293 296968
983 1603 295192
1126 2385 758112
2186 2467 76804
2315 231 399444
1805 1192 980259
2386 280 165588
743 1135 472199
628 377 362759
549 1124 451809
1143 1526 293337
128 2476 815867
1032 11 652528
1878 417 243703
1195 1701 918533
1838 1187 65175
1997 976 24830
1472 2252 313623
873 50 726271
