235 3104
13 28 370225
157 59 73908
75 56 280017
153 34 659813
33 232 17081
143 155 892953
188 145 224421
216 125 642220
67 16 587941
167 60 611741
167 211 738643
108 136 287131
199 155 690421
54 47 716899
154 151 700448
102 125 938510
212 67 987711
76 105 23748
187 216 667912
193 133 52639
39 124 683363
56 217 227750
48 203 817500
14 132 955223
131 179 996747
23 221 331818
43 156 576373
125 14 764266
118 177 266184
172 149 594021
29 97 264908
27 196 338666
74 35 858830
27 15 912286
145 136 574373
193 27 302860
222 78 903648
170 48 7519
102 176 763486
149 130 300518
169 40 734542
104 93 132239
86 36 463671
106 3 499537
1 100 655103
160 34 399635
104 38 476353
117 94 505334
70 73 307536
113 114 364585
47 159 568077
195 32 397622
230 32 270592
137 231 551872
43 191 853277
33 196 19620
42 41 952811
186 40 613084
85 20 9620
234 111 535041
134 220 726656
234 88 11599
153 136 333139
113 185 901994
96 21 256005
109 50 10790
73 53 760558
166 192 806510
64 192 227493
233 168 76453
54 73 482458
177 131 804471
90 17 322728
17 117 109812
179 76 824538
181 132 74591
213 193 1795
44 141 216616
216 170 814662
98 45 43767
205 134 301785
196 67 597608
45 89 97203
183 103 130781
40 19 498853
60 113 572291
90 201 586985
232 126 691971
159 122 333238
222 70 731336
147 4 370883
140 16 943827
219 200 240915
105 217 808815
95 233 680363
4 102 192460
38 123 823791
79 27 18084
168 21 810432
173 198 129216
168 191 757795
55 28 484622
127 222 370929
139 161 619379
183 61 79642
227 2 23996
144 223 55584
7 146 266425
61 9 308867
72 209 252862
129 85 116996
146 98 153341
55 206 980493
224 4 48294
1 207 30337
61 19 493328
166 152 888572
109 27 359493
210 105 536072
173 103 983874
0 185 639193
131 111 844156
41 109 429902
115 102 560102
125 232 160999
143 32 577615
126 66 523598
208 206 458668
104 111 316999
189 120 680754
172 170 771035
62 116 808283
44 5 62429
120 100 731662
33 190 452280
31 20 484323
116 91 33839
174 29 564003
96 156 542902
112 122 967244
91 130 881025
84 185 577558
58 1 753762
49 78 171047
95 96 735450
1 87 776512
95 34 308628
186 189 357706
208 89 753510
105 60 701922
230 91 929781
200 197 286814
169 10 356819
79 37 939289
42 190 148523
7 176 715799
182 169 735523
42 167 680113
130 187 353656
94 31 487907
48 65 644654
43 212 33948
178 150 710181
179 101 896688
112 227 714629
101 185 11274
182 141 49402
233 138 969004
15 154 216135
173 90 632087
208 58 336396
161 70 927520
151 173 537500
117 36 693384
232 95 697673
153 201 635406
94 207 340922
159 61 321576
39 133 64944
151 152 499334
7 210 676915
222 226 441226
86 169 543081
73 17 34005
152 210 249128
26 34 559416
48 195 120158
116 128 564064
220 100 784562
58 224 26633
104 147 757640
135 138 695531
134 166 441544
214 53 503856
48 229 576436
210 153 459894
208 116 849304
130 155 559185
105 9 667331
153 31 455028
111 148 160286
104 217 135492
72 145 6631
129 156 854971
105 151 665506
126 72 824652
179 46 135660
28 67 174689
212 2 912914
134 222 605228
154 161 490586
59 140 630592
160 124 845056
60 43 977936
209 194 778482
210 77 384787
215 150 217566
122 44 425305
212 101 480945
31 178 183136
164 148 425341
168 103 653258
52 0 135835
80 202 574701
174 112 399833
201 123 763641
215 129 126635
176 24 551177
81 59 300774
90 133 831588
115 41 998318
12 206 308723
132 94 79325
129 101 643837
65 72 999353
19 78 668590
64 33 829991
207 13 361894
194 3 697801
214 151 575102
88 139 730900
198 118 626879
187 105 683337
45 61 523654
218 22 32232
184 186 799432
22 160 760334
32 86 186533
169 196 26328
84 120 158939
185 50 439183
100 35 966791
153 198 262397
222 23 587751
142 87 834596
123 17 604350
18 44 499120
40 129 857619
137 138 53069
126 157 866566
216 178 924764
139 133 317972
17 18 548748
166 4 582652
59 111 274201
28 194 289734
87 20 551718
37 231 630154
0 179 766899
129 216 743723
182 170 60130
33 202 665445
26 166 306954
66 13 645929
174 223 848237
147 178 740692
217 232 738258
220 171 265362
51 119 642554
211 66 324184
77 63 183821
1 231 960529
137 100 10875
111 184 364783
30 10 680927
102 26 422443
75 82 719874
183 191 201560
10 218 816654
154 89 514445
223 234 747242
173 174 479263
154 226 921325
118 181 846488
198 170 975685
42 118 542265
110 32 289080
179 164 180175
26 153 157707
74 9 990079
229 23 896246
66 2 797558
78 159 628031
137 132 580595
24 191 77412
141 208 60587
196 82 918665
144 79 258573
88 216 47035
156 98 244930
211 105 483591
219 218 993176
45 163 779976
89 121 774942
117 84 820646
116 136 797339
121 159 386477
95 216 88651
210 159 783775
138 95 808900
113 41 863022
168 30 846924
106 137 798588
199 95 326852
44 217 733979
122 64 674807
83 100 910360
13 195 539630
203 162 608575
65 3 68410
227 207 682417
44 79 342424
19 68 295393
81 216 784311
26 105 538500
52 220 170841
105 55 421994
43 74 863514
233 115 291410
16 182 703943
224 66 283440
160 40 114547
219 210 546603
37 121 707389
139 172 541227
44 103 126375
136 96 762829
216 185 221571
92 44 430354
122 75 136121
161 59 334067
152 107 977171
37 66 90278
31 119 188029
112 121 606556
83 160 766920
22 161 964922
215 20 959783
157 48 698320
217 16 893627
72 52 26844
213 61 209899
41 45 611148
194 55 812439
107 42 935834
221 57 497367
90 205 162391
127 207 758937
66 35 949687
139 25 354367
231 162 222838
154 120 316168
189 89 327581
20 119 580804
102 38 111006
203 217 298682
10 187 769191
185 21 30351
127 224 388402
28 213 49634
28 49 338831
123 77 615027
62 198 337719
221 62 484829
220 210 715347
9 111 145470
27 183 922196
99 154 309961
206 157 489609
131 33 86662
126 75 696463
116 44 876923
69 54 486227
106 125 427399
166 91 163489
187 147 6261
20 131 942962
150 220 648354
162 148 811045
174 17 425949
176 231 29721
114 23 216563
28 16 574277
121 4 522513
182 21 227761
209 125 702930
203 195 649745
218 20 109647
189 147 972071
109 113 989194
76 189 390735
171 128 184124
85 89 109029
17 170 908295
23 55 538077
66 17 272186
143 172 899678
99 128 200023
51 99 851841
1 206 645860
194 215 497244
186 225 182432
145 208 956664
41 111 766622
8 175 651080
61 228 751063
51 98 518264
131 159 637955
154 142 297254
92 36 469227
139 202 565002
149 16 770073
86 13 263961
13 119 718460
42 170 31880
175 164 179670
68 213 448328
176 52 564419
128 27 911263
144 21 42301
86 233 953239
47 169 795613
163 92 892462
95 2 516864
234 109 558511
205 4 171027
132 45 763908
132 110 730233
198 9 870615
166 85 957766
189 164 424564
159 126 342160
6 17 642388
64 3 46304
158 166 310016
106 90 975468
191 189 840854
162 89 242998
224 94 979243
216 151 407528
120 121 971124
12 31 153567
124 115 650648
142 34 572908
190 120 528023
193 165 282986
34 154 527274
171 90 861683
96 172 405201
116 173 771356
205 108 683858
163 189 753473
119 36 254894
128 2 124670
190 187 96200
210 103 762858
141 0 599702
186 219 193765
145 201 661653
51 114 672546
13 186 157631
67 228 151888
74 130 810068
84 142 374348
144 230 151920
203 47 143325
140 119 36095
229 122 169221
192 196 451981
220 211 551973
221 5 203497
44 97 997716
190 73 221447
163 199 706221
95 204 882188
170 147 851221
86 184 745715
47 132 6420
32 4 434576
101 225 120282
216 117 830799
13 192 528793
220 221 856894
190 215 295001
55 53 909957
23 16 372233
135 96 110716
182 64 485261
161 41 98898
6 136 531168
54 232 888210
110 87 866851
39 50 821172
8 134 612026
224 55 896694
135 196 585467
25 210 487841
92 146 775956
43 147 206264
41 92 700657
83 184 606573
223 169 259018
104 123 178692
207 61 836164
118 50 465938
91 50 987463
124 159 454475
227 45 470076
13 108 298704
115 86 120081
2 152 763495
192 23 619607
65 154 977837
53 136 975238
107 208 596717
31 213 529538
5 215 119408
229 128 501540
72 220 707103
192 20 117370
220 138 788772
120 158 605550
32 20 496137
16 105 66336
15 101 589242
126 43 832043
201 117 735401
62 166 32566
212 163 499695
98 173 386320
83 205 763690
207 174 848424
225 131 25873
60 23 448749
226 86 200606
164 25 82940
82 50 168702
118 108 288342
68 143 524799
55 226 41505
230 205 843931
3 163 558487
21 51 479259
118 182 615066
91 2 315245
210 72 445937
8 92 881872
220 23 29723
151 205 562565
224 230 600030
62 0 131908
49 175 712030
22 217 228279
61 117 733771
206 195 221445
191 110 798156
13 199 369292
83 91 196606
174 3 304302
216 53 485356
68 163 344687
117 90 791018
168 98 857750
166 117 223697
128 112 792611
220 28 908918
9 12 347965
223 197 272011
176 232 784187
58 51 169962
188 11 222682
93 122 516121
95 180 872363
140 169 580879
57 120 408780
166 45 551839
203 86 387547
186 172 546912
120 112 835450
122 72 500151
131 189 91382
2 109 540097
42 99 923309
18 209 599301
59 200 105632
176 113 521530
209 90 166720
47 177 121866
172 41 26104
57 116 979298
4 36 335089
227 92 608469
133 43 279187
93 76 475929
188 66 81919
149 208 984579
51 209 108036
209 204 947238
92 193 731605
11 63 758398
89 29 352809
32 132 188461
197 191 618001
115 100 661185
100 52 368548
95 230 414958
158 43 147247
156 108 60879
106 67 230033
33 117 658122
188 211 537360
118 39 49706
143 213 578738
49 139 832965
34 89 566160
136 74 884666
38 192 232586
43 209 212356
186 97 545871
141 69 281803
167 45 964057
72 130 426818
223 54 592295
222 59 918864
208 78 588536
42 111 279914
45 148 246039
133 17 319070
162 51 835463
22 76 122173
72 217 307333
62 159 658520
120 209 488450
40 5 69430
98 137 570685
31 7 864648
213 124 35861
118 190 991280
13 69 870743
128 76 784384
97 78 958636
215 146 286527
165 34 594424
105 145 395248
43 69 504735
166 79 892821
165 217 339431
73 14 475814
141 226 290246
21 65 207203
87 138 956747
175 134 878828
164 77 147530
216 204 710328
26 56 941126
220 73 168270
23 47 812834
73 109 234234
129 19 285888
142 37 776995
101 223 580263
204 60 969666
129 228 401298
85 97 441050
50 52 539424
70 149 861727
65 106 791661
104 57 291587
125 233 460176
18 226 619760
210 10 784810
175 174 270397
131 164 587382
205 2 76671
28 51 624984
107 103 692141
130 164 99646
107 0 474578
233 7 509458
48 172 947994
139 187 737867
86 206 863585
122 1 218812
151 138 114479
30 146 637486
111 163 672828
184 150 691629
6 158 235089
173 157 202138
166 63 760864
192 77 221229
190 39 80335
175 46 665876
4 56 387992
212 181 867534
89 54 958533
3 53 200218
49 180 338709
16 40 544497
229 4 481866
36 178 336126
5 211 222158
212 73 967796
157 217 947596
222 161 73730
33 227 637728
133 116 250833
24 148 734814
145 62 473071
75 184 855450
120 67 317756
187 127 906107
5 20 157421
184 66 435226
146 135 630204
27 163 333155
126 41 374146
106 89 412305
32 50 694454
124 5 838462
193 52 261516
232 207 336293
155 124 460522
186 73 648177
196 76 727522
202 119 385617
215 226 177089
32 69 636504
43 109 679957
44 33 288218
80 228 268649
105 111 825619
225 137 774354
121 153 861252
107 184 415880
199 97 885867
153 87 962085
128 208 479507
197 175 231923
217 10 584540
19 137 497572
78 227 458456
191 170 863397
15 5 151491
129 49 24820
42 24 125394
82 37 484475
176 96 511340
6 56 324822
122 5 957973
187 75 595405
88 110 603131
53 158 636061
119 69 945140
109 186 234228
30 49 346084
215 147 584765
166 2 630651
223 225 480260
203 135 228048
81 55 217245
105 140 348063
44 186 539578
85 67 134308
53 171 326935
155 140 352032
74 217 290397
233 224 415186
177 53 98505
197 138 233251
71 222 108898
81 50 718253
43 95 844930
167 132 780872
137 145 34221
64 107 47147
1 213 332345
168 37 870260
86 41 650955
201 136 832452
111 210 720423
52 149 949782
128 90 408804
23 93 821285
208 55 35866
30 204 572904
139 2 165289
56 34 654598
175 159 487017
142 6 12319
52 74 465295
128 10 91657
213 130 306375
16 17 783721
90 210 237486
87 76 31297
49 106 459904
162 34 548867
196 155 456431
63 115 888824
46 208 429204
155 1 731943
142 38 590853
209 63 809644
135 215 10071
39 13 740933
0 152 707368
189 234 592314
183 7 904786
205 40 197579
87 219 538534
132 164 429238
150 115 437656
208 18 249113
120 90 128652
4 131 390071
200 135 85104
162 159 958790
116 32 736876
222 209 681108
228 113 232664
99 55 126253
222 152 814008
185 147 18404
149 38 130394
218 68 184300
138 118 304235
116 103 347992
79 46 357726
42 198 219035
145 23 152938
148 8 692708
122 109 552016
108 197 812815
157 22 743262
72 186 246806
171 169 45764
176 27 858515
93 2 836065
181 120 550426
164 129 913797
158 96 10109
228 208 448393
4 115 124864
128 18 236570
124 0 515732
156 196 340965
143 76 366270
152 163 245110
227 167 700940
1 210 827543
226 45 830853
166 65 48444
202 18 875669
2 203 220923
98 68 836465
63 172 211718
227 139 144651
168 27 520354
152 206 68370
29 16 169061
71 157 279975
68 50 667006
26 205 377913
147 227 503976
135 89 152658
43 123 969721
117 173 344452
166 13 457702
173 125 197300
108 11 871745
102 159 821693
2 21 454007
147 158 142389
128 227 560271
88 27 784645
121 166 169019
153 96 26005
87 54 791374
3 209 695138
61 22 915478
107 94 190120
197 73 386023
207 210 152669
136 115 789272
137 232 972147
116 30 963098
186 22 802642
214 0 63263
148 7 540857
91 93 86231
163 96 564534
31 162 838713
38 8 487424
199 180 656866
191 111 387410
3 136 842370
174 161 866261
39 179 206735
92 18 250689
122 80 211961
212 94 129977
132 90 853728
185 127 879418
140 160 753685
148 179 286712
37 213 449339
109 0 771291
178 10 40875
189 48 233492
3 198 256977
185 131 874367
189 201 380663
232 193 839422
68 42 509359
139 215 550435
234 213 162391
46 119 892454
205 41 222479
18 73 977228
111 14 15316
143 189 72676
192 146 857190
211 17 210153
178 69 441091
78 175 450365
84 129 835628
106 171 303807
4 45 719995
86 1 753968
157 88 143975
184 13 564868
21 163 537406
163 144 246315
194 30 229665
228 205 441439
134 196 989082
106 38 692237
195 125 678120
171 47 960965
143 184 993487
26 129 617896
158 88 446711
147 173 372265
22 55 936367
121 233 573406
223 73 625623
154 163 507144
169 100 715922
185 37 999323
73 213 847435
192 46 824485
116 233 223602
200 132 587984
12 62 737232
83 212 509761
177 24 391749
164 154 665537
134 60 594728
61 150 457272
152 162 102688
153 182 739318
50 18 465242
105 37 297598
100 43 370931
73 98 66546
147 194 488201
55 27 160010
42 76 185935
220 66 709247
52 76 736180
81 160 88930
119 35 648672
74 165 855024
120 40 497095
72 181 452045
200 184 642515
39 21 136089
116 15 332809
49 225 989069
46 5 884807
38 221 646678
78 59 635570
138 29 207215
124 229 169846
106 180 584996
132 147 649615
67 82 45314
207 101 70982
210 138 51857
85 168 688817
129 80 398135
21 214 951151
136 98 564624
58 124 305574
172 101 980645
97 150 522629
227 47 547710
91 69 544887
23 204 54303
129 45 773016
81 229 451071
168 51 113755
79 152 382255
73 80 9936
112 183 755425
117 5 155451
0 74 928757
211 151 112804
70 231 446546
85 193 927869
67 181 140718
34 66 467712
21 170 114603
115 103 378809
87 111 961401
24 234 519179
182 117 471699
33 94 640151
105 32 868002
82 15 716822
216 143 365204
212 118 610894
119 215 915421
125 131 805921
61 198 759531
58 107 190051
30 78 837457
142 65 796903
157 211 675087
149 226 259353
78 86 600584
47 60 591853
173 170 267967
57 43 785740
212 165 923303
34 8 529160
59 48 349014
119 83 615108
181 30 787584
125 94 627871
83 113 505381
197 166 928891
193 197 59479
93 188 347731
76 224 131450
204 184 534400
220 190 927066
217 46 539832
164 10 825839
189 85 173138
30 3 761124
207 192 893047
21 166 490062
149 62 380193
27 156 283241
124 37 701911
122 55 760657
223 109 692648
38 14 142019
219 6 969538
174 16 750853
57 168 9403
41 135 454756
17 127 156335
36 169 33321
108 19 712888
158 122 779034
144 68 192250
230 153 352567
192 215 841621
228 146 78563
99 139 366953
216 83 768082
1 203 351068
8 98 172652
98 119 852272
184 209 211093
180 71 901236
51 54 304628
204 219 135866
234 219 528525
209 176 328302
128 211 655831
69 200 764349
170 166 644241
102 210 293041
188 23 95949
175 99 58888
195 231 189993
231 15 85010
130 42 27983
55 118 293641
94 134 896296
142 107 525053
188 174 911885
74 27 110687
210 112 705686
55 44 241389
200 82 365777
140 118 746001
205 195 937864
82 60 875095
68 107 585042
186 207 533382
154 30 826606
57 25 491497
222 82 725561
134 32 119733
179 6 164912
176 119 18955
36 78 530328
222 73 20370
122 60 633177
113 209 913017
177 0 311127
102 40 239000
204 169 176948
111 106 989693
9 132 55216
168 12 342501
6 20 300336
99 31 128015
100 36 682085
125 21 450805
48 4 775550
123 91 801699
171 121 888612
222 168 365226
99 98 320795
67 117 675104
227 16 166229
80 147 115024
129 10 830588
51 163 466685
81 132 198274
166 146 155732
74 1 494894
150 57 90469
150 87 793583
21 187 597760
45 36 109915
66 27 478446
54 149 471551
89 212 182581
74 182 394617
91 8 25991
26 80 842419
95 185 832541
65 124 787276
155 171 978317
152 191 956305
26 57 632927
38 103 367491
185 209 219497
208 4 472177
192 176 132814
123 225 568786
169 22 176701
32 11 770265
199 90 919767
20 212 650126
76 5 411237
186 128 479467
165 122 132160
230 212 828623
205 47 608323
143 207 981688
209 47 867138
233 72 747960
77 156 903340
48 160 331392
142 90 330381
53 138 574426
60 128 862717
116 84 710979
28 192 503402
205 19 491902
162 134 672979
134 202 25522
197 54 305229
18 206 798202
39 123 759476
118 208 246655
175 73 904940
159 181 779528
218 140 277560
18 86 614915
126 208 180665
130 93 859936
1 202 210322
136 195 449650
138 59 497506
34 229 96103
115 170 197911
195 55 479947
20 45 706227
7 126 733646
75 92 802409
78 221 309173
8 121 305901
42 171 435660
44 19 550190
130 73 683465
170 162 385150
140 146 807884
137 154 750461
145 11 36957
61 28 355200
113 178 893697
186 20 131048
223 19 627043
57 93 480485
177 193 738825
144 202 810950
195 26 610619
136 68 307794
57 143 11868
87 162 548749
14 158 699094
119 85 7481
49 88 166103
113 74 860337
46 134 112094
9 233 944018
204 154 859660
126 121 761520
121 190 198708
231 196 832613
8 208 88691
215 149 779466
55 9 884894
146 60 742099
54 64 454735
8 207 987183
1 214 805301
226 126 905641
58 209 278189
234 46 369155
209 139 424285
20 94 582014
226 71 843947
167 195 586937
127 125 835467
87 52 17016
15 86 990535
63 216 245020
109 106 795956
186 94 680999
227 151 873726
68 224 980060
222 224 933658
170 22 441765
48 161 413870
95 153 256807
109 174 58781
40 141 945463
25 123 733764
76 43 741252
218 80 921623
230 47 172612
40 46 228237
217 170 690826
147 74 450638
61 101 864189
84 86 369657
93 33 739116
3 182 531889
28 46 530141
51 72 474064
210 215 835765
197 205 402585
228 103 506871
202 0 546032
115 42 690642
32 0 491861
57 114 112416
51 83 497472
40 94 881784
188 165 673460
191 123 65341
220 178 954252
224 128 543921
38 39 921387
71 215 397194
61 210 393262
175 214 146580
216 9 752659
123 57 567573
106 216 37478
104 224 189115
54 113 553899
55 212 699000
91 75 705500
202 85 662715
193 164 930928
217 109 126830
89 20 777658
184 100 226377
205 80 522757
223 212 583003
24 107 224379
116 94 521706
161 60 182221
32 205 871618
176 14 627551
181 0 413786
39 142 656339
15 156 731036
12 230 181980
177 67 22087
133 65 980065
159 171 810834
134 38 838749
172 0 55466
156 187 361758
145 60 107554
128 145 735978
1 178 884957
165 184 170984
179 225 37817
94 136 890362
207 166 892609
139 131 80934
148 82 563538
179 141 708362
172 56 663825
195 141 331685
55 184 813492
168 78 849616
204 91 798861
206 91 612119
64 25 808407
215 173 446818
210 199 99453
24 46 364738
194 138 236750
188 152 628416
120 113 657219
0 13 798573
145 183 404374
22 13 799075
134 132 457595
71 80 838976
219 95 360878
34 220 678058
151 224 280443
78 126 907726
160 56 823836
121 26 654032
63 145 817471
122 92 41700
123 116 26480
229 10 483824
61 57 643716
132 40 599136
191 176 423319
42 105 997301
160 166 43945
231 116 464246
0 80 618009
57 115 283053
78 28 723499
174 149 953161
4 71 375879
201 94 483070
93 174 597013
97 192 206555
88 184 436733
227 218 978535
80 45 34274
187 227 997026
12 184 639674
193 181 786272
79 205 760952
2 60 823096
82 128 708107
171 115 854458
225 158 893767
111 168 53006
31 225 760069
216 209 831343
97 27 508262
215 101 934606
1 90 952782
92 86 31664
9 220 734997
105 31 706376
139 41 502638
203 72 338118
93 26 443001
62 204 823684
114 80 903476
116 119 315316
150 62 419776
120 32 728280
138 188 933566
182 23 608055
80 105 949466
75 214 602940
42 73 353185
145 19 254298
229 76 151116
147 232 704719
188 5 14808
40 86 237199
121 230 719300
192 156 919832
72 66 714675
113 216 130442
163 48 533459
46 78 54626
35 133 317821
38 76 894761
136 67 697136
138 50 254715
176 94 998001
168 13 690212
10 66 776816
65 18 663694
215 18 887091
181 105 57399
118 69 465667
40 54 994106
185 88 34394
62 71 895397
174 167 999728
44 126 440596
51 115 218656
222 57 846225
94 150 885369
227 9 844503
129 53 843556
136 162 89114
41 158 953546
202 130 900852
86 63 429810
51 128 293880
16 131 160046
87 12 439633
214 110 846303
209 107 526083
76 131 677816
181 71 293961
178 56 904753
111 133 383801
189 3 361059
27 10 656216
60 214 354456
160 186 796285
177 140 10332
174 193 309744
154 188 979425
85 22 303526
33 43 743105
65 129 471734
26 207 29249
55 157 820214
145 106 998395
9 43 616960
83 58 929212
159 41 873239
72 20 777198
156 42 766932
174 107 76527
3 102 484205
194 172 298250
202 143 653907
125 159 403292
33 73 367016
155 66 663488
38 51 712672
96 211 388544
53 104 254463
139 35 402809
212 217 951077
159 192 145454
70 195 648669
71 2 53691
229 47 563826
60 104 826174
101 59 138518
227 69 328579
21 137 758361
177 1 743287
92 98 1115
166 162 55413
181 213 565455
143 70 664133
138 211 172612
129 186 409452
125 93 271752
145 80 652203
156 157 350837
229 104 731301
198 116 723345
45 114 944397
73 192 314027
147 57 28424
118 202 678505
205 133 422291
194 34 299036
204 158 773383
1 59 354188
167 216 688725
230 190 552245
93 208 467727
113 69 529930
47 143 861566
49 8 592393
36 172 945199
103 23 190555
82 100 147585
122 213 812061
224 228 385777
213 43 854070
167 179 829209
23 51 870331
178 132 745795
166 77 273565
96 61 550497
105 220 23190
32 6 848170
78 89 144213
46 196 180559
220 195 246276
133 177 718486
140 133 794459
171 190 774919
143 152 275758
185 78 513457
206 140 619117
172 51 408520
26 143 712483
141 211 253059
125 0 516453
120 183 688287
63 183 711679
228 135 773123
71 146 661557
38 93 114367
200 120 748618
49 117 898441
144 153 588941
3 225 404171
52 226 711873
99 152 971943
115 196 681394
77 105 226202
222 88 295991
115 130 429134
185 17 595987
12 93 32581
35 13 43001
127 199 27920
135 45 172746
74 115 797348
101 201 496128
44 81 538550
204 166 361090
158 180 308020
22 46 717899
50 162 481773
25 146 725916
174 87 180781
47 50 679835
202 142 143133
20 211 853916
83 140 814566
61 47 654060
91 203 800502
197 156 604927
124 44 397636
212 215 564212
59 153 594506
154 68 84466
92 126 785506
46 214 808007
71 26 862382
125 126 565997
23 176 132529
173 67 269786
87 117 99214
215 50 19114
34 99 726912
50 148 506841
84 37 128596
140 87 558682
212 31 576245
179 72 986813
142 210 839893
103 66 126514
72 87 967273
84 17 162478
139 95 116901
212 7 567133
124 215 719601
155 5 943693
142 152 68673
127 213 789228
185 226 752821
81 94 173867
132 144 60298
162 49 941138
193 70 252462
130 180 388022
137 219 453039
35 177 387625
207 113 123955
165 42 720465
133 52 189177
184 227 173416
163 113 202730
180 31 310095
80 164 125050
225 126 213211
223 185 966210
173 222 131665
167 110 820284
148 213 680498
79 218 247385
119 177 89631
204 145 631609
171 232 416943
178 91 363992
141 142 51854
151 40 291350
146 78 126461
105 124 738921
1 104 191702
63 43 780195
46 7 943879
163 145 994545
117 91 414987
62 182 213149
166 209 551270
23 100 283507
163 2 863800
13 26 811181
0 61 422860
50 79 953654
5 208 664719
114 91 870094
32 56 661953
146 175 355475
59 76 577117
229 171 185024
34 105 54595
36 143 479832
186 232 875124
50 12 583175
131 42 388821
70 62 203247
48 137 387018
88 143 644493
64 50 39066
156 148 91519
221 208 110371
133 0 646196
38 136 776388
5 90 657291
69 192 183920
229 169 549724
63 143 238556
160 126 208222
76 18 607074
97 223 826875
136 214 599652
133 63 267295
19 167 217276
156 163 843217
187 173 111374
148 93 386899
214 206 440206
31 86 780292
76 16 209125
138 77 834297
141 15 647249
131 211 689110
76 107 61821
220 231 214523
163 148 441707
56 77 715627
103 63 720331
194 99 26655
74 33 604517
168 25 982043
218 32 406711
220 99 711122
62 102 239343
169 188 866164
62 4 824568
172 138 856556
26 35 66387
224 145 638419
89 220 773336
81 212 565016
54 57 248956
104 137 371751
111 19 47305
214 103 25267
205 186 864587
150 234 871922
94 71 851928
178 117 663113
28 76 628857
128 80 730886
104 174 869929
101 4 309865
4 9 858526
133 36 227246
157 230 159446
19 199 170259
211 45 171096
22 196 477249
124 78 121998
25 219 566478
225 51 509299
65 47 744646
78 27 194242
11 212 593634
153 50 610145
226 67 600734
179 44 989585
0 156 24264
142 15 519736
55 231 767114
120 175 298101
188 182 77277
34 104 109929
210 125 206743
127 53 521997
152 45 321750
69 74 448956
156 125 818563
111 165 854753
32 227 663284
4 146 583266
121 20 69683
222 231 63405
117 44 228525
212 103 581107
144 175 460460
99 59 666095
110 154 591620
152 59 762037
72 41 586226
39 98 211211
51 70 6413
61 171 140850
16 219 838983
132 148 742414
69 77 945663
106 107 453737
140 158 388862
179 42 61855
229 113 246416
70 33 522969
212 91 14873
3 10 113257
149 181 117281
216 29 559338
42 58 975007
199 68 711119
57 53 820459
76 102 725976
42 35 717139
24 64 771308
35 11 569758
169 126 36358
175 107 230720
42 155 905775
16 37 703988
50 221 49068
226 183 516057
51 25 608715
106 55 180752
225 111 523993
116 39 779713
67 113 167083
229 114 160639
195 58 3310
101 19 625558
21 100 695091
200 92 781140
219 223 193446
95 32 723261
47 63 484417
173 14 898039
145 158 34264
166 50 560868
142 58 907540
225 64 198083
13 89 470931
143 180 349898
23 111 314917
116 166 734572
32 49 300748
115 153 81997
25 120 18970
140 167 529702
171 183 527363
220 47 460762
50 203 941998
195 110 824249
135 179 611239
160 43 556792
111 11 686839
185 71 556159
0 123 360369
225 85 292168
166 67 558353
119 130 952615
191 69 565657
173 97 842542
175 97 574704
194 5 957697
223 195 978411
30 89 729486
99 89 760192
15 72 896356
213 233 82416
100 196 601471
172 83 920623
17 116 536847
99 190 209079
135 142 991346
18 159 488833
166 44 826452
91 172 465836
212 96 224493
90 220 46415
158 171 272359
110 140 267680
226 103 431157
19 96 509560
14 91 155894
185 205 246096
56 207 271585
220 167 193760
154 180 502615
17 183 271265
224 215 12353
26 170 728232
69 103 787597
88 151 925648
26 33 423185
160 216 598461
201 179 755174
72 138 462513
113 70 129068
93 141 677873
162 232 747404
158 57 724723
160 231 48284
233 148 212202
180 194 234565
228 187 1642
225 56 867944
198 71 202025
178 119 25526
57 125 747700
135 152 133837
50 126 519533
25 142 585128
195 219 357180
64 19 543690
207 233 372792
106 68 379549
123 206 713755
181 75 821901
149 30 121727
162 211 121910
173 81 554445
110 18 79898
156 103 586728
28 159 249721
202 137 958703
225 159 903361
91 15 842940
79 35 12844
36 68 175955
68 169 509508
177 151 470917
22 158 711936
111 47 338546
194 125 375269
42 71 121298
84 233 436650
53 13 312510
5 9 93781
60 125 20137
131 138 952369
50 15 841504
228 82 795678
167 152 951005
86 79 709997
10 7 694600
234 3 758359
1 70 133649
72 160 296143
153 20 477775
74 214 182313
203 144 558280
39 167 934553
161 14 527885
184 63 378334
176 70 285810
186 75 711095
70 135 585592
11 158 373316
119 84 129389
75 87 96547
107 203 394886
171 199 902390
136 133 982525
85 125 477446
32 211 367171
12 79 747939
162 178 298029
112 135 679331
36 201 741189
52 170 692611
137 112 493288
90 212 599543
28 231 591354
206 31 202379
128 206 106737
133 188 577000
95 178 540369
147 129 529477
234 226 128280
94 96 764455
83 183 715041
35 168 391577
116 201 327445
11 228 446883
87 225 524413
216 87 432991
180 178 547225
71 115 640253
76 90 664128
35 170 28292
86 222 759945
8 2 310291
11 124 638758
153 155 994095
225 71 624659
195 39 573591
191 153 892413
112 155 703324
196 216 540515
197 184 295103
37 18 446691
187 16 681590
150 206 909686
103 100 603161
131 118 865665
118 174 907881
67 150 493867
118 214 529710
93 203 806920
73 100 992120
43 132 936242
69 161 505234
34 9 151363
223 111 634869
201 108 308788
141 102 311932
46 204 266189
193 189 189897
145 44 306216
141 197 569122
160 90 132789
180 147 926094
15 224 951185
170 47 876517
107 72 128699
121 92 737034
160 93 598929
223 209 815014
216 158 52908
104 74 521712
209 77 791505
22 203 792692
149 109 499666
153 24 579480
108 53 216453
188 44 92551
186 23 204500
64 195 908692
230 187 331611
11 191 36604
66 102 864118
198 172 236061
28 12 345769
206 10 382926
190 193 465946
86 220 525569
150 85 648984
125 129 267196
135 209 501328
226 175 585538
49 63 92617
170 153 56755
220 67 858971
86 121 175552
10 17 92363
234 59 459052
137 82 168550
216 206 623793
91 31 510946
121 140 641566
11 211 705964
190 11 502196
138 39 529201
215 43 206942
31 27 207505
179 181 504774
9 120 578802
190 49 626533
105 120 482845
71 86 224148
231 147 841286
81 177 716411
95 150 766622
70 2 457011
67 95 107399
220 129 551747
93 30 86429
136 78 250174
199 177 668575
205 172 256013
73 19 616671
30 150 780255
70 96 724737
154 62 82220
104 17 605539
27 209 998930
8 188 279490
177 2 580343
165 6 542779
141 77 613933
154 53 915285
100 124 396587
161 171 44094
89 47 813745
165 119 15927
74 173 726452
55 173 498007
218 9 55393
52 164 450895
163 106 732059
139 144 32162
181 124 461151
17 8 989699
91 135 661100
14 127 659930
30 92 427323
51 149 890107
47 45 487855
5 107 427207
23 211 94145
67 180 253738
56 202 869509
173 106 267544
175 109 211063
197 55 522133
67 184 47805
25 195 923985
26 11 68916
165 180 937383
73 138 640596
47 3 277067
174 101 224574
61 199 232790
113 206 7295
121 231 933529
134 92 310182
231 40 179688
18 161 50746
162 124 357684
210 131 694096
9 79 161743
69 193 193356
25 118 642223
42 93 268978
189 224 488505
145 165 913711
99 108 533162
155 170 946855
60 197 867210
195 115 529013
48 187 759374
91 207 969739
149 105 218480
156 32 403542
144 45 773326
8 179 167765
82 71 961724
95 90 640720
204 39 240180
104 162 997330
48 2 501097
111 152 691074
80 219 172508
29 158 966064
43 99 906803
157 26 216107
98 114 988211
35 53 510631
11 22 74510
169 222 233313
152 160 844885
155 187 901166
118 106 256370
135 139 407069
52 154 964382
164 21 21199
207 82 160417
126 117 929899
64 70 796054
31 179 618199
99 27 134781
232 127 549294
217 125 376609
109 229 228512
98 10 601847
83 42 645272
203 10 600389
46 97 356828
76 67 296776
157 57 401376
99 228 885176
26 233 759824
41 29 578756
75 136 88327
161 142 980420
133 156 572130
36 131 887895
5 89 226212
52 202 319917
226 230 14377
160 33 217629
212 111 52156
49 0 526539
12 85 139390
20 12 184095
39 223 49931
196 39 872952
151 234 984704
195 139 412541
75 158 376097
214 12 343027
151 7 529182
76 34 780647
98 54 520612
188 217 883812
191 97 969796
177 45 598777
157 63 99264
130 71 596263
19 144 783530
172 58 811765
161 15 553336
186 113 850793
49 132 61712
102 213 535684
232 64 624588
49 126 298678
25 4 913977
94 188 523357
137 79 638033
118 146 108199
202 197 965180
25 137 966281
171 176 786235
190 206 482608
207 7 134045
53 120 867314
162 180 325041
231 104 434828
111 192 846269
44 0 783086
71 76 124016
42 18 789249
212 154 708943
165 195 70154
33 84 700085
71 13 857129
49 64 262199
193 153 828654
134 50 349111
203 9 355581
109 97 801964
154 217 111026
164 9 380669
107 227 19326
83 151 536903
135 113 646013
137 59 737185
3 158 454618
196 167 715464
61 187 733206
90 70 179236
175 130 813141
234 48 628972
206 46 459678
75 138 402414
227 100 738230
87 23 843367
230 172 394619
145 144 296000
90 179 131160
231 150 517533
21 56 796381
32 54 100527
10 230 86777
207 171 568679
2 178 282315
221 152 766386
193 228 528313
46 27 750644
178 66 287383
74 2 731764
15 4 871250
5 166 214442
207 135 792017
160 12 787367
72 84 826119
100 15 215476
99 109 792980
127 69 94196
101 23 976733
124 104 756349
131 202 842607
130 0 45260
138 193 211760
96 221 443136
202 152 929876
28 175 829849
40 21 449173
192 17 540414
190 156 351009
129 75 402378
72 161 981897
161 184 782169
164 69 841265
121 79 945259
121 52 574840
63 198 55691
100 173 276121
229 11 681423
135 60 511615
158 121 532536
95 10 90406
158 192 390808
11 67 988656
229 8 876005
11 17 859594
188 36 948333
203 170 930297
185 26 182550
9 196 137687
178 47 194969
44 32 224149
10 121 336300
229 149 787228
135 132 613625
199 221 443209
16 36 615819
31 173 662349
93 192 433177
22 168 566889
32 187 938550
136 181 42805
78 8 289322
231 232 410260
6 65 541974
26 18 360323
101 229 303117
33 152 585415
47 51 258985
68 70 784988
91 210 510206
135 64 912510
17 15 383662
98 18 234373
217 177 203934
83 19 879272
73 171 133450
87 200 486840
64 37 804938
232 143 244133
156 91 500560
26 65 64681
222 121 200664
231 76 131634
168 52 147547
175 137 763580
149 34 132931
152 192 132432
94 38 735659
144 186 791584
67 198 561218
199 101 513259
78 43 935219
181 219 824909
189 94 302323
131 37 495948
3 55 285967
175 19 842191
123 136 215243
11 135 12691
117 6 875888
227 152 497929
179 193 949333
118 191 727130
27 126 553529
138 111 176132
153 231 101944
163 20 513241
130 192 240768
213 141 289815
160 171 239347
181 20 198195
105 61 306883
189 200 598473
179 83 664124
230 223 944104
108 189 240529
191 61 637543
129 178 140125
128 20 152023
189 112 682286
46 220 447260
179 143 640263
60 233 206593
100 145 475318
166 133 320577
197 85 121460
147 84 343127
19 14 904251
108 123 183391
201 86 9531
33 137 318619
201 232 548497
139 34 152403
197 214 28393
176 210 791732
120 143 771309
119 207 58958
58 84 596145
213 105 201514
119 189 914972
49 155 246920
139 36 503975
81 206 147347
50 183 566761
162 99 479659
136 149 304278
33 168 443946
120 66 334224
153 61 261017
9 199 18660
60 40 428370
128 141 853070
93 215 606654
202 45 843782
25 185 975620
172 155 65508
42 210 490940
222 47 879480
172 62 850235
90 40 188056
165 72 887727
61 82 540789
0 208 92018
233 196 366722
119 120 689457
64 198 804282
176 164 660368
113 39 654141
7 91 127610
8 75 528879
39 69 805221
115 174 742433
189 118 524069
75 41 831205
109 140 229541
52 69 852524
214 38 311517
95 81 864199
137 54 849399
31 137 433106
4 138 78962
181 126 986933
225 115 456711
134 192 744415
116 68 182581
216 114 325260
227 172 493352
98 9 58933
191 74 776532
144 155 60795
224 122 680148
10 204 922868
111 57 382919
38 43 874230
13 36 983056
110 150 507892
14 151 497316
216 154 245474
164 73 785330
29 217 512172
81 28 402659
223 2 743690
81 7 818388
211 164 729117
10 179 614001
65 205 542048
8 135 608929
75 137 222708
176 73 550327
62 202 108244
46 233 903202
142 230 308400
177 169 757917
45 170 730606
119 145 780725
120 116 513258
137 11 621441
10 80 866603
41 24 544359
152 7 928402
13 212 634848
200 3 189388
8 201 290253
96 193 932342
135 189 313606
71 24 503227
86 21 710634
74 94 703610
150 201 939542
98 13 60465
226 97 280281
117 160 438655
88 101 646156
60 181 427096
196 116 716350
102 13 672164
114 89 931848
11 215 586304
63 51 153191
15 135 258170
66 166 187240
155 158 334070
161 157 347157
222 16 759055
126 135 532841
39 114 258515
31 43 527073
178 108 222157
210 100 121142
220 181 977686
215 112 774709
141 76 53096
228 48 845374
67 137 442544
67 41 474779
196 117 969951
66 12 56642
204 51 698873
131 95 270484
18 114 336542
172 44 805767
73 162 479704
52 43 162394
138 164 433584
53 123 226418
66 87 436903
80 227 847596
43 197 896995
119 106 321853
69 83 889620
144 25 690467
145 92 412833
110 153 258870
219 184 633201
134 229 914003
82 176 482083
115 224 836004
6 11 308607
12 36 504802
104 83 951584
20 185 14759
86 129 541897
169 203 810676
117 208 3909
221 34 511194
3 177 536394
175 42 901723
178 88 493389
198 39 97439
199 88 254063
113 181 97792
140 196 988171
158 45 278953
9 101 488376
17 226 394464
126 154 367136
122 34 631362
184 234 513076
166 163 990892
62 126 283879
103 142 677390
228 47 885025
74 63 698978
106 14 289133
218 158 614875
180 232 863843
189 208 562642
217 79 25498
81 62 255293
178 210 337273
44 119 547846
116 24 197500
75 79 32911
179 98 895767
170 13 20802
210 227 47953
160 50 386914
119 6 577761
41 83 857528
74 137 774275
153 3 596197
88 32 370824
157 220 531513
224 70 555560
150 229 303338
47 152 178220
9 129 33210
76 40 52388
205 147 181966
139 57 807396
102 45 413675
141 233 69715
188 159 562885
97 189 520323
26 194 543957
109 118 712459
65 45 140741
8 103 337648
127 24 895087
47 8 720581
150 227 691803
111 2 358076
64 101 182803
121 207 244269
134 163 534237
211 120 71116
210 233 579058
151 217 231249
15 19 214376
95 132 360371
27 174 125817
200 213 73680
195 175 299120
63 88 524884
230 51 945639
227 38 500162
10 93 679856
38 124 783263
151 68 843117
135 161 438945
201 16 578610
129 7 158143
213 166 310603
175 67 247761
80 7 688221
168 91 269997
177 206 844967
58 2 634935
206 61 294134
217 67 542880
162 151 149995
34 17 657342
200 100 624442
62 176 627353
233 19 114896
136 139 66023
89 205 609297
175 155 668752
49 167 745221
91 104 25797
175 181 969419
222 2 735673
118 88 326207
22 134 93147
97 59 363491
209 82 565823
14 162 385607
138 195 689930
126 189 411195
208 127 861183
46 73 783339
178 16 768423
144 190 76801
95 162 448925
19 117 476463
23 129 290998
222 205 351579
15 8 31206
165 39 413023
49 84 258616
8 177 638318
228 154 40747
142 227 479671
17 22 349330
217 150 947226
212 155 347114
184 232 824037
8 227 194714
220 12 474449
27 60 231784
234 131 841040
232 122 567093
102 216 580455
42 227 476117
146 82 284676
35 228 354144
138 221 537780
97 73 997227
150 112 250210
97 155 172064
74 88 984009
4 150 740476
181 194 398641
64 203 422806
146 80 698724
146 6 124561
45 181 285396
58 139 448034
170 64 262937
140 137 131565
41 22 552164
171 211 419040
200 217 280782
153 109 11772
77 128 23105
131 23 53472
11 69 872531
173 96 667101
13 82 944739
100 112 512964
93 100 272730
16 218 222724
102 112 848990
234 160 948700
94 1 36512
88 154 811764
175 180 172789
11 232 295880
188 172 127020
120 163 747362
41 55 577780
17 142 899746
23 200 40378
115 116 85306
39 54 757942
95 84 240345
176 130 354363
47 136 696381
226 158 475411
17 186 500510
107 141 749909
14 6 721612
132 143 172981
182 126 324536
216 136 602967
141 216 209135
66 19 340450
64 224 915988
219 126 560506
12 42 169431
12 176 552442
183 162 955265
51 56 911660
114 72 975416
139 153 604788
13 25 71357
24 69 196184
135 155 646122
106 97 730550
18 83 585790
208 175 25477
107 31 473455
122 215 22173
145 171 272714
230 231 166242
215 175 541473
122 129 441706
16 180 784466
70 7 31876
120 204 316928
176 74 598895
38 233 786467
95 127 609991
234 27 39604
67 167 673516
202 163 785317
207 77 662777
79 221 44304
48 39 214139
188 57 187748
97 156 667214
70 191 465143
34 203 210796
88 53 837982
83 74 941969
203 38 677366
154 206 254334
160 214 141376
36 156 79405
74 164 662808
2 59 301667
55 220 738820
66 145 602088
24 168 721800
139 97 285227
170 97 791883
118 47 177193
120 4 745292
32 193 308444
108 192 311320
10 205 299025
178 182 349889
91 167 617172
7 11 760987
43 170 437039
187 17 94850
5 0 65056
95 42 232216
10 158 70023
201 30 207154
116 210 168539
202 26 332569
202 228 273219
79 60 543179
164 174 913239
150 176 60574
174 7 637129
42 28 664049
35 169 791013
64 180 492114
111 139 482052
116 51 455763
32 189 485974
201 72 66938
179 134 801272
199 207 72577
54 6 518002
71 233 600649
102 109 222057
196 6 268267
60 66 483591
92 131 39984
94 124 577779
122 24 747313
217 78 110110
174 91 338431
138 153 527987
216 224 122682
50 124 664797
102 211 493238
226 69 684702
48 231 155538
230 59 54358
191 234 697535
133 69 43060
180 23 18032
95 209 616469
184 21 30186
152 97 579466
131 209 662351
46 187 409797
219 21 951769
234 68 50465
142 73 738349
70 126 888550
149 144 660378
105 106 475925
156 22 603479
166 3 868651
220 41 638979
42 63 524736
192 211 64276
155 67 59169
26 52 805667
160 136 587400
179 216 431068
115 30 836381
59 32 145873
164 177 868773
62 93 972081
148 74 302762
24 159 575352
21 231 417347
189 146 821760
57 172 726704
199 23 607881
20 56 669339
9 178 401923
38 33 881968
120 169 985459
1 149 629734
160 204 194646
40 6 664981
175 37 246385
48 61 493482
50 224 69345
93 86 254034
182 111 637067
202 161 909778
200 127 112884
144 26 740028
95 211 742108
142 74 949605
35 3 784128
3 71 587218
181 156 939807
110 156 363148
174 131 63990
231 148 635606
31 88 817806
55 146 464958
198 157 530113
182 60 892287
85 151 773913
0 90 54239
225 192 888362
4 188 27382
134 24 501119
220 202 909431
143 39 94233
74 158 124292
224 158 24553
129 201 837843
4 35 144235
22 141 601913
0 1 952941
1 2 203094
2 3 350114
3 4 279021
4 5 117427
5 6 182241
6 7 66264
7 8 746224
8 9 677113
9 10 817381
10 11 34608
11 12 966178
12 13 904817
13 14 677376
14 15 326180
15 16 97258
18 19 100645
19 20 714719
20 21 851876
21 22 840618
22 23 221785
23 24 886779
24 25 576262
25 26 144118
26 27 860119
27 28 932196
28 29 250399
29 30 214645
30 31 355240
31 32 376370
32 33 728791
33 34 134837
34 35 77750
35 36 120512
36 37 3428
37 38 598918
39 40 53608
40 41 78180
42 43 512036
43 44 107666
44 45 158372
45 46 459704
46 47 270346
47 48 179431
48 49 221012
49 50 115835
50 51 504503
51 52 394310
52 53 698220
53 54 791177
54 55 718241
55 56 972390
56 57 329792
57 58 323898
58 59 865491
59 60 24495
60 61 327709
61 62 671606
62 63 855562
63 64 172070
64 65 600713
65 66 320886
66 67 520121
67 68 530181
68 69 180282
69 70 430298
70 71 122464
71 72 410321
72 73 697566
73 74 594093
74 75 413282
75 76 212234
76 77 105332
77 78 192310
78 79 101739
79 80 28116
80 81 409784
81 82 597374
82 83 40118
83 84 992779
84 85 960213
85 86 147532
86 87 457095
87 88 273018
88 89 487212
89 90 250614
90 91 293685
91 92 491503
92 93 424262
93 94 210612
94 95 411910
96 97 860977
97 98 147765
99 100 744427
100 101 613181
101 102 129060
102 103 108840
103 104 661792
104 105 492965
107 108 911593
108 109 619876
109 110 87473
110 111 451950
111 112 238284
112 113 653230
114 115 844638
116 117 291754
117 118 925148
118 119 35184
121 122 65918
122 123 291952
123 124 795999
124 125 124213
126 127 976539
127 128 746069
128 129 507230
129 130 393202
130 131 223153
131 132 987722
132 133 443135
133 134 480740
134 135 901177
135 136 220443
136 137 550161
138 139 788138
139 140 267442
140 141 409806
142 143 849991
143 144 142925
145 146 832252
146 147 920966
147 148 971037
148 149 184283
149 150 601980
150 151 96919
152 153 426421
153 154 915511
154 155 198117
155 156 218719
157 158 286677
158 159 888319
159 160 354513
160 161 365727
161 162 578008
162 163 714335
163 164 93344
164 165 668358
165 166 730329
166 167 488067
167 168 968383
168 169 17604
169 170 785452
170 171 489770
171 172 23766
172 173 257326
175 176 551053
176 177 650506
177 178 588585
178 179 257999
179 180 745178
180 181 207359
181 182 219481
182 183 81364
183 184 239204
184 185 998515
185 186 417062
186 187 499061
187 188 284922
188 189 687976
189 190 788509
190 191 634013
191 192 880659
192 193 324655
193 194 963125
194 195 252020
195 196 727814
196 197 45653
197 198 512039
198 199 622371
199 200 270437
200 201 140290
201 202 675822
202 203 346072
203 204 710131
204 205 216892
205 206 848541
206 207 363526
207 208 993697
208 209 896759
209 210 856786
210 211 776833
211 212 999688
212 213 334105
213 214 786039
214 215 896011
215 216 982943
216 217 822288
217 218 429572
219 220 175732
221 222 422709
222 223 804662
223 224 54650
224 225 710313
225 226 336300
226 227 783831
227 228 697557
228 229 253227
229 230 597354
232 233 384308
233 234 193487
