1849 4102
978 1326 756596
562 924 447699
1641 975 886807
1106 1351 449906
32 1792 160172
1067 444 739241
390 1162 959804
100 770 101768
1333 999 111504
561 131 942800
905 1641 117454
1085 1063 683469
1719 741 428431
1684 1788 127197
1620 1466 755687
1083 643 183219
842 517 2414
1084 1304 480650
1691 577 258087
324 27 357361
1561 946 800583
85 1385 243712
699 1353 846326
241 1581 901442
983 1368 703285
912 651 383406
763 297 248991
384 498 431943
794 91 319291
1249 1124 128410
1448 942 107135
1757 545 151543
540 656 619332
726 420 684476
550 145 50540
819 1649 693711
136 88 969019
87 1658 507913
203 843 223391
541 530 695678
478 1594 806753
1528 1457 145189
1045 901 298884
363 1761 267662
970 42 842196
439 1494 594766
1189 377 839957
593 1269 610988
188 1091 431548
1419 1488 622533
1174 439 215693
1335 1429 674581
712 19 635804
1175 513 829835
193 1481 736034
496 1077 469682
32 433 73860
768 1067 200730
464 1100 568691
677 66 813240
677 292 113673
573 984 521676
781 139 533250
1642 140 399270
869 148 657399
1031 772 577322
1097 168 364201
1563 1273 679333
558 1530 165394
94 1788 323036
1462 1231 722634
1342 637 873745
1787 365 264464
590 1805 238637
1433 1025 584025
607 1641 448962
1789 1313 936728
354 122 665297
142 651 561317
1835 310 692150
279 1060 515536
505 1776 42835
1766 578 861574
318 1277 445102
1553 901 953485
40 1311 683347
641 382 840135
621 1745 357856
1488 604 539409
709 1532 652134
1392 1328 601435
1701 254 404834
999 602 936986
986 1442 439546
1183 692 510519
523 1715 345747
1148 961 808016
40 852 177396
130 393 949267
644 272 45913
1619 207 870782
1788 1498 63573
1563 88 384463
1331 1648 88234
1371 650 356316
530 460 824520
1551 434 369850
628 491 757162
845 1579 221669
350 17 993394
1728 1234 426972
694 982 883843
814 76 72453
1000 1142 896614
1232 296 439730
1146 1799 48043
1000 165 328239
113 508 982830
1257 1584 652474
631 673 224688
161 544 925559
1745 1158 549651
853 8 968530
476 38 906729
539 597 745071
905 1770 187545
1673 1742 639881
804 813 639046
1168 1592 691863
496 570 596438
293 1487 702157
1072 1120 964912
843 910 415006
812 429 46573
418 1205 623445
51 657 679616
796 985 836749
1330 487 654261
636 1679 817603
1535 1369 65244
801 1338 562824
1390 1035 13950
1565 1418 893392
552 93 610618
820 371 272717
1372 850 343868
1812 283 563584
714 1778 26071
1530 695 998023
759 211 241467
1642 117 798561
106 218 763040
861 399 127981
1580 1841 247246
1132 1548 591654
68 71 758209
543 1194 385296
1121 1765 751446
801 501 107656
1788 1709 91272
780 916 966700
1141 1734 30409
554 724 730282
75 1720 617201
134 161 41652
101 1127 824812
1172 1192 924476
602 986 332034
389 135 108879
521 1444 226972
607 554 148580
464 472 982253
898 1297 967478
226 1236 602933
1715 167 169209
699 1316 927489
1177 448 311568
16 1227 779278
921 1152 108214
636 731 432304
1205 1751 472990
921 520 491728
390 722 844111
997 1157 45892
1532 358 521127
26 1815 231362
1468 1126 563797
1605 360 68334
905 733 791795
589 1762 612459
1207 1791 20696
981 414 666663
876 240 583846
1272 1397 911036
1832 634 698372
1006 1741 888024
1450 1746 546140
1224 1656 903964
1538 1358 372859
1787 112 815596
1820 1350 940664
1397 1575 847397
1845 552 556193
71 1039 851128
236 1808 777270
1802 431 558814
1148 1848 135363
743 704 134638
1662 780 573111
1225 1349 809350
641 1439 191143
1635 1324 299779
815 5 451036
1706 533 310651
1326 504 977123
204 1823 554009
588 201 150644
830 1734 771442
670 1718 710286
835 432 814788
687 1450 23878
60 797 799631
1214 648 433774
1615 1463 317378
1697 928 223233
82 10 879360
1146 1524 431899
436 1800 980763
1107 1390 737712
792 183 73584
103 1795 130470
190 1021 630581
1070 1636 305745
1282 1614 771326
1485 887 943296
1499 702 638283
283 286 449330
1593 376 614980
385 1581 896484
304 530 229249
964 397 104499
1321 878 142172
589 477 620801
990 1334 544256
453 149 984783
1611 1433 276086
319 1182 866672
1209 913 944597
1832 481 755009
1128 136 260589
435 1625 438576
1673 896 657299
362 24 199680
204 539 626737
921 777 279856
1381 460 645698
590 1399 710432
1728 848 583787
1494 1768 725511
1392 1777 981586
1701 989 37042
422 47 177222
274 1797 124199
1568 1839 336929
1637 1589 105859
724 665 873021
1632 1272 249730
1168 1539 70855
1300 1778 259588
226 953 315578
796 122 502738
13 1256 363200
1289 1835 86300
1372 1662 764963
571 1617 957070
781 1135 386842
1580 1451 329576
1029 327 94798
1136 843 964334
332 852 722096
696 167 549158
1562 630 531330
1729 1497 75798
1387 1837 474625
202 919 426469
1549 861 177039
559 1171 22514
953 977 556383
205 36 90383
1266 84 163460
930 712 314529
1170 899 806487
1438 1352 390494
846 756 152357
59 1049 309233
956 845 344792
1709 1142 198804
1713 1837 780399
1816 991 490755
947 1308 176347
1349 786 980793
1342 144 664759
1742 992 585787
1237 276 950350
798 1765 408044
1681 763 357132
1434 1581 778207
81 206 440780
1745 744 597083
140 851 173573
1332 489 117890
1478 583 321311
716 890 390472
1549 1061 149658
1506 1077 830720
1508 711 157676
941 1845 768113
413 803 767045
748 1393 214439
1601 1359 224207
422 447 291155
909 56 911284
1492 997 393890
1167 1586 752146
540 748 240984
405 78 863703
125 841 685918
1216 1786 501772
616 777 957
1327 287 346180
1037 1027 568614
74 990 244672
649 1468 303506
1705 205 781306
611 914 813550
690 164 805363
1468 1754 464955
361 1651 696216
1238 1085 697999
949 712 416678
745 658 483187
1285 1041 994255
239 610 572504
1391 322 163268
1271 80 300063
262 237 149777
921 952 392750
356 594 765782
674 1807 260597
12 1644 137367
1704 894 867550
227 710 318838
1620 1050 673949
1254 566 297870
709 1380 206223
1623 1467 620786
1171 1835 356546
36 344 62968
1835 34 183972
882 1199 173847
1395 1758 621323
1407 1561 203349
1665 1484 949752
1491 83 777804
1198 1636 945611
1480 895 32163
201 1317 179682
606 1672 257052
635 1053 393562
1085 1445 679250
1405 1563 732429
180 157 533977
104 357 407279
1147 1274 282095
1093 528 55507
755 1494 847034
467 1460 299867
1382 1056 155780
1480 1134 908561
1207 1766 556794
143 1171 290302
512 176 774760
1254 1096 449666
65 1464 906634
1402 1622 904230
1773 1423 967122
6 270 832529
931 461 38372
726 1114 222986
133 74 510253
1193 1693 584937
1549 853 937570
785 1803 708115
1742 431 249551
1453 790 516395
75 1594 186528
980 1534 592075
1250 1599 932846
221 504 369706
125 635 33051
1570 691 947445
1344 1590 385314
1654 1640 33444
565 739 450084
1745 566 211638
1123 914 982876
1592 1355 807847
112 1163 428276
1519 748 919948
24 1385 423152
538 263 594205
816 995 651920
884 897 734097
1096 786 448052
1833 922 756226
599 462 405105
137 201 728582
281 732 301683
1211 463 536272
191 509 921897
1660 247 419505
50 694 895790
1795 277 394403
264 856 883436
1061 1443 624609
9 144 36475
547 1478 232254
1346 1483 65964
1447 233 691224
688 1266 101799
188 1647 671393
1578 1582 318070
1341 1842 213331
444 1845 373067
1789 111 339240
1844 1426 578386
1208 1645 417724
692 771 424891
901 1656 777312
543 249 90012
1574 211 438808
258 1406 920972
720 11 36609
307 901 469554
1110 1782 96131
275 1616 840958
645 1506 727445
1204 1674 594878
69 909 78821
148 1543 896229
1004 306 488132
1740 1020 500253
1162 751 204100
1842 411 29536
243 928 811065
552 1568 99140
821 425 431414
1664 1143 69898
1308 890 571282
734 387 48715
1190 1289 589798
1730 133 790333
1287 857 772788
745 1818 549590
1419 192 399070
288 1303 341249
854 57 232479
1759 1530 991691
1510 1602 224838
1564 392 108480
959 1079 148060
706 1741 819972
1356 197 75043
762 470 747665
1024 478 243921
841 356 49337
846 831 444564
1829 9 895544
390 444 488595
973 789 383050
206 1224 60607
112 241 634136
1629 1469 866208
1186 1798 777976
77 1497 278713
1253 1811 606578
1001 851 746117
1813 860 840313
68 466 52431
1647 1821 351422
473 1194 142975
1363 1670 975597
1702 461 277178
149 472 334542
551 1097 964568
70 415 249857
807 92 862395
605 1063 308814
406 441 873141
384 883 607750
771 1513 26512
568 570 2685
1441 1666 411438
1582 918 426420
1418 1526 332515
998 1186 489089
1249 775 349000
33 609 507344
804 974 325162
1614 1496 679366
1579 1712 171946
1790 30 482552
573 951 620560
875 1295 244355
1584 485 568089
258 1606 556979
531 706 42025
750 1385 833614
853 685 870388
1417 1634 870687
975 979 926438
87 343 246959
1355 454 868366
1529 50 123664
543 72 937471
1224 462 506800
1326 711 995702
1193 500 599884
362 1057 200903
260 1529 46243
229 495 786285
264 1615 880729
232 693 619283
1825 497 616768
1448 1288 141755
790 1593 328837
1726 557 190511
1798 779 590536
36 1489 440049
820 302 298764
1559 157 43571
935 1353 968305
103 1452 808823
579 1808 311549
705 1705 791744
980 1630 685468
1605 1016 874019
1017 1396 457826
737 1129 331647
539 1832 876439
1456 464 969049
1196 29 472048
179 1163 922562
532 1016 660570
1222 1448 916646
1427 1674 959195
442 817 23545
774 1507 213485
1618 89 420655
1406 432 14390
1512 410 287128
1279 350 160271
328 950 969167
1481 44 652546
557 1505 821044
662 1436 274860
250 1208 533190
1710 832 345937
918 339 567754
1234 1668 532850
603 1363 120216
463 1178 425673
517 103 726601
475 1770 538698
1396 1060 330120
1318 312 666388
71 995 990622
97 1428 276046
149 880 29377
1388 491 885644
310 772 603343
363 954 797158
1049 160 915079
831 934 57025
1776 50 513742
1209 680 17921
494 470 672743
87 509 282091
1672 528 443424
1404 1149 774519
864 421 79144
93 831 231053
1507 570 735768
385 69 955481
982 345 575205
1067 1334 817558
1241 1205 398140
1694 280 794876
429 1493 562039
1604 329 914501
1367 882 805187
725 1478 409866
1333 551 138606
470 1083 320456
407 1110 934713
1319 627 712242
37 594 627455
665 1197 619232
1587 1044 410921
508 313 34822
1580 542 153098
654 1318 490740
1451 742 468371
865 995 723350
24 84 790394
989 1293 590757
96 1175 115560
261 980 754400
647 1122 405454
343 1097 794113
918 1777 493235
123 634 881825
1718 872 959779
1148 951 416142
988 627 930244
695 1767 492325
1801 756 457399
695 777 656490
1418 1225 768166
1170 1589 650294
798 269 361168
164 980 921423
1791 182 947813
1811 1273 451793
532 224 267571
1741 956 473488
179 1753 21116
1734 881 976591
323 1826 501384
669 26 678017
554 1716 462113
1445 1671 37031
0 546 282999
690 5 550181
1696 1334 152150
777 428 250131
1267 171 545909
1568 1226 977614
878 938 89993
387 765 786789
844 1373 807354
680 318 378124
473 1209 502456
941 914 495898
1187 1430 40021
1484 236 78628
218 452 83452
952 1277 74848
510 265 739373
1215 1042 427432
212 1103 847940
1590 828 817813
1307 454 968316
1192 1807 35893
444 275 87694
1452 215 489859
658 815 434311
1634 1486 247545
1705 681 958005
161 965 217166
129 1708 593985
1121 808 531509
619 20 587381
1280 1580 37047
245 1656 119502
747 163 781144
1665 890 908974
1200 302 378727
659 135 7779
617 377 51484
1734 410 298252
1232 505 219737
880 456 652168
1294 189 156492
909 511 269267
640 1478 514139
103 873 743641
1763 956 655626
1072 760 905722
1503 709 720046
1113 296 951041
78 558 172902
115 940 630799
1023 110 376565
148 1506 8554
1679 337 90595
416 41 737342
1744 896 3935
884 1582 869906
186 108 379553
1725 1839 45668
1206 39 316691
558 1557 598815
172 397 860570
1678 422 499953
1595 944 31986
1021 744 354375
1301 111 934288
672 139 16052
969 1343 257074
1679 372 668973
1020 1355 419705
64 572 894373
1103 159 488385
870 262 396890
1117 360 10744
183 1079 642038
899 1564 648825
1785 1282 120377
1151 381 179493
267 1732 679176
515 1325 761970
1796 922 56905
1722 1094 621343
124 970 471296
214 630 874746
256 1366 353615
126 1384 885428
318 867 894100
1310 1382 544667
856 618 209094
37 1093 746042
93 822 640906
1382 24 476304
1703 1741 415294
618 1748 439372
341 1268 251125
57 1764 654843
1174 1488 573232
1175 830 739761
439 1044 997318
925 1021 607203
380 707 567085
1453 987 840587
663 467 122838
1037 1429 413828
1111 1286 156326
495 183 938118
364 641 552355
24 632 853914
949 1649 812342
1779 1111 573010
816 1847 338141
931 153 826909
115 1468 578648
237 1661 457189
553 479 907285
1494 1106 471772
1062 1728 493021
1800 266 907188
1720 1227 844785
1315 1008 784415
1726 1401 244070
260 1358 600026
589 1679 852597
882 518 337187
459 1462 511797
1149 1748 331553
1129 560 165833
899 882 363976
1775 1120 582496
1125 706 403671
1038 95 871407
518 165 432740
1797 511 475348
1094 1345 300837
1673 400 287841
1096 1776 277045
1740 759 897536
1572 1764 869531
687 9 290973
1219 1273 38731
922 1364 123140
1103 1594 652158
1528 1086 708117
1747 950 984507
1300 1124 349427
993 371 992227
1792 1836 183121
651 1383 519544
884 866 23198
1189 971 13804
1088 727 480559
994 957 246428
1028 605 844930
34 1784 771112
1424 897 459630
225 1612 706431
567 558 989631
491 249 973183
1463 695 96813
1754 134 820677
927 1311 491426
792 426 181264
541 1077 535427
1110 13 504527
258 301 673213
1647 67 594685
896 101 109447
81 1090 466783
1402 178 314036
885 497 536997
670 498 132218
1789 792 545547
822 1768 297384
1530 107 67740
1096 280 672668
523 1607 257904
1689 1347 904841
758 1550 943358
1384 861 453951
673 1126 760129
857 1828 455982
1154 727 147997
879 1415 918296
554 1477 855853
112 1203 170297
549 220 381515
626 859 638305
1516 487 443849
937 236 793371
272 1265 95806
52 201 445367
1448 870 292218
868 892 247334
1708 1067 322091
230 426 1815
1205 215 275342
932 822 377474
1448 662 403126
1044 1449 140959
1608 996 832437
635 1335 231092
820 1728 820851
1329 115 620893
557 1826 851351
951 340 721584
803 701 145757
632 1840 700623
832 1225 899028
861 956 866795
15 1059 256630
555 19 729213
1471 1503 370217
1706 1182 626036
1721 1247 625120
1183 1344 830192
332 1698 330223
1565 786 329323
788 670 664945
1011 1229 421342
209 1099 901039
1507 756 349933
569 558 840499
846 1505 785039
267 1398 508885
964 1341 574117
1755 233 663347
1254 896 618152
849 914 819370
1543 508 595257
283 1274 536316
1676 593 470033
616 293 774138
442 1580 388697
460 752 22463
706 325 729167
1808 17 976971
500 1077 621893
510 739 220358
208 721 66123
1695 1141 623376
1279 1621 474245
181 1063 789632
701 1475 815903
1464 1276 371619
568 1038 658621
1650 515 435649
1502 1519 805369
381 1441 355245
1720 1553 61666
72 415 327524
1114 427 316959
950 743 598798
1014 403 709975
813 395 929880
1251 486 689651
908 1236 872294
697 400 990160
1543 133 787238
440 1407 850055
851 377 790763
506 825 133386
1817 1353 626385
829 1525 498724
66 1140 254244
186 1457 149130
1438 908 387276
684 1373 901094
397 327 879351
1799 327 87210
426 514 650940
87 1149 73300
804 930 359271
568 132 75100
973 725 157989
1564 865 620098
125 318 148854
181 1804 769687
1437 956 369799
928 1338 437290
1306 1435 865654
870 1844 854385
56 473 409988
798 262 323322
1187 625 421733
1820 797 43781
1825 404 783209
1828 47 681938
1791 1597 480698
848 1720 393622
126 924 56113
407 708 167803
116 1173 796392
482 326 310303
1111 735 343939
1462 357 975754
1819 223 964061
284 1306 658867
420 687 239830
1255 327 654782
121 1210 140679
655 1090 359504
151 823 200716
1654 166 653391
692 91 495716
1608 859 767492
12 90 410285
1673 1313 572972
1170 714 40927
1120 943 274498
182 1643 945709
1343 302 873749
872 325 424272
475 516 557379
789 817 1576
1563 1738 489384
1051 902 998819
442 37 528775
335 118 112188
1572 1827 926914
1025 1534 359197
579 973 533595
1563 1836 614826
865 1215 871277
288 1090 190975
388 586 866668
529 1287 962786
317 264 166902
537 1302 513789
1178 617 71953
75 1674 853051
1681 462 61298
1223 773 905608
1330 45 686933
55 1537 673404
812 21 415523
1083 695 742429
107 867 119166
1092 215 83210
59 1520 186819
1601 175 293139
981 302 695291
491 1574 239621
180 582 691877
92 1473 941042
484 1188 47726
270 177 151568
1583 875 159342
1771 618 438563
794 814 810900
208 716 537359
875 1502 80944
977 249 194522
874 612 844770
1152 1167 124265
964 1359 483164
86 1710 105210
875 1743 774197
1171 306 585773
1682 745 953692
366 893 73522
1193 706 34391
144 945 402158
1572 84 638146
421 990 313551
355 1766 813664
1499 571 41526
1238 1096 22718
1197 623 524876
470 1552 988552
1185 1265 391554
791 1748 191378
777 75 811083
816 433 319104
720 1664 919616
1229 1836 849481
737 646 945242
428 1688 153743
247 914 547735
219 521 675121
1219 458 668323
992 884 983891
1302 1841 931961
1467 512 263174
1379 633 174254
447 1423 572618
933 1553 236870
409 760 211919
294 983 678559
639 609 28847
638 1405 535709
1648 1504 445747
204 1513 598377
772 910 900814
1382 1843 507535
1506 1254 422133
1422 426 800037
1120 157 471020
1493 1686 135136
1334 575 870658
439 1605 249273
856 1612 695939
206 1117 706677
4 858 804225
1469 1640 655632
1088 213 637710
1371 576 401410
1686 1698 199775
1296 1018 211891
74 259 513469
1163 291 964387
1640 403 353054
1375 1040 822683
840 809 412855
1193 1045 436512
556 1198 476726
689 675 157087
815 892 798164
522 1555 705579
1004 1432 542057
1472 597 159616
719 1813 43580
949 792 824378
1117 12 737528
247 176 593474
762 509 288436
1302 347 530160
56 1788 512635
1456 1713 762919
82 455 902735
1011 550 115817
398 1227 806224
557 1007 654276
199 1249 992474
1735 1018 965713
610 1221 299651
587 588 217326
386 414 823463
935 216 871351
1621 661 36753
1683 1224 612904
743 137 87781
582 975 780062
65 1669 116288
534 900 613054
1007 910 714101
1017 970 936592
1270 745 756200
1567 663 603725
665 1530 6192
57 1365 206186
163 339 455191
1766 888 821504
1636 664 522058
835 214 44144
920 1168 214335
309 402 77085
467 836 211820
431 193 514076
322 1195 817562
1760 1039 110230
1078 140 497127
1171 1539 826156
274 438 115566
100 602 479315
1322 938 105071
524 1347 607469
1769 639 756710
1731 558 343612
116 1382 445748
1352 1165 912068
446 98 543970
20 121 719111
691 245 551484
1620 1541 163316
416 166 875492
1434 1380 768083
624 143 351415
384 1758 33257
569 1769 470977
1025 57 775323
646 802 663468
1566 740 367180
1212 1494 777229
1669 560 846977
864 637 568030
1699 1159 375547
1064 239 939778
1040 1613 755132
135 1055 35093
1649 1564 77745
827 206 55148
1052 295 679531
1184 234 254235
1155 321 142897
1248 1131 60093
307 195 355904
445 1532 650159
185 688 170174
965 1025 821046
386 842 848320
1644 446 526342
309 1701 144382
366 492 829369
1569 1539 65110
1666 1211 997940
339 355 556396
670 1484 654796
1666 302 426200
812 1788 774495
1554 206 721141
1652 1331 462304
1483 1637 8869
1246 1050 166119
569 442 150400
879 84 761536
493 1828 960834
846 582 244699
45 1454 198262
860 890 19388
515 546 206379
713 1046 83919
1573 1140 805756
446 1779 114812
1278 274 779444
206 1009 522925
15 1703 859412
376 1664 59897
1406 325 898929
1818 1741 631112
1003 1490 405476
49 681 833906
921 632 28195
904 1011 617587
1353 1714 761189
520 920 515706
324 936 144623
687 650 489525
1808 632 418225
491 55 646920
1698 1103 128995
688 1455 704823
1267 136 686348
1253 314 663629
637 1002 684919
707 1178 446908
864 1082 973227
1220 727 664320
648 594 623389
742 939 764440
157 1791 321498
1425 1110 804404
1668 828 749442
205 952 132670
1187 1669 209720
932 653 665257
361 1285 34465
1661 710 474778
1541 408 394896
332 362 283774
1572 1332 380604
1562 1361 610650
1029 828 388056
635 836 628504
1205 964 600194
1302 1785 272984
1656 547 586211
1135 289 469608
1216 680 997567
1088 588 45739
1015 890 141124
344 1753 307653
98 1055 695083
1509 1612 851317
125 315 359073
187 1014 755121
852 544 290352
152 691 160598
516 1361 229549
1018 1364 868457
166 1581 677084
197 528 740643
544 519 463008
311 423 475681
1038 262 501561
1227 1151 156374
521 1560 486240
459 838 939810
115 541 9123
478 550 76963
412 1601 808298
536 1099 391501
115 245 220614
303 1232 599307
1414 607 636745
645 1000 634588
468 793 858852
1483 519 278872
241 466 493660
1583 463 344541
1263 1171 398053
1805 509 526954
178 171 454507
1548 1044 844861
1131 831 23860
21 1401 419554
1022 165 453425
1488 1243 970681
1783 978 383991
1163 1631 209839
876 612 650184
1022 1271 930190
159 1537 547237
217 1266 809802
1705 588 854220
442 96 325631
513 1214 611810
1537 1367 245864
9 543 751403
676 1166 387612
948 126 39265
191 1089 535005
1266 881 737255
944 25 726987
1251 830 904399
1275 379 167929
1771 791 965077
299 695 413221
1307 1093 201415
275 1612 133915
104 686 71657
83 1157 543104
964 219 314433
1291 197 85717
145 566 425229
795 1348 154480
1303 299 984460
1758 1547 701274
1604 420 328001
205 1457 693801
11 604 701712
1659 474 37826
1107 945 422164
1815 1701 148465
934 118 424604
1547 1211 166728
8 1412 831039
127 460 993335
1297 1373 506985
404 1046 155001
367 300 148653
704 943 634750
1309 709 751280
1698 223 363790
149 1034 750668
8 741 202462
884 444 968044
1092 1306 120195
1067 1832 739352
1697 1635 446775
656 1753 105951
296 1170 170222
766 922 350810
1575 480 137525
1736 1788 50865
535 994 406642
902 1217 560346
1265 239 916329
158 940 653092
639 407 249932
1759 1699 427994
1 1803 696787
1253 637 457016
1206 693 278810
1497 1398 148387
1469 1234 883208
693 367 38080
1817 1085 742075
1381 1137 15380
561 242 256697
1063 761 331543
1403 1391 970293
779 1392 668898
384 43 937919
1334 1546 196998
316 1493 50553
826 1051 10827
943 1011 684138
1816 1823 935091
239 1069 956270
137 271 323998
1669 1448 775702
8 1528 255221
446 1302 199316
1725 540 349720
399 1326 31712
151 5 918237
1044 660 317647
1055 632 458647
847 1477 65121
1538 421 1417
312 1355 479383
1025 329 86196
526 1023 571637
648 932 984288
762 1052 78699
904 329 912326
1262 329 291445
1417 1793 454316
61 1556 470474
1294 686 432519
349 472 622041
1800 913 356511
1657 1163 985198
1756 1255 223658
1215 1211 367097
1088 1094 298521
1585 1118 7680
227 1407 94750
1617 462 275685
560 1138 115868
1374 57 258157
1355 467 276575
1503 695 299585
1567 514 724836
358 1032 734969
390 352 283084
951 1380 610999
641 684 164174
885 511 702007
1286 1349 489529
1451 37 500694
469 1605 641371
1598 1274 634461
1223 609 825451
15 1435 68899
1144 603 902945
996 82 307740
1435 231 934824
202 1591 136317
966 226 118688
284 189 692248
1404 1593 902789
85 1508 793242
534 1336 659474
206 195 899499
58 15 227814
1645 603 591180
211 410 70910
964 147 417309
1731 50 13887
1604 453 330118
457 1497 162779
451 1235 178147
1231 453 424739
1624 1654 946689
217 1652 389391
1506 691 460225
434 961 12481
512 376 161672
1406 1118 438876
1137 839 990218
1382 200 910896
1574 1144 468334
988 1490 781084
1769 519 717505
948 1821 431531
1 1511 925445
950 1309 567558
489 275 119880
818 1115 900141
744 208 519725
955 1031 960008
395 740 139132
889 816 376149
1342 330 550918
1648 1707 843603
717 1191 365216
146 96 905984
1355 1580 116279
654 892 34253
1658 1604 202518
570 1495 466178
1638 899 207882
715 1843 907999
723 70 808644
1079 799 561457
1492 1184 34991
475 1374 640293
583 880 376253
1779 263 112536
1490 1030 245521
1061 623 711554
309 465 407962
1630 676 265830
1472 1679 264665
565 1524 765362
1545 1212 94433
816 1265 82348
303 1295 825356
1045 1102 856957
1773 804 327901
153 266 19845
840 1176 158897
1471 410 746493
1560 1375 975632
620 211 913778
475 548 364713
755 1455 18541
80 862 11785
509 1611 984030
547 144 720282
1060 1306 569313
893 1438 156135
1305 723 14579
1298 1243 824360
234 1769 77482
1241 1717 852373
1712 430 309338
15 213 101322
944 122 224109
1086 187 128686
1464 466 270490
377 168 269482
682 377 940561
561 59 442072
626 1285 582007
965 573 654581
1567 1843 775286
1475 974 389247
1404 1734 392538
1316 148 410146
118 1263 966463
918 377 392573
654 939 308893
140 1775 899846
1408 1194 717408
748 1625 871279
1060 88 582144
446 1764 788998
135 650 41044
356 1003 264056
958 142 734380
1329 351 836164
597 1687 833462
274 1083 351152
1848 1045 96235
1844 291 232505
651 1571 796640
1561 235 173234
455 562 540881
1441 807 588744
461 1804 473042
681 1422 486944
166 1364 533489
1642 1644 479280
729 55 680009
251 388 300343
197 121 896381
133 691 322963
1023 901 16142
1280 626 739731
300 1071 927210
876 1008 590764
497 1155 201265
615 389 585409
904 1159 208287
1122 631 235853
360 553 121196
755 491 497572
1249 1715 461655
1473 1469 638559
516 317 535631
1672 266 353187
855 1082 552227
1379 665 809761
274 1770 562022
521 74 518714
1696 1062 166385
139 597 756854
1410 390 117637
1162 1437 608987
1036 187 141799
1039 1052 838468
1409 1173 391112
545 336 291680
46 219 579173
707 1611 930654
1407 96 626709
1291 1784 404443
953 755 334166
204 1301 897303
1547 177 796356
16 701 968343
1155 1411 662865
1066 199 455641
1198 1331 309770
660 1538 148286
510 758 509773
1081 1044 96166
559 843 710274
299 100 463797
965 682 479594
1787 1127 661617
245 1479 706075
1434 195 191148
638 997 746862
903 1771 956886
214 1331 836336
286 617 382649
1771 1751 513179
834 104 518086
423 1770 947508
1609 983 820983
1104 1055 549059
1227 687 788261
1232 1391 165612
1336 143 796524
655 898 209063
742 903 60062
1048 914 733330
1665 688 127952
323 56 321049
1299 1755 26084
1806 1608 797907
1221 1752 764986
765 1379 532077
1121 1646 809090
17 1474 617483
913 1782 363953
1612 303 390056
1412 625 538275
178 437 695326
895 424 801792
888 1734 26653
449 1159 702993
963 417 69263
1227 678 438135
737 1207 750481
296 708 526992
1370 1614 336830
696 170 296025
432 1066 244397
299 956 849322
1650 1087 226628
1159 607 554749
1589 307 975465
1475 1822 530265
1438 98 303529
1503 1218 260714
431 6 88467
1474 1412 385250
1348 463 387097
1737 1638 272667
737 92 40830
465 1086 111549
1084 81 251718
1733 409 562346
787 118 574167
706 1235 997430
1223 1743 550354
389 1749 335594
1147 748 108867
713 1160 117917
820 1491 844484
1153 920 194868
591 1325 381152
1761 201 487370
679 1796 644255
485 991 700280
709 1734 832392
1077 834 634531
1823 751 100548
14 754 946798
546 1811 699284
741 1091 713215
669 1701 487173
982 864 165405
1832 1337 666801
411 883 200038
1065 681 474813
569 835 426597
498 783 930254
622 177 654944
895 1765 954825
185 989 589647
1696 111 364783
1188 489 588899
492 1686 524128
439 583 796444
1262 582 283883
1393 1788 701183
953 1224 256406
391 731 473769
1038 1831 434622
795 1373 988274
452 111 584137
25 94 632006
354 1347 932568
59 948 957172
1470 376 88589
575 57 336714
1057 1802 925252
80 1651 205107
296 206 667977
556 242 692222
1569 141 558601
941 636 243648
1697 669 927862
1250 1748 274845
208 271 817277
1049 873 448969
1273 582 413826
366 1458 250703
36 1341 194014
1840 1610 132045
637 1052 639332
920 422 581831
152 931 102461
1692 735 547762
810 1845 691468
84 1340 219321
387 1623 760556
1597 1167 309366
30 223 60854
1648 1215 889074
1660 1547 517603
747 26 16457
1652 564 72382
916 215 430497
41 32 463477
1621 1286 64334
1444 430 298339
220 1077 575708
23 640 28228
1353 1433 403894
922 1726 349873
859 997 98327
1665 54 991545
1144 1290 311575
1575 15 856845
1306 678 959423
1301 1118 571897
1223 951 451672
676 1538 857452
1007 1429 383218
726 1162 403055
1811 958 332771
235 232 372581
1286 1505 915814
515 1674 696479
1567 1124 996623
414 1322 431156
121 10 851241
1809 801 607328
1778 1768 49829
43 644 323792
522 877 335566
786 1637 957252
507 308 920720
628 1196 361101
349 1688 118347
1004 1705 981329
250 630 53648
1274 761 690302
946 1246 554891
74 252 346814
73 1104 310568
182 945 832042
1739 150 84119
943 952 398985
1385 717 605214
752 1430 391847
663 660 872332
698 1250 551709
537 1591 324744
711 1494 306456
1040 122 862095
1187 1467 101050
1043 741 214336
48 682 963018
458 1264 746196
189 241 116405
1071 542 206326
902 631 969914
1178 1772 502152
1633 1503 638767
310 1434 219234
94 199 457022
1750 1665 389861
1578 166 466175
694 1083 298928
224 869 641762
716 105 162243
644 1529 345376
3 1301 956065
1633 834 518606
1434 1838 393633
390 1010 320598
1044 776 240558
1053 268 840610
384 1736 530729
607 1405 311463
947 752 997696
428 1338 558663
232 1148 691729
348 1244 477135
1400 1606 443821
170 1065 149709
1791 483 542507
713 1154 764303
523 990 593366
723 1633 477871
583 672 74152
1446 1677 342328
1470 1797 661135
1063 889 443094
1064 72 734243
1267 85 72655
610 82 247865
1212 704 556801
276 654 953737
279 281 471062
1600 382 684890
1510 493 729283
236 118 472513
1062 749 27679
824 1035 35799
1130 1253 802999
1335 169 643152
1212 1531 893556
1029 935 990287
623 1710 889019
416 491 110379
139 4 77138
519 1528 3455
624 894 500880
1293 644 505689
1084 891 619487
1221 1223 854091
1488 1788 923049
1459 595 205341
343 1675 584158
920 601 250868
368 201 55095
547 687 463892
1454 1794 137296
862 1342 461847
270 509 812223
503 265 989294
1120 899 933819
1053 1649 418240
1053 1621 695210
1212 237 348008
1132 910 985402
1795 1186 703219
1248 1443 954404
1466 812 638554
142 1306 657590
1717 857 963690
1804 1660 45291
945 994 628977
649 1757 334333
329 102 29579
1196 786 235008
835 1154 599677
1177 1043 766299
861 1107 502171
491 1008 995386
510 1081 831751
284 196 887651
974 169 359801
1511 978 23415
1063 855 372964
1634 1758 996290
218 788 367702
742 487 82261
511 27 658932
442 1469 247962
1208 765 152973
1232 348 405726
1039 94 579944
1192 221 39101
1448 258 253358
1711 1045 485315
1353 480 973538
700 394 519784
380 1395 884754
1266 872 508420
1790 1815 334038
784 1603 659948
751 676 516134
703 347 127969
1314 1357 220303
351 372 148186
1552 683 317932
1807 1371 874306
778 59 941215
1741 1445 756497
1234 108 739847
1205 1015 997851
708 1076 553994
1604 1155 884958
473 4 954025
379 1101 957889
1414 452 339943
569 1366 343345
1724 327 315799
1506 1453 615933
1294 1096 634432
80 960 882494
1401 807 229066
397 728 292375
1158 893 914001
1583 686 596256
428 1572 85085
1248 966 196678
1005 877 16287
1736 1784 515370
612 1768 909700
141 956 756571
1317 1648 744691
1229 1523 930884
506 484 120229
1484 250 397736
1534 207 246175
193 1777 20505
950 365 365059
1093 643 867315
706 386 231276
37 1792 573033
222 982 695864
611 1353 814252
746 1331 551074
112 1021 518763
998 320 401349
1387 240 399843
583 654 135365
217 1097 904722
1197 1016 439263
305 864 273565
1216 1785 570306
608 582 408963
1759 1511 714551
622 1110 199712
151 309 985843
513 501 284947
59 557 122752
628 116 208478
1507 1388 825327
145 91 106685
1423 203 550768
835 16 115426
1025 1757 905194
1416 858 163126
1107 185 123918
1706 973 125092
1286 113 842026
1063 1332 20814
1637 574 22124
1551 874 688639
603 1432 892434
1532 897 242721
1233 1197 436667
1216 1386 83634
1190 16 217632
722 1192 632286
758 675 543151
530 177 785454
305 502 66221
1768 420 744281
1760 1847 873368
844 1331 655235
212 1583 645424
856 1153 803566
314 999 404552
1547 1314 403930
14 1799 732136
553 1842 593369
1517 451 937721
1637 1671 86091
1387 1735 651378
1692 886 211119
748 51 101635
1620 410 713116
1757 1788 178242
544 135 87081
773 656 656870
1041 171 546923
515 1013 555734
287 248 883549
1084 1365 101736
443 1555 820692
1042 601 260998
1020 822 850579
1163 740 676001
449 1367 424464
519 1182 779171
425 93 993577
146 353 834291
1071 973 522475
1195 1114 872442
628 1613 554457
724 1130 238742
112 673 139295
1266 422 395447
761 1351 57675
1055 992 927726
1438 294 974747
531 599 989054
21 487 482013
1114 929 151963
136 1819 651954
247 639 536287
900 267 737036
932 1614 30704
541 296 807970
1220 1426 384878
529 1583 996257
1658 399 999567
1198 604 355056
446 1625 546662
1562 1070 297189
549 1237 365584
59 779 438742
1783 1288 150613
379 23 77495
796 584 87540
735 542 133914
709 134 395084
149 1262 609821
680 1161 630653
910 742 755976
540 1018 23100
187 948 71470
154 870 969466
1793 170 257448
593 1501 594015
1274 1579 827575
1281 1529 39522
1004 334 852860
1733 584 203876
776 698 940334
162 430 964775
346 933 602766
754 42 852256
607 1686 387106
1610 1468 622329
385 1710 17613
34 718 597142
608 344 996899
1013 639 181424
597 1059 557584
1777 425 372677
1339 1107 498069
856 1255 727429
605 627 931973
777 1256 212175
527 153 311637
1019 1547 347875
437 956 293
1154 1491 243014
424 56 142771
1530 801 57834
510 1376 844078
854 1299 899331
856 1332 191803
324 637 622173
1793 1185 355520
681 1315 76382
1843 1315 52480
1570 383 414056
347 936 150603
59 1643 436688
376 192 294730
1414 1838 122517
1145 1260 881234
839 68 539363
1221 1053 755603
709 430 944182
124 501 814573
94 689 224274
525 1421 187868
173 948 332298
906 661 406489
863 292 106147
1846 1140 111720
632 1215 631680
728 596 872369
309 409 877615
262 1770 637813
1097 567 635871
34 60 707024
429 1059 295666
1646 1705 483040
1048 140 203510
1679 218 81815
624 916 511573
563 1348 745398
1602 1220 449503
1159 1451 310881
923 1527 276948
846 252 268524
1818 990 593444
287 1832 792012
69 1002 379240
813 1461 973878
1777 1625 197261
1597 1365 29151
633 823 686956
1752 1309 658987
1062 1792 987385
550 1448 719736
696 1587 90069
1752 1249 393040
25 1547 400937
1312 1075 728668
1365 423 16523
873 253 244449
1596 608 201090
1832 5 593627
518 152 716652
97 588 813637
312 388 324161
1746 322 349019
229 369 766658
714 1791 206038
1611 1162 209602
698 161 568847
591 742 783683
475 238 212653
756 1776 962495
1683 539 253020
717 795 291237
284 154 674853
1523 790 535002
1605 1624 281858
515 391 696292
1810 267 684326
1236 536 735232
281 1507 206063
368 730 931209
890 1635 322189
1266 1503 769122
74 598 179113
1716 344 188659
1373 621 530524
10 1272 69330
81 1496 219124
58 617 94099
837 1488 835908
643 772 313332
1062 625 730282
1510 374 568472
1725 807 129258
1735 104 787030
43 233 881395
847 1398 219943
1627 140 826012
300 1612 817504
1480 549 253057
1580 1045 34469
1662 1494 742303
852 468 970275
1314 1038 656734
806 154 71541
1488 215 472410
266 1809 524595
1314 951 52903
445 933 299447
959 878 779248
1002 797 189554
1461 86 1752
1501 984 79871
866 820 571979
973 1727 347591
1638 1309 765210
1264 707 885180
1418 1749 505840
284 536 412800
492 302 172444
189 1334 936092
1438 1480 788648
230 1400 235735
976 201 575028
1195 333 86175
184 1307 681018
167 1433 793945
858 1421 225058
54 1729 62700
1153 1227 920999
363 227 858214
222 81 466684
284 822 988706
1326 208 226409
1256 1649 637916
1434 1128 860598
834 302 153261
1142 1646 261599
434 1353 90467
1647 746 693856
520 1848 847089
1432 1144 773312
65 1488 750863
1553 940 112605
496 681 949518
925 324 762659
597 963 963576
356 404 834371
1316 602 97321
415 1272 830485
673 1295 217615
780 1231 328411
819 1172 231127
1249 699 868663
291 1751 208503
1746 27 514963
985 670 291526
1004 1359 110704
1741 761 947419
49 926 310647
1205 990 565853
911 341 516533
1784 607 794146
1248 1069 154189
1821 1167 500684
119 1020 539884
614 1351 247172
1480 414 659868
1624 604 617516
277 333 95160
892 1280 36735
1741 1277 717596
1008 814 674960
544 1439 633493
1705 723 716488
1797 353 517654
744 498 800900
582 656 700779
1293 1700 952329
1377 1168 138803
1527 461 555803
1581 711 993959
857 1530 506355
849 102 294870
337 633 656230
1484 40 506934
88 721 211343
775 1770 336473
798 1793 511192
608 1060 265245
578 260 276063
692 1272 305173
790 664 743664
1261 431 184255
770 1633 818145
989 786 440025
1570 855 805338
1350 944 228182
320 1233 432562
1122 576 202239
1550 663 358114
1594 1183 545581
1434 702 363523
998 1295 232583
471 1339 879086
91 21 314739
936 1365 570902
1422 1494 427308
1428 1248 857602
857 1471 379374
972 809 2081
4 882 612460
861 463 276128
1361 1453 809849
451 35 467731
1339 1402 966706
922 78 177315
779 890 263360
1100 1522 974520
525 883 287283
934 251 920149
1696 1061 811566
1469 528 787755
887 962 815949
1480 276 358767
1109 212 54761
921 454 926907
297 1079 852564
535 866 285046
1811 1356 393662
96 548 700742
353 1376 752727
580 1655 144271
859 1147 713705
252 521 747751
1255 595 33309
900 778 919734
762 967 383444
1430 615 502972
683 653 346328
1675 977 315836
878 364 762099
378 902 284220
1514 961 997079
1842 470 534616
1569 810 250636
1314 201 866983
1630 748 841357
187 1735 10424
489 1425 899714
130 1424 480132
1185 1680 222333
0 1 155379
1 2 597235
2 3 894139
3 4 999686
4 5 148805
5 6 652302
6 7 548504
7 8 932560
8 9 141980
9 10 238206
10 11 419458
11 12 724944
12 13 206656
13 14 294080
14 15 144564
15 16 267976
16 17 150899
17 18 345901
18 19 814852
19 20 519033
20 21 826849
21 22 579221
22 23 158309
23 24 716965
24 25 274038
25 26 442757
26 27 379759
27 28 104427
28 29 195633
29 30 293034
30 31 213178
31 32 690032
32 33 152075
33 34 81334
34 35 890084
35 36 293280
36 37 933550
37 38 369104
38 39 581364
39 40 38970
40 41 161720
41 42 860951
42 43 532560
43 44 575832
44 45 617291
45 46 441764
46 47 954459
47 48 522339
48 49 582732
49 50 63729
50 51 792899
51 52 810459
52 53 637903
53 54 194907
54 55 371709
55 56 332206
56 57 423001
57 58 9538
58 59 654484
59 60 29293
60 61 941267
61 62 974065
62 63 326128
63 64 973587
64 65 549127
65 66 950449
66 67 422022
67 68 276448
68 69 161253
69 70 106214
70 71 268658
71 72 604082
72 73 656434
73 74 256331
74 75 869326
75 76 875866
76 77 28769
77 78 185572
78 79 403240
79 80 3642
80 81 967724
81 82 275896
82 83 951287
83 84 32220
84 85 718000
85 86 750549
86 87 965424
87 88 221908
88 89 783230
89 90 992233
90 91 438326
91 92 794373
92 93 378190
93 94 836598
94 95 490906
95 96 803513
96 97 639147
97 98 832493
98 99 704251
99 100 86957
100 101 289797
101 102 776046
102 103 118530
103 104 986872
104 105 280171
105 106 390229
106 107 528155
107 108 887251
108 109 395474
109 110 871100
110 111 590165
111 112 56282
112 113 664590
113 114 284366
114 115 268649
115 116 282023
116 117 998129
117 118 836972
118 119 298680
119 120 101705
120 121 404136
121 122 134089
122 123 766296
123 124 396983
124 125 431194
125 126 298000
126 127 329217
127 128 178833
128 129 364008
129 130 215688
130 131 197968
131 132 146785
132 133 266072
133 134 312817
134 135 543948
135 136 704033
136 137 240059
137 138 400242
138 139 359489
139 140 775669
140 141 542319
141 142 849517
142 143 883585
143 144 775191
144 145 582264
145 146 540992
146 147 359328
147 148 198279
148 149 77729
149 150 588505
150 151 985956
151 152 424520
152 153 971744
153 154 340532
154 155 597615
155 156 107846
156 157 889361
157 158 449898
158 159 80301
159 160 641734
160 161 195939
161 162 822537
162 163 190360
163 164 533526
164 165 903849
165 166 410350
166 167 773794
167 168 605931
168 169 752815
169 170 353862
170 171 539119
171 172 522137
172 173 98259
173 174 276406
174 175 10205
175 176 779774
176 177 118801
177 178 117778
178 179 568446
179 180 309034
180 181 358648
181 182 45097
182 183 374842
183 184 889219
184 185 513390
185 186 404829
186 187 85025
187 188 438294
188 189 413576
189 190 928604
190 191 249876
191 192 108623
192 193 535090
193 194 468741
194 195 484284
195 196 145114
196 197 177527
197 198 480049
198 199 907633
199 200 84670
200 201 506606
201 202 909955
202 203 853033
203 204 327250
204 205 44962
205 206 631307
206 207 72846
207 208 448800
208 209 665153
209 210 157213
210 211 479178
211 212 883673
212 213 76321
213 214 644474
214 215 709252
215 216 382748
216 217 16841
217 218 714195
218 219 599734
219 220 583372
220 221 717041
221 222 220484
222 223 735283
223 224 324521
224 225 545226
225 226 638946
226 227 572715
227 228 603108
228 229 848125
229 230 78290
230 231 446551
231 232 39657
232 233 318332
233 234 631047
234 235 978072
235 236 192685
236 237 876165
237 238 772467
238 239 993305
239 240 358742
240 241 933216
241 242 809218
242 243 977500
243 244 386523
244 245 841139
245 246 992390
246 247 819567
247 248 749107
248 249 643968
249 250 747057
250 251 633136
251 252 972906
252 253 261303
253 254 727536
254 255 816342
255 256 40014
256 257 446193
257 258 205023
258 259 271925
259 260 346379
260 261 17837
261 262 743157
262 263 599903
263 264 102391
264 265 107450
265 266 882641
266 267 21576
267 268 847925
268 269 562701
269 270 898262
270 271 969302
271 272 487500
272 273 262053
273 274 156590
274 275 190106
275 276 978477
276 277 230596
277 278 255364
278 279 14895
279 280 165085
280 281 12837
281 282 577871
282 283 393263
283 284 297988
284 285 403293
285 286 377770
286 287 393533
287 288 552885
288 289 676058
289 290 921337
290 291 999326
291 292 122634
292 293 289368
293 294 45885
294 295 423041
295 296 628122
296 297 754987
297 298 142992
298 299 446327
299 300 636301
300 301 947509
301 302 866267
302 303 914105
303 304 867776
304 305 512948
305 306 497160
306 307 358860
307 308 399577
308 309 629882
309 310 392874
310 311 781663
311 312 669048
312 313 261459
313 314 46937
314 315 705681
315 316 369107
316 317 311092
317 318 864955
318 319 54047
319 320 747892
320 321 630725
321 322 184299
322 323 502897
323 324 910734
324 325 266775
325 326 13277
326 327 774852
327 328 814272
328 329 425397
329 330 122492
330 331 237518
331 332 662114
332 333 90056
333 334 379051
334 335 349287
335 336 808094
336 337 769798
337 338 765144
338 339 764551
339 340 172729
340 341 199277
341 342 6980
342 343 893741
343 344 980312
344 345 546927
345 346 588985
346 347 781075
347 348 534042
348 349 27801
349 350 549342
350 351 854473
351 352 540451
352 353 240450
353 354 710035
354 355 744304
355 356 202315
356 357 883295
357 358 157357
358 359 522805
359 360 909437
360 361 874658
361 362 745393
362 363 674462
363 364 690092
364 365 427040
365 366 191019
366 367 932566
367 368 796795
368 369 657544
369 370 521321
370 371 715063
371 372 682689
372 373 49387
373 374 526243
374 375 167584
375 376 359506
376 377 892719
377 378 237027
378 379 918276
379 380 452253
380 381 605318
381 382 485338
382 383 596959
383 384 5680
384 385 102346
385 386 434655
386 387 161747
387 388 191440
388 389 596680
389 390 121196
390 391 335629
391 392 650865
392 393 915667
393 394 92158
394 395 500817
395 396 52020
396 397 161465
397 398 333759
398 399 257093
399 400 776072
400 401 334558
401 402 260977
402 403 893507
403 404 105571
404 405 984108
405 406 312503
406 407 638260
407 408 21005
408 409 566813
409 410 502505
410 411 450665
411 412 479194
412 413 126004
413 414 694799
414 415 533412
415 416 222000
416 417 968909
417 418 688683
418 419 4487
419 420 982897
420 421 192683
421 422 196455
422 423 10994
423 424 138261
424 425 626612
425 426 534804
426 427 49364
427 428 776094
428 429 510904
429 430 394462
430 431 17600
431 432 994326
432 433 252696
433 434 203950
434 435 632615
435 436 822825
436 437 356774
437 438 163970
438 439 68274
439 440 623357
440 441 74038
441 442 477928
442 443 38508
443 444 855084
444 445 87639
445 446 883514
446 447 112927
447 448 443136
448 449 760358
449 450 12664
450 451 774627
451 452 98072
452 453 184316
453 454 724908
454 455 766865
455 456 141290
456 457 998557
457 458 982362
458 459 78958
459 460 396008
460 461 273285
461 462 387692
462 463 877665
463 464 492767
464 465 600804
465 466 310550
466 467 884179
467 468 315144
468 469 611604
469 470 475081
470 471 822299
471 472 57363
472 473 971099
473 474 704827
474 475 750263
475 476 452104
476 477 448503
477 478 807857
478 479 162971
479 480 15213
480 481 676033
481 482 221339
482 483 308922
483 484 186700
484 485 695655
485 486 105772
486 487 930183
487 488 76434
488 489 522531
489 490 405435
490 491 536120
491 492 341568
492 493 726455
493 494 603856
494 495 843673
495 496 874752
496 497 291533
497 498 563041
498 499 487752
499 500 502026
500 501 266954
501 502 16612
502 503 603588
503 504 131099
504 505 237133
505 506 171702
506 507 179977
507 508 401343
508 509 607496
509 510 609588
510 511 385351
511 512 958932
512 513 510034
513 514 82396
514 515 574927
515 516 852454
516 517 752211
517 518 926184
518 519 673761
519 520 479711
520 521 759394
521 522 178926
522 523 159967
523 524 616026
524 525 115656
525 526 607994
526 527 404274
527 528 504660
528 529 671830
529 530 469893
530 531 942231
531 532 245625
532 533 35472
533 534 617379
534 535 631871
535 536 558227
536 537 265621
537 538 891824
538 539 187614
539 540 976387
540 541 593953
541 542 693312
542 543 860133
543 544 807137
544 545 975675
545 546 271561
546 547 704651
547 548 906892
548 549 559689
549 550 896715
550 551 15524
551 552 8628
552 553 58094
553 554 299065
554 555 298369
555 556 879417
556 557 896559
557 558 952884
558 559 161035
559 560 2597
560 561 546980
561 562 88148
562 563 951229
563 564 32006
564 565 508084
565 566 661577
566 567 692303
567 568 941653
568 569 262423
569 570 497594
570 571 28396
571 572 308510
572 573 425860
573 574 36377
574 575 289338
575 576 917099
576 577 478369
577 578 216585
578 579 356315
579 580 455213
580 581 255617
581 582 106217
582 583 857358
583 584 267157
584 585 129929
585 586 283812
586 587 383480
588 589 209747
589 590 685050
590 591 144377
591 592 334219
592 593 52647
593 594 8312
594 595 291989
595 596 139035
596 597 120147
597 598 528185
598 599 263496
599 600 997099
600 601 492824
601 602 415730
602 603 527323
603 604 778208
604 605 384203
605 606 154869
606 607 701585
607 608 346115
608 609 520290
609 610 930520
610 611 813451
611 612 352404
612 613 775063
613 614 670731
614 615 170355
615 616 323946
616 617 890009
617 618 966649
618 619 627878
619 620 874087
620 621 870828
621 622 132428
622 623 880468
623 624 74382
624 625 899770
625 626 225117
626 627 65192
627 628 59474
628 629 698262
629 630 216292
630 631 255497
631 632 13252
632 633 273321
633 634 216453
634 635 585170
635 636 763402
636 637 106139
637 638 865581
638 639 209124
639 640 849455
640 641 259243
641 642 774703
642 643 950671
643 644 740545
644 645 757954
645 646 547787
646 647 853973
647 648 797204
648 649 481886
649 650 780996
650 651 543460
651 652 180096
652 653 909006
653 654 365475
654 655 239555
655 656 34375
656 657 274920
657 658 875681
658 659 120195
659 660 242596
660 661 750943
661 662 285246
662 663 344309
663 664 559898
664 665 60281
665 666 993233
666 667 354738
667 668 705651
668 669 910935
669 670 127219
670 671 518642
671 672 963122
672 673 391291
673 674 784640
674 675 673948
675 676 432788
676 677 860534
677 678 979072
678 679 390812
679 680 450970
680 681 195412
681 682 753362
682 683 729824
683 684 466974
684 685 550718
685 686 494949
686 687 954783
687 688 421967
688 689 787629
689 690 477014
690 691 175076
691 692 568862
692 693 760096
693 694 272112
694 695 148321
695 696 71465
696 697 441246
697 698 670533
698 699 361373
699 700 287317
700 701 458497
701 702 202773
702 703 224633
703 704 357143
704 705 659670
705 706 651982
706 707 13714
707 708 791915
708 709 271755
709 710 206747
710 711 760614
711 712 716218
712 713 408717
713 714 24391
714 715 807724
715 716 286379
716 717 612824
717 718 867157
718 719 216874
719 720 934745
720 721 926995
721 722 666154
722 723 382693
723 724 487539
724 725 740363
725 726 800783
726 727 183342
727 728 187891
728 729 669985
729 730 726844
730 731 241727
731 732 681267
732 733 680430
733 734 457907
734 735 774781
735 736 937134
736 737 475344
737 738 164038
738 739 174427
739 740 219863
740 741 28999
741 742 484763
742 743 335479
743 744 827895
744 745 716145
745 746 418644
746 747 441794
747 748 970108
748 749 978472
749 750 183779
750 751 460588
751 752 925480
752 753 979238
753 754 678327
754 755 668067
755 756 776088
756 757 536901
757 758 120026
758 759 317089
759 760 244442
760 761 671606
761 762 650550
762 763 38137
763 764 340336
764 765 649764
765 766 134914
766 767 186766
767 768 151672
768 769 970850
769 770 537420
770 771 726174
771 772 447448
772 773 754577
773 774 371951
774 775 89785
775 776 487206
776 777 7266
777 778 203901
778 779 114888
779 780 617892
780 781 576774
781 782 127624
782 783 855113
783 784 299873
784 785 406663
785 786 519511
786 787 524753
787 788 553351
788 789 857424
789 790 673711
790 791 4985
791 792 133115
792 793 357133
793 794 364032
794 795 272046
795 796 429534
796 797 719176
797 798 64200
798 799 529246
799 800 254498
800 801 603714
801 802 480417
802 803 357748
803 804 776813
804 805 649407
805 806 714770
806 807 477105
807 808 795150
808 809 295814
809 810 597453
810 811 149886
811 812 896789
812 813 141757
813 814 978105
814 815 145049
815 816 335184
816 817 716648
817 818 176162
818 819 386861
819 820 753312
820 821 567206
821 822 547230
822 823 647907
823 824 375295
824 825 916958
825 826 693694
826 827 657191
827 828 196671
828 829 32370
829 830 837065
830 831 466390
831 832 133358
832 833 46563
833 834 194858
834 835 68420
835 836 663597
836 837 571696
837 838 571904
838 839 806498
839 840 67586
840 841 531884
841 842 905890
842 843 982566
843 844 688060
844 845 268212
845 846 99192
846 847 102618
847 848 318960
848 849 160538
849 850 910253
850 851 409563
851 852 639877
852 853 204564
853 854 966858
854 855 673779
855 856 207861
856 857 157692
857 858 13051
858 859 233044
859 860 597209
860 861 870954
861 862 283660
862 863 354229
863 864 795118
864 865 505843
865 866 906924
866 867 691313
867 868 859581
868 869 555879
869 870 197951
870 871 169472
871 872 390181
872 873 253244
873 874 701864
874 875 971444
875 876 948895
876 877 637730
877 878 257632
878 879 112191
879 880 804307
880 881 87629
881 882 537723
882 883 768527
883 884 69311
884 885 636356
885 886 211183
886 887 353945
887 888 457636
888 889 759014
889 890 373679
890 891 598401
891 892 453951
892 893 639666
893 894 721322
894 895 913117
895 896 45549
896 897 769370
897 898 5137
898 899 323990
899 900 279028
900 901 906930
901 902 635132
902 903 64622
903 904 942700
904 905 353645
905 906 545127
906 907 882862
907 908 127964
908 909 906242
909 910 423808
910 911 402391
911 912 17724
912 913 38325
913 914 570729
914 915 276993
915 916 125235
916 917 500437
917 918 325588
918 919 270682
919 920 108897
920 921 227389
921 922 435849
922 923 657360
923 924 20080
924 925 162944
925 926 893650
926 927 155422
927 928 187641
928 929 846314
929 930 211407
930 931 77914
931 932 674879
932 933 247314
933 934 641963
934 935 335846
935 936 300730
936 937 979964
937 938 839250
938 939 36082
939 940 22563
940 941 324029
941 942 468026
942 943 828205
943 944 602586
944 945 849946
945 946 761988
946 947 924435
947 948 226050
948 949 205242
949 950 464967
950 951 564063
951 952 967865
952 953 663550
953 954 5675
954 955 173574
955 956 487600
956 957 767832
957 958 123635
958 959 508695
959 960 241411
960 961 132084
961 962 683687
962 963 419291
963 964 709274
964 965 119558
965 966 264339
966 967 425868
967 968 795315
968 969 253055
969 970 708011
970 971 269160
971 972 733725
972 973 500028
973 974 349988
974 975 253525
975 976 801436
976 977 29657
977 978 264775
978 979 506762
979 980 566788
980 981 606216
981 982 998690
982 983 911939
983 984 774936
984 985 315057
985 986 330240
986 987 832003
987 988 478967
988 989 404094
989 990 492579
990 991 632274
991 992 465327
992 993 353277
993 994 519687
994 995 981980
995 996 652867
996 997 308401
997 998 219384
998 999 189194
999 1000 405562
1000 1001 329659
1001 1002 206504
1002 1003 526897
1003 1004 561157
1004 1005 81353
1005 1006 426598
1006 1007 323680
1007 1008 711231
1008 1009 812977
1009 1010 300468
1010 1011 184706
1011 1012 430374
1012 1013 229763
1013 1014 866279
1014 1015 412240
1015 1016 641228
1016 1017 775912
1017 1018 934985
1018 1019 724537
1019 1020 28345
1020 1021 547618
1021 1022 290567
1022 1023 916267
1023 1024 604677
1024 1025 481281
1025 1026 890822
1026 1027 187612
1027 1028 372852
1028 1029 126882
1029 1030 820840
1030 1031 37467
1031 1032 345540
1032 1033 561227
1033 1034 298938
1034 1035 566575
1035 1036 612145
1036 1037 291469
1037 1038 837850
1038 1039 770851
1039 1040 120761
1040 1041 924392
1041 1042 742110
1042 1043 410656
1043 1044 710786
1044 1045 976420
1045 1046 605081
1046 1047 163218
1047 1048 672030
1048 1049 287951
1049 1050 429925
1050 1051 506367
1051 1052 564203
1052 1053 611637
1053 1054 60178
1054 1055 321321
1055 1056 78686
1056 1057 62258
1057 1058 497689
1058 1059 214212
1059 1060 261167
1060 1061 641493
1061 1062 499748
1062 1063 515011
1063 1064 518816
1064 1065 855350
1065 1066 503934
1066 1067 332305
1067 1068 893385
1068 1069 744515
1069 1070 288785
1070 1071 442981
1071 1072 436526
1072 1073 434799
1073 1074 513675
1074 1075 834401
1075 1076 952135
1076 1077 604923
1077 1078 54621
1078 1079 991204
1079 1080 977828
1080 1081 305870
1081 1082 863423
1082 1083 745312
1083 1084 359277
1084 1085 537002
1085 1086 320535
1086 1087 915388
1087 1088 944641
1088 1089 773245
1089 1090 319246
1090 1091 245741
1091 1092 540889
1092 1093 839088
1093 1094 614451
1094 1095 36501
1095 1096 620634
1096 1097 780464
1097 1098 251850
1098 1099 966446
1099 1100 509080
1100 1101 770188
1101 1102 498528
1102 1103 350261
1103 1104 110337
1104 1105 714233
1105 1106 739732
1106 1107 973969
1107 1108 946270
1108 1109 4068
1109 1110 747891
1110 1111 906424
1111 1112 145059
1112 1113 659656
1113 1114 952452
1114 1115 806284
1115 1116 337149
1116 1117 495623
1117 1118 185885
1118 1119 630605
1119 1120 35271
1120 1121 799026
1121 1122 159669
1122 1123 464673
1123 1124 752460
1124 1125 580571
1125 1126 942592
1126 1127 398389
1127 1128 18772
1128 1129 859316
1129 1130 311000
1130 1131 402501
1131 1132 92112
1132 1133 340447
1133 1134 762443
1134 1135 368164
1135 1136 625718
1136 1137 988402
1137 1138 688907
1138 1139 304479
1139 1140 863279
1140 1141 781838
1141 1142 974848
1142 1143 399947
1143 1144 253073
1144 1145 17273
1145 1146 732004
1146 1147 645803
1147 1148 783492
1148 1149 801692
1149 1150 839952
1150 1151 612925
1151 1152 998263
1152 1153 133747
1153 1154 155952
1154 1155 730098
1155 1156 923592
1156 1157 518808
1157 1158 254102
1158 1159 203325
1159 1160 599803
1160 1161 441290
1161 1162 461526
1162 1163 82057
1163 1164 814517
1164 1165 319516
1165 1166 740703
1166 1167 560335
1167 1168 888208
1168 1169 596518
1169 1170 979179
1170 1171 336351
1171 1172 150086
1172 1173 390961
1173 1174 820570
1174 1175 752373
1175 1176 250214
1176 1177 954936
1177 1178 373174
1178 1179 862374
1179 1180 850267
1180 1181 946654
1181 1182 487734
1182 1183 810566
1183 1184 736944
1184 1185 997403
1185 1186 478493
1186 1187 399587
1187 1188 962955
1188 1189 353233
1189 1190 159147
1190 1191 488538
1191 1192 735675
1192 1193 843915
1193 1194 742505
1194 1195 976981
1195 1196 126589
1196 1197 205568
1197 1198 510002
1198 1199 18039
1199 1200 718013
1200 1201 28364
1201 1202 917585
1202 1203 83337
1203 1204 661994
1204 1205 20609
1205 1206 243920
1206 1207 25032
1207 1208 802803
1208 1209 416160
1209 1210 354044
1210 1211 740425
1211 1212 878344
1212 1213 422573
1213 1214 241969
1214 1215 233228
1215 1216 803411
1216 1217 65648
1217 1218 488107
1218 1219 468656
1219 1220 764584
1220 1221 851681
1221 1222 995301
1222 1223 733444
1223 1224 365939
1224 1225 847764
1225 1226 809033
1226 1227 235335
1227 1228 748009
1228 1229 821325
1229 1230 538149
1230 1231 23680
1231 1232 294575
1232 1233 283237
1233 1234 39258
1234 1235 871144
1235 1236 284477
1236 1237 161177
1237 1238 154763
1238 1239 374724
1239 1240 503862
1240 1241 24688
1241 1242 49973
1242 1243 320044
1243 1244 325618
1244 1245 947272
1245 1246 71745
1246 1247 588779
1247 1248 919274
1248 1249 113681
1249 1250 268580
1250 1251 86789
1251 1252 917699
1252 1253 626093
1253 1254 448764
1254 1255 668509
1255 1256 804608
1256 1257 387489
1257 1258 137403
1258 1259 469021
1259 1260 144128
1260 1261 250797
1261 1262 775148
1262 1263 742941
1263 1264 635401
1264 1265 423273
1265 1266 372515
1266 1267 223517
1267 1268 418330
1268 1269 519461
1269 1270 841956
1270 1271 721047
1271 1272 361434
1272 1273 597595
1273 1274 835185
1274 1275 217816
1275 1276 743932
1276 1277 209498
1277 1278 331371
1278 1279 932167
1279 1280 967093
1280 1281 521497
1281 1282 989456
1282 1283 965309
1283 1284 731593
1284 1285 191394
1285 1286 388057
1286 1287 436888
1287 1288 106737
1288 1289 360092
1289 1290 505411
1290 1291 326284
1291 1292 262471
1292 1293 794164
1293 1294 536943
1294 1295 772680
1295 1296 684564
1296 1297 405815
1297 1298 231705
1298 1299 528597
1299 1300 660484
1300 1301 172843
1301 1302 247977
1302 1303 68898
1303 1304 72334
1304 1305 286587
1305 1306 325020
1306 1307 697110
1307 1308 54349
1308 1309 834352
1309 1310 516196
1310 1311 859033
1311 1312 176991
1312 1313 677883
1313 1314 550517
1314 1315 769276
1315 1316 749412
1316 1317 105311
1317 1318 308604
1318 1319 531289
1319 1320 577947
1320 1321 471627
1321 1322 834925
1322 1323 571630
1323 1324 297533
1324 1325 388477
1325 1326 248636
1326 1327 761331
1327 1328 507299
1328 1329 945446
1329 1330 448619
1330 1331 917817
1331 1332 841800
1332 1333 326333
1333 1334 851014
1334 1335 685867
1335 1336 569350
1336 1337 824872
1337 1338 39475
1338 1339 861147
1339 1340 72684
1340 1341 496241
1341 1342 704283
1342 1343 221368
1343 1344 982469
1344 1345 540071
1345 1346 455586
1346 1347 955667
1347 1348 318388
1348 1349 354300
1349 1350 427092
1350 1351 206301
1351 1352 240368
1352 1353 581136
1353 1354 613063
1354 1355 385610
1355 1356 868762
1356 1357 888968
1357 1358 442527
1358 1359 869219
1359 1360 60423
1360 1361 40881
1361 1362 965284
1362 1363 248369
1363 1364 126908
1364 1365 953611
1365 1366 223139
1366 1367 344221
1367 1368 325425
1368 1369 686202
1369 1370 379780
1370 1371 150215
1371 1372 684851
1372 1373 87887
1373 1374 892014
1374 1375 666420
1375 1376 374944
1376 1377 473710
1377 1378 814686
1378 1379 773465
1379 1380 944308
1380 1381 521976
1381 1382 182770
1382 1383 510129
1383 1384 82149
1384 1385 477291
1385 1386 17268
1386 1387 772216
1387 1388 556054
1388 1389 920610
1389 1390 975880
1390 1391 875499
1391 1392 610608
1392 1393 371051
1393 1394 47772
1394 1395 956224
1395 1396 216517
1396 1397 811215
1397 1398 546323
1398 1399 135855
1399 1400 111472
1400 1401 886276
1401 1402 584792
1402 1403 334787
1403 1404 326133
1404 1405 55351
1405 1406 164704
1406 1407 362365
1407 1408 164284
1408 1409 986289
1409 1410 961977
1410 1411 168282
1411 1412 531563
1412 1413 868708
1413 1414 512185
1414 1415 345421
1415 1416 25964
1416 1417 734484
1417 1418 859955
1418 1419 649450
1419 1420 707822
1420 1421 687018
1421 1422 359327
1422 1423 199857
1423 1424 670588
1424 1425 969524
1425 1426 26322
1426 1427 116616
1427 1428 616225
1428 1429 160895
1429 1430 616816
1430 1431 423636
1431 1432 917670
1432 1433 546959
1433 1434 738686
1434 1435 223662
1435 1436 264800
1436 1437 804915
1437 1438 5930
1438 1439 897796
1439 1440 108299
1440 1441 648395
1441 1442 624290
1442 1443 836913
1443 1444 978841
1444 1445 825373
1445 1446 88448
1446 1447 971190
1447 1448 42809
1448 1449 637096
1449 1450 433306
1450 1451 672258
1451 1452 856279
1452 1453 658968
1453 1454 496617
1454 1455 796190
1455 1456 23467
1456 1457 235683
1457 1458 789894
1458 1459 138118
1459 1460 524482
1460 1461 774987
1461 1462 578469
1462 1463 135586
1463 1464 326220
1464 1465 337474
1465 1466 683990
1466 1467 280555
1467 1468 175255
1468 1469 8745
1469 1470 306961
1470 1471 49944
1471 1472 313666
1472 1473 591523
1473 1474 641277
1474 1475 847876
1475 1476 753559
1476 1477 830167
1477 1478 718344
1478 1479 478899
1479 1480 942049
1480 1481 47779
1481 1482 970803
1482 1483 828652
1483 1484 134483
1484 1485 227124
1485 1486 180055
1486 1487 834942
1487 1488 53520
1488 1489 508891
1489 1490 374339
1490 1491 824576
1491 1492 307181
1492 1493 671276
1493 1494 651616
1494 1495 861699
1495 1496 38453
1496 1497 912547
1497 1498 378860
1498 1499 907246
1499 1500 14808
1500 1501 238305
1501 1502 821526
1502 1503 655320
1503 1504 367848
1504 1505 993115
1505 1506 646289
1506 1507 282854
1507 1508 324315
1508 1509 18115
1509 1510 259966
1510 1511 160475
1511 1512 415898
1512 1513 309036
1513 1514 381798
1514 1515 939649
1515 1516 942802
1516 1517 427894
1517 1518 264548
1518 1519 407925
1519 1520 840499
1520 1521 99233
1521 1522 486411
1522 1523 63165
1523 1524 890591
1524 1525 956947
1525 1526 400652
1526 1527 273010
1527 1528 767210
1528 1529 510719
1529 1530 628874
1530 1531 596228
1531 1532 213462
1532 1533 5857
1533 1534 782868
1534 1535 390949
1535 1536 748547
1536 1537 807613
1537 1538 928872
1538 1539 491695
1539 1540 558366
1540 1541 562637
1541 1542 878779
1542 1543 618075
1543 1544 375766
1544 1545 777023
1545 1546 11604
1546 1547 677109
1547 1548 688681
1548 1549 615651
1549 1550 824589
1550 1551 161665
1551 1552 177520
1552 1553 629014
1553 1554 13206
1554 1555 299021
1555 1556 597738
1556 1557 341351
1557 1558 306638
1558 1559 806073
1559 1560 477125
1560 1561 108373
1561 1562 584535
1562 1563 205454
1563 1564 964096
1564 1565 863416
1565 1566 238213
1566 1567 547652
1567 1568 871196
1568 1569 844207
1569 1570 221160
1570 1571 736509
1571 1572 807291
1572 1573 130842
1573 1574 400637
1574 1575 18667
1575 1576 5446
1576 1577 279017
1577 1578 86682
1578 1579 28769
1579 1580 196353
1580 1581 470896
1581 1582 438302
1582 1583 796476
1583 1584 646734
1584 1585 866884
1585 1586 694307
1586 1587 5904
1587 1588 764755
1588 1589 750836
1589 1590 869294
1590 1591 949627
1591 1592 835974
1592 1593 625772
1593 1594 776442
1594 1595 91232
1595 1596 726847
1596 1597 611984
1597 1598 168732
1598 1599 577354
1599 1600 304589
1600 1601 911843
1601 1602 772574
1602 1603 737248
1603 1604 845025
1604 1605 150696
1605 1606 748733
1606 1607 594492
1607 1608 115292
1608 1609 375273
1609 1610 707749
1610 1611 937923
1611 1612 917183
1612 1613 321843
1613 1614 978740
1614 1615 158826
1615 1616 477389
1616 1617 661134
1617 1618 375782
1618 1619 105825
1619 1620 727775
1620 1621 632336
1621 1622 861309
1622 1623 486838
1623 1624 22226
1624 1625 956427
1625 1626 607488
1626 1627 143272
1627 1628 133594
1628 1629 364400
1629 1630 311225
1630 1631 407535
1631 1632 177182
1632 1633 437399
1633 1634 927100
1634 1635 672009
1635 1636 26868
1636 1637 895101
1637 1638 551680
1638 1639 915705
1639 1640 342020
1640 1641 200860
1641 1642 5544
1642 1643 778768
1643 1644 606752
1644 1645 833082
1645 1646 544778
1646 1647 528096
1647 1648 114096
1648 1649 544983
1649 1650 913045
1650 1651 726360
1651 1652 139880
1652 1653 921315
1653 1654 119306
1654 1655 399522
1655 1656 612533
1656 1657 988893
1657 1658 851230
1658 1659 850467
1659 1660 15521
1660 1661 624828
1661 1662 667411
1662 1663 31517
1663 1664 69067
1664 1665 349031
1665 1666 742782
1666 1667 553682
1667 1668 822014
1668 1669 532231
1669 1670 772355
1670 1671 728346
1671 1672 762231
1672 1673 410955
1673 1674 233151
1674 1675 486456
1675 1676 407121
1676 1677 116289
1677 1678 524081
1678 1679 152413
1679 1680 92101
1680 1681 593141
1681 1682 439494
1682 1683 302356
1683 1684 21243
1684 1685 289822
1685 1686 426137
1686 1687 501544
1687 1688 442291
1688 1689 198699
1689 1690 720949
1690 1691 428794
1691 1692 254933
1692 1693 561460
1693 1694 787791
1694 1695 676737
1695 1696 626768
1696 1697 944856
1697 1698 71268
1698 1699 110477
1699 1700 396532
1700 1701 253678
1701 1702 663317
1702 1703 785072
1703 1704 602991
1704 1705 756971
1705 1706 32716
1706 1707 899364
1707 1708 780499
1708 1709 28584
1709 1710 102185
1710 1711 63724
1711 1712 578197
1712 1713 473680
1713 1714 168483
1714 1715 891384
1715 1716 18613
1716 1717 303842
1717 1718 7600
1718 1719 15604
1719 1720 71588
1720 1721 588343
1721 1722 148215
1722 1723 318025
1723 1724 983454
1724 1725 681429
1725 1726 941106
1726 1727 687102
1727 1728 945103
1728 1729 71322
1729 1730 77445
1730 1731 159484
1731 1732 878966
1732 1733 210288
1733 1734 976004
1734 1735 553693
1735 1736 748733
1736 1737 175116
1737 1738 839284
1738 1739 872709
1739 1740 693032
1740 1741 518623
1741 1742 410849
1742 1743 601860
1743 1744 203602
1744 1745 328944
1745 1746 54506
1746 1747 991825
1747 1748 581483
1748 1749 366652
1749 1750 922524
1750 1751 634130
1751 1752 784121
1752 1753 913354
1753 1754 94319
1754 1755 515292
1755 1756 348490
1756 1757 835372
1757 1758 276262
1758 1759 612752
1759 1760 842214
1760 1761 554567
1761 1762 244798
1762 1763 48480
1763 1764 785372
1764 1765 817901
1765 1766 935593
1766 1767 968136
1767 1768 239500
1768 1769 309355
1769 1770 568255
1770 1771 33430
1771 1772 596080
1772 1773 313269
1773 1774 427039
1774 1775 282965
1775 1776 700124
1776 1777 828999
1777 1778 729392
1778 1779 856926
1779 1780 78589
1780 1781 585519
1781 1782 39799
1782 1783 319767
1783 1784 667810
1784 1785 520464
1785 1786 837851
1786 1787 147617
1787 1788 524265
1788 1789 117868
1789 1790 772091
1790 1791 711131
1791 1792 291939
1792 1793 761746
1793 1794 238392
1794 1795 823289
1795 1796 586103
1796 1797 557918
1797 1798 597424
1798 1799 59
1799 1800 902579
1800 1801 596991
1801 1802 689636
1802 1803 823489
1803 1804 253324
1804 1805 299337
1805 1806 979552
1806 1807 700345
1807 1808 926640
1808 1809 537533
1809 1810 251245
1810 1811 49151
1811 1812 536236
1812 1813 431126
1813 1814 644652
1814 1815 443981
1815 1816 180866
1816 1817 414879
1817 1818 158143
1818 1819 2406
1819 1820 80952
1820 1821 101579
1821 1822 414477
1822 1823 68190
1823 1824 788663
1824 1825 237736
1825 1826 362816
1826 1827 206895
1827 1828 800801
1828 1829 709092
1829 1830 20510
1830 1831 379309
1831 1832 884574
1832 1833 429908
1833 1834 701623
1834 1835 823168
1835 1836 931828
1836 1837 219754
1837 1838 918764
1838 1839 657470
1839 1840 379513
1840 1841 534892
1841 1842 567072
1842 1843 506163
1843 1844 503036
1844 1845 220488
1845 1846 172018
1846 1847 399092
1847 1848 378988
