5113 5914
1827 792 943945
812 2768 304729
4845 849 148248
252 4177 513815
2178 4718 111248
3770 2249 512439
2773 845 708813
3659 3691 329923
4645 4271 512877
3241 5021 184417
4815 4805 452536
2684 3079 388609
4221 3064 301338
2744 501 435860
3806 3212 369818
3064 1693 749039
1317 580 419696
3873 4673 957737
4482 5014 920140
3028 3221 684041
3845 979 358335
4890 3618 350855
4589 903 416492
1308 3086 638217
1190 1482 321968
3083 4333 772524
4653 77 331499
4356 3206 271751
1626 3051 147610
4538 165 498242
382 2611 409611
4262 2212 557195
274 4128 736337
544 2115 363939
4264 1469 87276
1603 4446 893333
4301 1644 524740
5013 4263 526129
3255 2258 257153
3450 1175 661606
3140 2277 791592
2372 4942 82870
1924 2920 882749
2303 3595 448569
1845 4210 317896
218 77 253129
1891 3330 32051
1472 85 724130
5090 2353 668910
2252 4075 580895
3677 4233 802367
2777 969 551207
81 842 453557
136 331 571399
2692 2988 589557
3545 3239 156870
3705 4901 50039
139 4198 377307
2676 145 16795
3788 3251 522764
2175 330 379033
4729 4877 738490
539 3570 406184
1429 3482 212993
4936 1941 775195
3467 2997 542437
3329 2378 30033
4868 4398 877487
3002 3982 465258
4564 4129 149276
2250 162 708913
102 2673 179982
2653 2731 857411
2579 1516 284840
4124 2624 139587
414 478 582553
4781 3443 12576
3694 1759 464505
4314 2634 223660
4239 338 226478
3828 4045 692398
3568 3073 668922
1687 1564 623459
3110 713 611795
1871 4478 411109
4447 2093 743955
3957 2038 63071
925 4100 801695
1500 1736 696528
2843 1747 157896
3291 1894 886178
2007 130 93843
3672 768 222949
918 2157 908694
4874 3792 549487
1430 883 274290
1640 783 699750
1888 887 523379
4896 1835 657733
1632 914 605094
4960 4794 966574
2109 2956 34206
647 4061 626552
676 3287 469415
1020 3447 801026
362 2843 939228
2963 493 417864
3901 3523 751303
2673 607 706113
3139 3768 234715
1902 2731 180663
4410 918 380738
4899 1242 813769
3361 1336 422165
15 3730 485752
1852 2665 70002
5058 105 57171
2943 544 284525
920 3309 740692
455 3439 17393
2210 2531 962657
2026 3709 100609
4592 3016 185268
1633 3234 883868
973 336 870622
3241 1345 149340
3301 3198 858094
2510 4282 79434
4861 4233 816149
2149 2303 451712
453 2631 730565
3170 4630 549561
1156 1139 980519
1098 3542 759486
3323 175 314504
1943 2622 612634
4823 3538 375268
142 2401 106441
336 1808 237277
2009 255 24718
4453 1846 597742
4000 1563 491031
3412 4759 745047
3041 117 736442
2201 1976 783418
273 2255 167493
4553 2082 816470
1884 4217 256133
4681 1880 759099
1642 4891 951575
2051 1515 554754
619 3973 983279
696 2915 235326
2288 2962 557446
200 2335 521434
3751 1640 200447
128 4652 978002
4909 3133 779225
2318 589 644974
1252 554 962665
4016 1240 121658
3729 3829 824553
3491 1192 330477
4272 679 361995
72 4552 394254
2060 1278 822046
2137 2048 326826
3572 691 417420
4466 4226 463087
1351 638 339708
49 185 483207
4884 2187 156678
3005 4102 329693
3009 3729 267024
3628 941 888279
2031 3296 336795
1294 290 556675
602 4592 449044
2050 4669 745442
854 2872 9738
2301 4946 151238
258 1636 104037
1822 1074 944090
1117 1529 39724
1332 1526 389587
4577 4861 942005
2543 1154 594795
1229 2401 270106
1158 2792 324995
4456 10 874030
1434 4768 995927
4563 1322 471555
829 4187 680267
1544 3477 767600
2317 3159 707373
2324 3104 935282
1224 115 366280
4498 2340 946673
3420 1044 874791
1772 1258 360037
4036 3610 619927
495 2486 337141
2220 2849 934750
2986 2746 908664
1768 4117 646702
205 4556 853180
695 2192 711947
1796 4100 279209
2550 3155 786049
1444 1333 228439
3336 266 814273
2255 1954 627769
2224 366 139265
1440 2744 82794
1908 3374 298625
2557 3827 971726
3203 3755 69436
3332 392 235555
3221 3161 206114
1427 2482 441332
198 1208 719951
73 820 446781
3638 3689 832467
1366 1732 421975
1712 2921 431301
727 3196 699947
4663 711 460466
585 4483 795419
1382 76 940282
165 1188 207032
3171 3737 638994
3390 1912 612575
1026 163 530551
3439 3954 335406
1221 1764 713246
2205 428 247616
1185 3970 638271
726 2785 386079
2403 1898 974234
3335 4870 384500
2157 4320 926674
4370 314 850676
5089 4667 96950
3725 394 327908
1370 897 633566
815 4373 940523
168 4826 384791
4021 139 83212
4676 3709 286356
1700 4803 273842
2979 1607 556642
2542 1725 77831
1399 4736 240074
1772 1451 135386
1866 2572 720219
3762 1668 348717
2192 1372 8571
264 2861 7806
560 515 349915
2339 99 426878
2733 1494 240995
1725 2327 767812
1571 78 254615
101 1495 537721
2425 2806 128433
3090 4054 188131
1752 1541 624120
2618 2840 904743
2114 3311 515935
432 4146 311648
2849 4252 443828
3499 1116 359666
4828 3389 703444
3264 1111 389711
4933 3711 945276
4760 914 895204
4212 4429 809021
1621 199 54548
2051 3989 748420
959 1388 912585
1382 980 7985
1950 1989 481278
3193 2921 255560
838 3794 915646
1490 1769 312723
2416 4196 17916
1204 4323 674475
2103 351 686447
4242 3423 396338
4435 1963 541902
2521 3461 896349
2399 2114 153614
3335 1468 212894
2493 1228 916368
15 552 306981
632 697 83373
1243 147 275380
2370 3262 665543
4688 1297 851520
2987 2134 732245
2018 3989 681761
115 4567 42849
1511 144 155510
694 3531 926528
1095 784 661086
3740 751 441227
5006 3515 349413
4715 5002 154208
1495 2035 541531
159 326 29622
2607 1926 875330
4838 2656 767156
81 529 242738
1708 3888 141684
4465 3725 505902
3846 2473 791732
4490 3210 86701
4487 1292 647978
2259 764 18100
1551 4053 882113
3725 2902 376752
4481 4656 486264
4013 2590 787895
3994 1107 998460
3140 1616 998273
31 4722 73975
3555 2605 380907
4947 4679 251507
1412 3223 478284
334 953 288139
4938 3147 637287
1367 2321 283856
3685 4670 432115
1710 2566 705363
4091 18 844392
190 3286 472886
4360 3286 624177
2851 4940 956712
5047 3975 366158
2202 2148 659454
2144 916 888018
2375 4327 620113
3224 2688 524701
4823 3031 55610
4781 688 261347
4142 3154 334185
3248 1619 68090
1802 991 151124
2690 2273 186163
4559 672 750799
3083 2967 457010
2952 2464 903406
420 4576 52682
2882 4795 490543
3720 2037 298500
893 4926 984436
847 820 754269
195 1569 114267
4417 2087 265044
2822 2762 397888
3910 3964 970616
4738 3592 809791
3920 2994 337411
3752 1118 695654
481 1009 489057
1127 2906 181205
1373 3208 773898
2230 2051 790078
2579 4107 608258
530 3886 939630
785 235 50864
685 270 328730
4516 463 726221
120 4648 626369
3560 4452 917056
3418 381 332023
3460 2121 842318
4299 2615 958291
3992 4179 141460
4782 1852 367217
325 4153 273883
1443 1724 346398
2923 2598 210353
1037 1377 402222
3391 4581 516313
3314 2360 465009
4287 4475 637422
4128 4850 192509
2932 679 504921
4511 2005 53711
3575 3101 197010
4594 790 851281
4455 4289 273838
3394 2949 102984
2431 3778 795397
3806 3419 534756
65 2335 248093
260 3974 425056
4160 3498 678685
3456 3584 268373
4289 502 680968
2738 1773 780495
1488 4493 593445
3389 422 573553
1520 4178 689215
3109 736 109705
2012 1525 297234
1915 2859 375205
4213 430 153746
4448 4511 907018
3151 1273 917497
4561 3864 609234
202 4688 117244
2872 3029 739777
4806 2590 920238
4547 3857 431102
396 3551 191794
3068 3970 37474
3845 3055 386760
4317 578 30997
3337 2243 834066
94 2687 194435
2310 2221 871944
3628 4688 563986
2469 4175 501435
82 3199 98322
2792 3030 835533
721 3094 259571
1217 1171 288746
4243 4567 698361
4244 3821 393403
480 4118 832605
1622 2665 485633
4365 572 155232
4994 4440 102283
4707 4964 90909
3173 2036 892047
270 771 798083
4390 5047 823677
1403 1796 601985
186 3307 483956
4345 4676 893108
4509 2296 552002
785 292 507507
3669 1837 580589
761 1820 255285
2495 5029 239339
4266 3785 553869
4413 2643 607993
1275 1682 143598
2762 4823 168576
1564 3991 723843
1924 3180 469083
3236 4184 209281
3329 1681 39583
2300 2276 721979
1578 471 415139
3327 4265 824343
3951 2399 628659
2198 4638 888698
2436 2090 158735
266 1663 298804
2066 3086 240567
2406 2367 55126
5008 3813 290548
3780 1600 946375
3498 2175 473823
416 2914 657885
214 1199 465512
2532 276 931962
1573 4391 369990
2546 1411 691312
3598 2231 476645
1699 188 564447
918 866 384451
1792 947 208539
1806 4274 464469
3124 3294 247265
4967 836 671509
3990 105 511104
898 1876 501015
1975 5074 618707
3527 3476 211715
2083 2593 676151
2402 3072 301265
2899 766 660040
3675 3013 659378
4632 530 48957
463 314 385511
128 868 203307
622 2278 355040
369 4459 655131
638 3087 251966
173 1673 880132
3497 1544 216480
2837 4662 739600
4031 1353 75758
809 2299 576127
36 4243 817865
4452 2883 553828
2158 455 843345
98 2209 172284
422 297 714922
1510 2759 406829
4463 1778 903859
639 3477 192763
154 2686 128665
4026 3476 893877
4438 4532 575485
4831 2491 935052
4547 4943 535397
698 824 429176
319 4570 799985
1017 2253 898207
2816 3702 199997
255 3328 909538
1036 3357 787294
65 171 267971
4597 2577 268560
3352 1985 164203
2794 2092 942562
654 3289 11399
4707 2143 809760
729 52 985389
536 552 691516
3238 1596 731808
2864 5050 275638
217 1637 955272
540 4486 188334
10 4345 272722
2379 2823 544062
4585 2850 853590
3688 1225 447077
4874 4458 683255
3345 762 939582
1865 4900 209809
826 4641 809661
1031 4567 170286
824 2783 758524
4842 350 867601
131 45 630658
4441 2659 497307
3622 4567 90234
1080 4703 623922
2306 809 595991
203 4478 244664
4928 2576 789501
2326 564 437468
4066 1158 546400
590 4999 585133
3452 3856 661116
2715 1418 828798
3096 1340 373706
4625 4236 437868
146 2139 848294
4068 2361 490677
3154 64 650312
4096 1672 827700
7 4773 363339
4370 4559 909591
899 3488 192404
1888 4178 295885
3101 2220 956901
3328 2722 536639
4037 2006 36609
4472 4245 378880
4962 795 25093
461 4819 100628
634 2332 995737
4381 4158 946841
2172 4038 753780
1404 4633 246169
718 255 451217
169 3933 435491
4860 3326 614475
4433 1667 328032
2467 3188 111273
2413 792 620608
1958 4155 266192
472 4735 418867
116 2154 328716
3175 4174 525114
4173 930 933142
2716 695 494567
2549 1943 530796
3340 4432 937253
90 3233 102593
739 2670 325520
3360 1888 628745
764 4110 640885
4303 3651 874171
1438 1157 102475
5073 3794 243186
35 3113 881533
3929 1552 393850
3816 3175 476349
345 1090 196130
4839 2304 849601
3464 391 444285
432 665 845338
1608 326 780056
3446 1524 943295
1147 3110 941601
1237 4068 765814
2728 4042 509572
2663 3953 320164
4939 4818 900449
2868 2347 551422
3180 433 923043
2692 2216 493218
2607 2205 131074
1164 4382 415535
4923 4165 662923
145 3055 310660
4920 4905 323112
3039 2434 122385
1738 4013 155615
4571 3535 167475
4549 141 634155
811 94 411965
411 2010 823884
558 960 73958
1339 4802 564783
3113 3862 94938
304 3635 415466
4114 2658 991247
2529 4739 704672
2302 1145 682853
3408 838 413217
4677 1485 440411
87 2733 361421
2051 488 480860
3986 1395 534671
2791 3797 492075
4306 1100 532997
4611 4509 395507
2578 1842 354086
3983 684 881871
4862 5095 111740
1254 2698 226766
3613 3597 697937
3446 3771 352296
1423 2483 701519
2033 2483 619754
1134 2739 176874
49 5103 318906
3494 1926 827711
3099 3493 567704
127 5030 855340
2537 2072 421646
626 3307 658902
2727 3493 207880
1001 3679 15390
2846 1501 977058
1513 937 324712
4586 1969 773362
1876 628 456384
1355 1452 526520
701 184 240401
3243 528 786256
2085 4497 899057
677 3822 180177
4655 4844 656686
1418 153 154912
3533 518 523603
2035 3940 908407
2007 4729 469168
725 3274 898808
2585 1696 880571
367 4957 398329
4214 2022 138623
3622 1353 788871
3284 1480 513402
3759 894 241983
892 4117 319484
4889 3782 441552
4203 1104 278152
1632 169 105614
1171 1190 910949
1403 3194 136602
4678 4340 908168
4505 2604 26116
4219 1177 663279
1888 4954 393595
2585 422 635030
4538 4334 19601
301 5078 893572
717 1897 603702
1367 2423 41636
2650 521 151492
2249 3387 392376
596 3884 839695
1188 2140 779530
4989 3896 692168
3013 1726 417974
960 3571 777814
713 2806 212833
2927 4241 398523
1290 3983 216578
899 3276 744263
1352 135 489439
3491 1495 752122
1762 2341 974789
893 926 563778
4207 2907 904657
2075 2028 668648
1795 2707 812197
1612 4381 79956
1758 1159 588577
2587 2361 608089
3764 1459 532120
1687 1383 977444
4174 3576 360991
4139 4645 271648
48 832 471615
1879 3262 906238
5070 4715 518938
5106 1240 803465
1978 4132 586569
2539 4232 299994
1563 4380 653568
4622 1746 711674
1863 3901 806480
2981 4668 528718
698 2784 55826
4929 955 987456
3937 4742 332593
802 3235 776998
934 5049 754
4694 4087 934560
2193 1750 928301
1855 564 51629
914 596 618501
3139 2653 33289
1665 663 89354
543 1854 927097
593 3871 665936
4739 2926 754917
2490 2680 298806
5001 2385 780533
3500 2317 400523
1454 1007 527766
712 608 586747
1537 1574 554447
4221 2936 386241
1559 4208 675338
1520 1211 264353
2462 2043 363649
5082 3336 929821
1271 4979 637591
1683 938 847224
268 1048 674257
2433 578 95329
2621 4348 746615
4464 3546 689146
2101 323 950736
417 2060 860442
5071 31 909365
1459 4125 311356
744 5103 369250
1295 2900 149830
1134 3051 938494
1795 2194 615866
1945 4220 155240
2888 2936 866837
5013 1460 152478
516 5045 668862
2843 41 803524
3445 2372 347958
149 4508 995355
4281 1809 407833
1785 3123 498714
4805 4834 687376
194 4595 368531
1886 216 677750
3865 1089 704874
1471 175 732750
3183 4945 358308
2283 4708 89817
673 4425 659980
873 5032 340387
1286 1008 307021
3530 3069 138415
3446 523 965467
1677 1146 195883
663 3935 992093
3985 3006 221386
1890 3346 828584
2488 4660 819774
68 2939 565110
3693 745 116280
68 1667 424250
529 3222 36746
1372 84 26505
2607 2811 434158
2568 3787 263992
4333 3247 281116
2017 1627 432499
2164 1151 839325
229 3507 893553
317 1402 335559
2029 2441 444943
0 1 776967
1 2 207364
2 3 772824
3 4 395281
4 5 466372
5 6 584051
6 7 215894
7 8 978556
8 9 335502
9 10 625773
10 11 170258
11 12 405852
12 13 4274
13 14 183987
14 15 898427
15 16 256094
16 17 796344
17 18 686855
18 19 89759
19 20 51189
20 21 177353
21 22 840665
22 23 499582
23 24 231355
24 25 38200
25 26 197775
26 27 780178
27 28 412964
28 29 342377
29 30 298399
30 31 256083
31 32 52229
32 33 254845
33 34 664228
34 35 53035
35 36 299376
36 37 334433
37 38 19550
38 39 799684
39 40 652583
40 41 505765
41 42 914440
42 43 462098
43 44 558282
44 45 838476
45 46 143542
46 47 438355
47 48 271069
48 49 253728
49 50 306853
50 51 63205
51 52 47383
52 53 116774
53 54 379316
54 55 781362
55 56 678136
56 57 45908
57 58 352849
58 59 912014
59 60 787736
60 61 643522
61 62 327200
62 63 848933
63 64 560867
64 65 228414
65 66 421999
66 67 840642
67 68 425255
68 69 941586
69 70 111746
70 71 327072
71 72 710529
72 73 412511
73 74 333866
74 75 311551
75 76 798725
76 77 168981
77 78 63900
78 79 468325
79 80 565556
80 81 697214
81 82 442844
82 83 144803
83 84 249025
84 85 595932
85 86 929937
86 87 15645
87 88 705283
88 89 64163
89 90 379635
90 91 940355
91 92 981471
92 93 593293
93 94 221636
94 95 386907
95 96 473884
96 97 576024
97 98 592304
98 99 391002
99 100 807761
100 101 590618
101 102 738649
102 103 249932
103 104 41255
104 105 715336
105 106 768481
106 107 642257
107 108 838989
108 109 584512
109 110 39700
110 111 795123
111 112 251892
112 113 814253
113 114 602228
114 115 415381
115 116 913262
116 117 630053
117 118 729889
118 119 834552
119 120 303435
120 121 279100
121 122 597666
122 123 280359
123 124 349380
124 125 259217
125 126 654254
126 127 589733
127 128 229357
128 129 123311
129 130 736329
130 131 613415
131 132 746068
132 133 698827
133 134 911702
134 135 896325
135 136 51138
136 137 649106
137 138 490053
138 139 581944
139 140 286061
140 141 726869
141 142 176899
142 143 814606
143 144 576562
144 145 874478
145 146 259726
146 147 552706
147 148 164010
148 149 405298
149 150 742868
150 151 994130
151 152 505023
152 153 82509
153 154 827577
154 155 465694
155 156 407757
156 157 63222
157 158 899396
158 159 965498
159 160 366930
160 161 227894
161 162 500408
162 163 201426
163 164 984251
164 165 341594
165 166 981691
166 167 930007
167 168 255352
168 169 374936
169 170 720448
170 171 526175
171 172 207988
172 173 868370
173 174 27067
174 175 171185
175 176 692036
176 177 885562
177 178 297249
178 179 865523
179 180 306028
180 181 7456
181 182 175400
182 183 366802
183 184 97453
184 185 929691
185 186 519007
186 187 243157
187 188 6626
188 189 590984
189 190 329877
190 191 402139
191 192 180898
192 193 441876
193 194 252695
194 195 886602
195 196 460994
196 197 836602
197 198 129870
198 199 513600
199 200 77680
200 201 489805
201 202 223326
202 203 581571
203 204 46804
204 205 266119
205 206 536027
206 207 49001
207 208 163646
208 209 724377
209 210 488288
210 211 68475
211 212 860807
212 213 755392
213 214 4191
214 215 841957
215 216 425043
216 217 240231
217 218 128737
218 219 275851
219 220 459296
220 221 444512
221 222 474993
222 223 967595
223 224 75754
224 225 202352
225 226 384061
226 227 679823
227 228 441464
228 229 809774
229 230 753265
230 231 443510
231 232 507683
232 233 801412
233 234 562430
234 235 925032
235 236 455466
236 237 187191
237 238 619425
238 239 608662
239 240 734452
240 241 554471
241 242 283797
242 243 124779
243 244 304203
244 245 536057
245 246 449894
246 247 346382
247 248 848735
248 249 519498
249 250 31556
250 251 543524
251 252 780873
252 253 335568
253 254 893135
254 255 854438
255 256 906369
256 257 999007
257 258 945068
258 259 942463
259 260 724737
260 261 733108
261 262 869298
262 263 663472
263 264 875054
264 265 669441
265 266 189296
266 267 423531
267 268 161617
268 269 654083
269 270 186805
270 271 616697
271 272 560042
272 273 387621
273 274 275513
274 275 746825
275 276 9046
276 277 981688
277 278 659761
278 279 369719
279 280 578882
280 281 887583
281 282 741690
282 283 806656
283 284 431233
284 285 917899
285 286 115913
286 287 188433
287 288 237093
288 289 738853
289 290 297636
290 291 884474
291 292 287441
292 293 774592
293 294 186858
294 295 452279
295 296 250314
296 297 583028
297 298 881164
298 299 960205
299 300 515968
300 301 758646
301 302 491906
302 303 202022
303 304 446104
304 305 480068
305 306 999940
306 307 458222
307 308 612295
308 309 674945
309 310 657450
310 311 759070
311 312 778892
312 313 453607
313 314 587997
314 315 974222
315 316 30945
316 317 316469
317 318 70453
318 319 252069
319 320 425831
320 321 968177
321 322 447779
322 323 791184
323 324 914826
324 325 732014
325 326 579882
326 327 54495
327 328 407467
328 329 433479
329 330 889484
330 331 761258
331 332 329896
332 333 829666
333 334 543146
334 335 553168
335 336 560693
336 337 100448
337 338 644056
338 339 785959
339 340 279019
340 341 14601
341 342 80734
342 343 268191
343 344 841381
344 345 366494
345 346 536783
346 347 580961
347 348 933589
348 349 944974
349 350 799003
350 351 260655
351 352 831377
352 353 591178
353 354 199571
354 355 321047
355 356 633404
356 357 387016
357 358 652683
358 359 236547
359 360 996011
360 361 643436
361 362 992657
362 363 365248
363 364 223840
364 365 343707
365 366 195894
366 367 179243
367 368 115974
368 369 415432
369 370 673902
370 371 987155
371 372 899970
372 373 772688
373 374 481580
374 375 308802
375 376 905117
376 377 428285
377 378 500754
378 379 887994
379 380 228840
380 381 195032
381 382 221761
382 383 721140
383 384 290485
384 385 378610
385 386 994709
386 387 390491
387 388 721414
388 389 288114
389 390 171428
390 391 204295
391 392 781090
392 393 259078
393 394 641407
394 395 486880
395 396 192483
396 397 508037
397 398 29511
398 399 814679
399 400 581440
400 401 987162
401 402 847724
402 403 315709
403 404 674478
404 405 349745
405 406 631039
406 407 225321
407 408 56285
408 409 922731
409 410 887084
410 411 772796
411 412 648419
412 413 982174
413 414 186379
414 415 774165
415 416 301347
416 417 835648
417 418 780734
418 419 986125
419 420 892301
420 421 42036
421 422 377871
422 423 546417
423 424 271529
424 425 547615
425 426 280990
426 427 545059
427 428 330826
428 429 933763
429 430 554207
430 431 322439
431 432 715780
432 433 723066
433 434 127832
434 435 670887
435 436 727316
436 437 221457
437 438 971357
438 439 52070
439 440 728854
440 441 600003
441 442 640691
442 443 181912
443 444 215652
444 445 128444
445 446 13037
446 447 233459
447 448 536354
448 449 954112
449 450 145481
450 451 264130
451 452 72100
452 453 241263
453 454 511023
454 455 11512
455 456 135628
456 457 709575
457 458 746071
458 459 113803
459 460 117194
460 461 968422
461 462 283513
462 463 310108
463 464 535785
464 465 712595
465 466 363487
466 467 153961
467 468 101690
468 469 89675
469 470 847652
470 471 250618
471 472 300848
472 473 808736
473 474 243423
474 475 66669
475 476 913610
476 477 368398
477 478 890892
478 479 801319
479 480 311805
480 481 57215
481 482 852964
482 483 396270
483 484 486091
484 485 686372
485 486 480824
486 487 803489
487 488 544917
488 489 484266
489 490 455871
490 491 550310
491 492 305342
492 493 206512
493 494 897887
494 495 815751
495 496 313337
496 497 644116
497 498 894557
498 499 905317
499 500 741206
500 501 767923
501 502 286853
502 503 342608
503 504 973458
504 505 286340
505 506 122369
506 507 470274
507 508 312936
508 509 98263
509 510 532828
510 511 622141
511 512 592442
512 513 992989
513 514 215900
514 515 127427
515 516 751125
516 517 454578
517 518 150796
518 519 599874
519 520 882286
520 521 491442
521 522 689940
522 523 891312
523 524 122332
524 525 758271
525 526 50241
526 527 157285
527 528 313488
528 529 146567
529 530 537672
530 531 652875
531 532 901638
532 533 753918
533 534 409374
534 535 694455
535 536 374543
536 537 994790
537 538 174806
538 539 62585
539 540 167093
540 541 873692
541 542 519366
542 543 967560
543 544 621126
544 545 464817
545 546 683515
546 547 319701
547 548 316240
548 549 246858
549 550 687143
550 551 849646
551 552 95540
552 553 194725
553 554 111624
554 555 627755
555 556 428251
556 557 563216
557 558 686609
558 559 948575
559 560 531056
560 561 460452
561 562 840850
562 563 911379
563 564 177892
564 565 648610
565 566 753633
566 567 293187
567 568 838768
568 569 590
569 570 236028
570 571 543050
571 572 319759
572 573 137365
573 574 890820
574 575 196763
575 576 243362
576 577 184659
577 578 519724
578 579 216932
579 580 767705
580 581 284969
581 582 493232
582 583 233765
583 584 175378
584 585 506905
585 586 692142
586 587 810316
587 588 875626
588 589 820347
589 590 101744
590 591 761976
591 592 644718
592 593 592132
593 594 777485
594 595 217500
595 596 189942
596 597 49584
597 598 872104
598 599 725217
599 600 549769
600 601 876080
601 602 40229
602 603 955642
603 604 330674
604 605 144003
605 606 301207
606 607 691207
607 608 518988
608 609 406378
609 610 611029
610 611 837957
611 612 238223
612 613 891675
613 614 826611
614 615 412968
615 616 861721
616 617 852185
617 618 794723
618 619 48191
619 620 615514
620 621 867678
621 622 766302
622 623 208814
623 624 618275
624 625 301199
625 626 810867
626 627 660732
627 628 789438
628 629 512477
629 630 54336
630 631 594926
631 632 955879
632 633 687791
633 634 746860
634 635 321632
635 636 183706
636 637 596083
637 638 868556
638 639 707912
639 640 489436
640 641 797572
641 642 848005
642 643 980341
643 644 722480
644 645 6579
645 646 125989
646 647 342062
647 648 962649
648 649 90827
649 650 781673
650 651 367375
651 652 546199
652 653 776466
653 654 579661
654 655 657712
655 656 189455
656 657 513385
657 658 751754
658 659 370133
659 660 234180
660 661 377531
661 662 948556
662 663 720230
663 664 397845
664 665 448485
665 666 619223
666 667 431721
667 668 944293
668 669 571159
669 670 511812
670 671 130133
671 672 957224
672 673 680606
673 674 492782
674 675 465957
675 676 218118
676 677 118331
677 678 348144
678 679 287567
679 680 683034
680 681 146303
681 682 80184
682 683 409117
683 684 200688
684 685 164231
685 686 351878
686 687 328523
687 688 357328
688 689 832934
689 690 26617
690 691 434339
691 692 943538
692 693 644406
693 694 390438
694 695 838011
695 696 463383
696 697 651308
697 698 544515
698 699 571511
699 700 380462
700 701 575617
701 702 852456
702 703 177753
703 704 204867
704 705 463685
705 706 369665
706 707 679420
707 708 630330
708 709 905095
709 710 854680
710 711 666034
711 712 303832
712 713 300535
713 714 579217
714 715 422298
715 716 845583
716 717 396721
717 718 964648
718 719 639560
719 720 946055
720 721 14882
721 722 431339
722 723 784515
723 724 198158
724 725 353336
725 726 470863
726 727 617859
727 728 829883
728 729 315887
729 730 125638
730 731 487747
731 732 660093
732 733 530488
733 734 457218
734 735 674892
735 736 426629
736 737 53288
737 738 995090
738 739 673011
739 740 128854
740 741 117207
741 742 555412
742 743 410178
743 744 266072
744 745 229342
745 746 205130
746 747 466706
747 748 482306
748 749 324726
749 750 773863
750 751 460558
751 752 533986
752 753 471023
753 754 365395
754 755 284759
755 756 801240
756 757 861306
757 758 595884
758 759 54226
759 760 512306
760 761 794107
761 762 111159
762 763 539546
763 764 109737
764 765 877714
765 766 146456
766 767 840289
767 768 564367
768 769 161158
769 770 226067
770 771 678085
771 772 113762
772 773 399445
773 774 24661
774 775 10300
775 776 659808
776 777 18339
777 778 516840
778 779 916658
779 780 657190
780 781 176105
781 782 111858
782 783 97848
783 784 399833
784 785 708558
785 786 136453
786 787 325554
787 788 422029
788 789 378229
789 790 987420
790 791 47235
791 792 680521
792 793 252342
793 794 220057
794 795 190374
795 796 631641
796 797 8087
797 798 779047
798 799 899155
799 800 131711
800 801 899573
801 802 681470
802 803 396027
803 804 209524
804 805 749966
805 806 778412
806 807 265966
807 808 265825
808 809 655889
809 810 789140
810 811 594454
811 812 173209
812 813 89714
813 814 157795
814 815 866606
815 816 204780
816 817 839814
817 818 56475
818 819 343414
819 820 225043
820 821 14305
821 822 92659
822 823 711108
823 824 467062
824 825 511259
825 826 730652
826 827 920268
827 828 607048
828 829 510530
829 830 677368
830 831 480411
831 832 786534
832 833 573853
833 834 415825
834 835 679776
835 836 253908
836 837 436598
837 838 754927
838 839 281427
839 840 341986
840 841 262795
841 842 229235
842 843 20991
843 844 557654
844 845 179238
845 846 251182
846 847 312956
847 848 287376
848 849 109922
849 850 154870
850 851 18830
851 852 705279
852 853 427221
853 854 557086
854 855 191959
855 856 647909
856 857 942945
857 858 477729
858 859 669582
859 860 169011
860 861 307339
861 862 809858
862 863 589174
863 864 290992
864 865 714455
865 866 719368
866 867 282723
867 868 459465
868 869 841541
869 870 324372
870 871 480680
871 872 214202
872 873 328849
873 874 515041
874 875 337667
875 876 392804
876 877 805842
877 878 948275
878 879 959189
879 880 252999
880 881 209315
881 882 335248
882 883 64811
883 884 752191
884 885 395721
885 886 341944
886 887 730666
887 888 823320
888 889 429
889 890 550309
890 891 418692
891 892 402833
892 893 165711
893 894 741955
894 895 741699
895 896 69795
896 897 536312
897 898 141110
898 899 217371
899 900 650115
900 901 430026
901 902 268669
902 903 719717
903 904 518933
904 905 28298
905 906 165829
906 907 11826
907 908 456033
908 909 868002
909 910 841717
910 911 140723
911 912 182098
912 913 658644
913 914 633562
914 915 810577
915 916 303565
916 917 183816
917 918 199426
918 919 231029
919 920 72765
920 921 321325
921 922 843955
922 923 594021
923 924 222613
924 925 731192
925 926 250683
926 927 485160
927 928 458509
928 929 277639
929 930 29541
930 931 184529
931 932 982901
932 933 171997
933 934 327291
934 935 662005
935 936 737032
936 937 323403
937 938 413237
938 939 312084
939 940 964199
940 941 658089
941 942 51398
942 943 828333
943 944 41124
944 945 112690
945 946 656045
946 947 743521
947 948 547463
948 949 895466
949 950 430094
950 951 997797
951 952 78623
952 953 369277
953 954 432950
954 955 628925
955 956 454225
956 957 453786
957 958 646802
958 959 501146
959 960 7332
960 961 675324
961 962 19222
962 963 434713
963 964 744633
964 965 17732
965 966 566529
966 967 955677
967 968 979867
968 969 256459
969 970 704942
970 971 45965
971 972 681047
972 973 709716
973 974 44396
974 975 458382
975 976 94709
976 977 653496
977 978 285049
978 979 186664
979 980 392653
980 981 498794
981 982 249414
982 983 12262
983 984 548216
984 985 758358
985 986 822087
986 987 977929
987 988 896362
988 989 606861
989 990 187137
990 991 909353
991 992 854931
992 993 337791
993 994 605401
994 995 745624
995 996 337340
996 997 532218
997 998 679837
998 999 426368
999 1000 54582
1000 1001 794026
1001 1002 816086
1002 1003 189752
1003 1004 246336
1004 1005 548177
1005 1006 710270
1006 1007 150702
1007 1008 13524
1008 1009 202165
1009 1010 555415
1010 1011 166590
1011 1012 958223
1012 1013 216671
1013 1014 824641
1014 1015 687945
1015 1016 929543
1016 1017 285888
1017 1018 6690
1018 1019 50657
1019 1020 154404
1020 1021 948898
1021 1022 194535
1022 1023 748885
1023 1024 374197
1024 1025 969382
1025 1026 559104
1026 1027 116855
1027 1028 916065
1028 1029 332870
1029 1030 491451
1030 1031 571016
1031 1032 823909
1032 1033 355646
1033 1034 551363
1034 1035 73388
1035 1036 424136
1036 1037 965982
1037 1038 934712
1038 1039 924372
1039 1040 340932
1040 1041 761010
1041 1042 11220
1042 1043 763596
1043 1044 150002
1044 1045 107549
1045 1046 652071
1046 1047 560889
1047 1048 231692
1048 1049 466814
1049 1050 647526
1050 1051 632093
1051 1052 101632
1052 1053 993957
1053 1054 562901
1054 1055 96154
1055 1056 12538
1056 1057 414681
1057 1058 594988
1058 1059 333795
1059 1060 103306
1060 1061 923553
1061 1062 841745
1062 1063 609428
1063 1064 174375
1064 1065 601833
1065 1066 982867
1066 1067 471064
1067 1068 289022
1068 1069 22901
1069 1070 887534
1070 1071 100978
1071 1072 964706
1072 1073 724721
1073 1074 551447
1074 1075 483044
1075 1076 458183
1076 1077 719599
1077 1078 633758
1078 1079 338584
1079 1080 665820
1080 1081 174839
1081 1082 100476
1082 1083 474093
1083 1084 104002
1084 1085 60269
1085 1086 475337
1086 1087 665709
1087 1088 533903
1088 1089 185952
1089 1090 810705
1090 1091 151399
1091 1092 104242
1092 1093 552925
1093 1094 35886
1094 1095 687534
1095 1096 803476
1096 1097 449269
1097 1098 316676
1098 1099 239296
1099 1100 909683
1100 1101 932786
1101 1102 430719
1102 1103 406549
1103 1104 642992
1104 1105 347588
1105 1106 595160
1106 1107 897160
1107 1108 43196
1108 1109 310010
1109 1110 972735
1110 1111 855389
1111 1112 717085
1112 1113 422126
1113 1114 908597
1114 1115 241578
1115 1116 426166
1116 1117 133510
1117 1118 897072
1118 1119 182665
1119 1120 447046
1120 1121 480359
1121 1122 517678
1122 1123 220067
1123 1124 650790
1124 1125 758391
1125 1126 561497
1126 1127 627764
1127 1128 615214
1128 1129 5034
1129 1130 156667
1130 1131 182644
1131 1132 32629
1132 1133 818211
1133 1134 736644
1134 1135 900852
1135 1136 347284
1136 1137 422541
1137 1138 306097
1138 1139 987610
1139 1140 78527
1140 1141 813199
1141 1142 435710
1142 1143 955708
1143 1144 950183
1144 1145 324947
1145 1146 425436
1146 1147 445150
1147 1148 465987
1148 1149 217121
1149 1150 306954
1150 1151 263687
1151 1152 596755
1152 1153 898336
1153 1154 704001
1154 1155 531645
1155 1156 54339
1156 1157 566457
1157 1158 165475
1158 1159 607185
1159 1160 866480
1160 1161 75559
1161 1162 63113
1162 1163 676473
1163 1164 984368
1164 1165 999868
1165 1166 284481
1166 1167 635680
1167 1168 503751
1168 1169 405301
1169 1170 584016
1170 1171 459715
1171 1172 598076
1172 1173 69866
1173 1174 198587
1174 1175 142898
1175 1176 286540
1176 1177 514473
1177 1178 193300
1178 1179 52557
1179 1180 256000
1180 1181 440306
1181 1182 981938
1182 1183 853585
1183 1184 157143
1184 1185 170884
1185 1186 255131
1186 1187 19143
1187 1188 131009
1188 1189 160052
1189 1190 193692
1190 1191 34894
1191 1192 675690
1192 1193 916683
1193 1194 362852
1194 1195 985063
1195 1196 528405
1196 1197 730338
1197 1198 592865
1198 1199 406001
1199 1200 659212
1200 1201 638945
1201 1202 378106
1202 1203 972435
1203 1204 841693
1204 1205 728291
1205 1206 647218
1206 1207 863653
1207 1208 866996
1208 1209 54196
1209 1210 886484
1210 1211 274679
1211 1212 606305
1212 1213 222363
1213 1214 931863
1214 1215 203250
1215 1216 780648
1216 1217 189640
1217 1218 959867
1218 1219 146934
1219 1220 391128
1220 1221 656331
1221 1222 886196
1222 1223 72071
1223 1224 436984
1224 1225 493825
1225 1226 17661
1226 1227 147536
1227 1228 251354
1228 1229 424091
1229 1230 769695
1230 1231 323083
1231 1232 469357
1232 1233 986300
1233 1234 315883
1234 1235 96088
1235 1236 218648
1236 1237 963711
1237 1238 368007
1238 1239 899623
1239 1240 184674
1240 1241 288799
1241 1242 813733
1242 1243 559532
1243 1244 542271
1244 1245 584200
1245 1246 898887
1246 1247 804716
1247 1248 264713
1248 1249 891566
1249 1250 133672
1250 1251 500878
1251 1252 321564
1252 1253 422760
1253 1254 286772
1254 1255 652547
1255 1256 964035
1256 1257 833841
1257 1258 716769
1258 1259 903931
1259 1260 684126
1260 1261 538692
1261 1262 690388
1262 1263 141024
1263 1264 657864
1264 1265 581706
1265 1266 830204
1266 1267 585459
1267 1268 200208
1268 1269 476132
1269 1270 790510
1270 1271 343775
1271 1272 996015
1272 1273 304771
1273 1274 921383
1274 1275 341193
1275 1276 990386
1276 1277 375766
1277 1278 303239
1278 1279 93562
1279 1280 799647
1280 1281 935707
1281 1282 665184
1282 1283 741505
1283 1284 610806
1284 1285 179769
1285 1286 637486
1286 1287 510230
1287 1288 113396
1288 1289 147004
1289 1290 281357
1290 1291 743097
1291 1292 479039
1292 1293 785652
1293 1294 317449
1294 1295 85444
1295 1296 944373
1296 1297 863137
1297 1298 517187
1298 1299 498540
1299 1300 865966
1300 1301 453149
1301 1302 478965
1302 1303 49603
1303 1304 592905
1304 1305 331918
1305 1306 578442
1306 1307 705593
1307 1308 707124
1308 1309 36734
1309 1310 225299
1310 1311 290066
1311 1312 561333
1312 1313 569271
1313 1314 876804
1314 1315 639867
1315 1316 277559
1316 1317 90090
1317 1318 752373
1318 1319 938421
1319 1320 493980
1320 1321 927183
1321 1322 381712
1322 1323 751097
1323 1324 993545
1324 1325 537533
1325 1326 765467
1326 1327 376935
1327 1328 129428
1328 1329 788997
1329 1330 293147
1330 1331 384166
1331 1332 847970
1332 1333 970175
1333 1334 280052
1334 1335 872872
1335 1336 232548
1336 1337 133839
1337 1338 415600
1338 1339 98332
1339 1340 454471
1340 1341 993290
1341 1342 976139
1342 1343 172942
1343 1344 423333
1344 1345 201231
1345 1346 160655
1346 1347 552401
1347 1348 734233
1348 1349 735654
1349 1350 431876
1350 1351 766679
1351 1352 388618
1352 1353 872436
1353 1354 46257
1354 1355 424328
1355 1356 500862
1356 1357 885754
1357 1358 232057
1358 1359 633444
1359 1360 817613
1360 1361 190695
1361 1362 906943
1362 1363 136343
1363 1364 928869
1364 1365 421181
1365 1366 406204
1366 1367 374894
1367 1368 382186
1368 1369 621317
1369 1370 23960
1370 1371 423174
1371 1372 340644
1372 1373 72166
1373 1374 50877
1374 1375 364383
1375 1376 202850
1376 1377 488962
1377 1378 942946
1378 1379 909215
1379 1380 304677
1380 1381 483401
1381 1382 288068
1382 1383 485441
1383 1384 678082
1384 1385 660135
1385 1386 894866
1386 1387 975251
1387 1388 944818
1388 1389 309277
1389 1390 229052
1390 1391 9683
1391 1392 90586
1392 1393 13819
1393 1394 866288
1394 1395 442156
1395 1396 874593
1396 1397 584386
1397 1398 605429
1398 1399 418507
1399 1400 738755
1400 1401 224510
1401 1402 714660
1402 1403 963314
1403 1404 167452
1404 1405 736749
1405 1406 87118
1406 1407 659930
1407 1408 1394
1408 1409 592117
1409 1410 834520
1410 1411 119707
1411 1412 213448
1412 1413 484129
1413 1414 597669
1414 1415 20648
1415 1416 911795
1416 1417 162224
1417 1418 572345
1418 1419 681492
1419 1420 312676
1420 1421 372537
1421 1422 42654
1422 1423 167475
1423 1424 979647
1424 1425 978095
1425 1426 195746
1426 1427 460096
1427 1428 403656
1428 1429 828714
1429 1430 564131
1430 1431 320165
1431 1432 78433
1432 1433 355674
1433 1434 261003
1434 1435 127557
1435 1436 698283
1436 1437 781777
1437 1438 854406
1438 1439 422618
1439 1440 351622
1440 1441 664825
1441 1442 25347
1442 1443 488818
1443 1444 451142
1444 1445 656114
1445 1446 981553
1446 1447 713739
1447 1448 592245
1448 1449 11026
1449 1450 443025
1450 1451 618379
1451 1452 322477
1452 1453 250973
1453 1454 127196
1454 1455 800173
1455 1456 555896
1456 1457 64594
1457 1458 14959
1458 1459 980084
1459 1460 718578
1460 1461 824054
1461 1462 977167
1462 1463 225291
1463 1464 521377
1464 1465 236570
1465 1466 538688
1466 1467 208282
1467 1468 15505
1468 1469 331504
1469 1470 359172
1470 1471 455246
1471 1472 71280
1472 1473 656029
1473 1474 279634
1474 1475 681391
1475 1476 953977
1476 1477 288425
1477 1478 530024
1478 1479 1869
1479 1480 506194
1480 1481 680332
1481 1482 315255
1482 1483 149789
1483 1484 979168
1484 1485 640479
1485 1486 837532
1486 1487 735047
1487 1488 665976
1488 1489 321471
1489 1490 151901
1490 1491 213538
1491 1492 783877
1492 1493 498314
1493 1494 330693
1494 1495 479586
1495 1496 675807
1496 1497 909446
1497 1498 32192
1498 1499 754678
1499 1500 38168
1500 1501 462283
1501 1502 328614
1502 1503 355615
1503 1504 876341
1504 1505 991508
1505 1506 850645
1506 1507 928150
1507 1508 339900
1508 1509 816187
1509 1510 222045
1510 1511 827329
1511 1512 615804
1512 1513 505626
1513 1514 538187
1514 1515 491455
1515 1516 820753
1516 1517 697288
1517 1518 310104
1518 1519 197480
1519 1520 399870
1520 1521 211008
1521 1522 278006
1522 1523 597596
1523 1524 940506
1524 1525 365185
1525 1526 257172
1526 1527 492613
1527 1528 262052
1528 1529 966211
1529 1530 606739
1530 1531 19574
1531 1532 900074
1532 1533 531886
1533 1534 928426
1534 1535 66916
1535 1536 406075
1536 1537 754011
1537 1538 83505
1538 1539 374879
1539 1540 19675
1540 1541 435089
1541 1542 214129
1542 1543 767100
1543 1544 491140
1544 1545 911654
1545 1546 811366
1546 1547 51428
1547 1548 33812
1548 1549 650523
1549 1550 474436
1550 1551 342296
1551 1552 48299
1552 1553 556469
1553 1554 338567
1554 1555 395184
1555 1556 752685
1556 1557 765234
1557 1558 457455
1558 1559 925632
1559 1560 271433
1560 1561 213675
1561 1562 809298
1562 1563 843772
1563 1564 275980
1564 1565 359189
1565 1566 175228
1566 1567 336722
1567 1568 324066
1568 1569 929241
1569 1570 935323
1570 1571 845772
1571 1572 131336
1572 1573 953589
1573 1574 132279
1574 1575 141654
1575 1576 797804
1576 1577 308197
1577 1578 63863
1578 1579 442313
1579 1580 51550
1580 1581 963270
1581 1582 501778
1582 1583 125483
1583 1584 420249
1584 1585 607955
1585 1586 447165
1586 1587 87393
1587 1588 145126
1588 1589 699972
1589 1590 731268
1590 1591 384256
1591 1592 50374
1592 1593 281960
1593 1594 163886
1594 1595 765205
1595 1596 683595
1596 1597 566590
1597 1598 158505
1598 1599 897297
1599 1600 749026
1600 1601 79720
1601 1602 255001
1602 1603 494000
1603 1604 165882
1604 1605 991197
1605 1606 327608
1606 1607 435227
1607 1608 340180
1608 1609 145276
1609 1610 803581
1610 1611 672964
1611 1612 106984
1612 1613 282244
1613 1614 765217
1614 1615 645139
1615 1616 824243
1616 1617 288304
1617 1618 784157
1618 1619 905271
1619 1620 693294
1620 1621 259615
1621 1622 130273
1622 1623 604841
1623 1624 170845
1624 1625 550601
1625 1626 679869
1626 1627 712536
1627 1628 936506
1628 1629 48273
1629 1630 635930
1630 1631 372801
1631 1632 604537
1632 1633 653759
1633 1634 829229
1634 1635 388923
1635 1636 637389
1636 1637 131709
1637 1638 99674
1638 1639 833356
1639 1640 662892
1640 1641 904588
1641 1642 271727
1642 1643 890058
1643 1644 127841
1644 1645 962014
1645 1646 248282
1646 1647 931498
1647 1648 671631
1648 1649 751980
1649 1650 404288
1650 1651 341909
1651 1652 48348
1652 1653 38732
1653 1654 581530
1654 1655 51858
1655 1656 855069
1656 1657 856406
1657 1658 723568
1658 1659 572737
1659 1660 232329
1660 1661 221959
1661 1662 761898
1662 1663 332263
1663 1664 153140
1664 1665 567106
1665 1666 403129
1666 1667 745436
1667 1668 851822
1668 1669 276964
1669 1670 662100
1670 1671 161490
1671 1672 923270
1672 1673 286601
1673 1674 855538
1674 1675 586147
1675 1676 685006
1676 1677 437459
1677 1678 797490
1678 1679 359086
1679 1680 895623
1680 1681 629506
1681 1682 931766
1682 1683 118836
1683 1684 383480
1684 1685 385567
1685 1686 216317
1686 1687 303959
1687 1688 819257
1688 1689 703298
1689 1690 991345
1690 1691 755701
1691 1692 170604
1692 1693 904672
1693 1694 678148
1694 1695 99786
1695 1696 716805
1696 1697 738088
1697 1698 266467
1698 1699 813730
1699 1700 562577
1700 1701 764906
1701 1702 908988
1702 1703 569247
1703 1704 638588
1704 1705 900479
1705 1706 125195
1706 1707 561606
1707 1708 292001
1708 1709 453763
1709 1710 719609
1710 1711 640225
1711 1712 28690
1712 1713 225088
1713 1714 428241
1714 1715 461845
1715 1716 351548
1716 1717 300445
1717 1718 90570
1718 1719 737734
1719 1720 766847
1720 1721 964147
1721 1722 47262
1722 1723 905679
1723 1724 806026
1724 1725 376048
1725 1726 151404
1726 1727 761789
1727 1728 781781
1728 1729 698498
1729 1730 102452
1730 1731 781918
1731 1732 770819
1732 1733 640903
1733 1734 936794
1734 1735 702133
1735 1736 223643
1736 1737 952771
1737 1738 8678
1738 1739 345570
1739 1740 883522
1740 1741 33203
1741 1742 866711
1742 1743 129214
1743 1744 315533
1744 1745 98710
1745 1746 677310
1746 1747 534956
1747 1748 26095
1748 1749 909321
1749 1750 504297
1750 1751 767138
1751 1752 378799
1752 1753 783264
1753 1754 757367
1754 1755 870509
1755 1756 49515
1756 1757 328747
1757 1758 57915
1758 1759 111298
1759 1760 632525
1760 1761 882215
1761 1762 900637
1762 1763 516366
1763 1764 260226
1764 1765 876209
1765 1766 105319
1766 1767 750716
1767 1768 905191
1768 1769 649727
1769 1770 737247
1770 1771 195661
1771 1772 19911
1772 1773 255954
1773 1774 311781
1774 1775 81883
1775 1776 940706
1776 1777 183944
1777 1778 970963
1778 1779 887013
1779 1780 681873
1780 1781 319022
1781 1782 362346
1782 1783 979971
1783 1784 581894
1784 1785 45598
1785 1786 639484
1786 1787 524794
1787 1788 499053
1788 1789 105494
1789 1790 818234
1790 1791 935904
1791 1792 66927
1792 1793 812260
1793 1794 684353
1794 1795 962445
1795 1796 328112
1796 1797 321199
1797 1798 972703
1798 1799 535950
1799 1800 400196
1800 1801 3713
1801 1802 641131
1802 1803 829402
1803 1804 975611
1804 1805 538528
1805 1806 247004
1806 1807 456504
1807 1808 515784
1808 1809 402508
1809 1810 311090
1810 1811 195456
1811 1812 797485
1812 1813 983388
1813 1814 406732
1814 1815 942980
1815 1816 504738
1816 1817 325875
1817 1818 771530
1818 1819 266135
1819 1820 953691
1820 1821 388797
1821 1822 684305
1822 1823 785815
1823 1824 706592
1824 1825 811770
1825 1826 933734
1826 1827 121689
1827 1828 460234
1828 1829 126192
1829 1830 749021
1830 1831 889382
1831 1832 832552
1832 1833 522475
1833 1834 826634
1834 1835 519084
1835 1836 635804
1836 1837 12987
1837 1838 219042
1838 1839 266059
1839 1840 363924
1840 1841 477415
1841 1842 626790
1842 1843 277966
1843 1844 31159
1844 1845 833691
1845 1846 702898
1846 1847 413915
1847 1848 891442
1848 1849 800745
1849 1850 245053
1850 1851 220076
1851 1852 867449
1852 1853 80882
1853 1854 829324
1854 1855 537154
1855 1856 306173
1856 1857 39857
1857 1858 634270
1858 1859 107980
1859 1860 805337
1860 1861 17682
1861 1862 364957
1862 1863 503909
1863 1864 490149
1864 1865 816135
1865 1866 937929
1866 1867 862520
1867 1868 207988
1868 1869 862991
1869 1870 828319
1870 1871 955754
1871 1872 394806
1872 1873 425810
1873 1874 160875
1874 1875 548324
1875 1876 646004
1876 1877 318133
1877 1878 839026
1878 1879 902166
1879 1880 559490
1880 1881 540935
1881 1882 950438
1882 1883 91862
1883 1884 820005
1884 1885 943426
1885 1886 141411
1886 1887 15800
1887 1888 845401
1888 1889 416410
1889 1890 902325
1890 1891 228518
1891 1892 466333
1892 1893 710882
1893 1894 939060
1894 1895 24862
1895 1896 83726
1896 1897 318233
1897 1898 688072
1898 1899 449471
1899 1900 225820
1900 1901 72764
1901 1902 99009
1902 1903 646460
1903 1904 757151
1904 1905 386928
1905 1906 570714
1906 1907 776545
1907 1908 721807
1908 1909 321618
1909 1910 157939
1910 1911 172912
1911 1912 462533
1912 1913 302491
1913 1914 554364
1914 1915 991387
1915 1916 361450
1916 1917 389233
1917 1918 498830
1918 1919 175483
1919 1920 368165
1920 1921 709336
1921 1922 689346
1922 1923 193319
1923 1924 520060
1924 1925 52048
1925 1926 315649
1926 1927 350339
1927 1928 742317
1928 1929 503362
1929 1930 328668
1930 1931 440695
1931 1932 387836
1932 1933 703665
1933 1934 524835
1934 1935 342931
1935 1936 641724
1936 1937 640035
1937 1938 582757
1938 1939 766500
1939 1940 748822
1940 1941 100084
1941 1942 816316
1942 1943 606349
1943 1944 779460
1944 1945 927114
1945 1946 26562
1946 1947 327455
1947 1948 737655
1948 1949 424017
1949 1950 156080
1950 1951 407146
1951 1952 698259
1952 1953 955202
1953 1954 959151
1954 1955 158323
1955 1956 585119
1956 1957 973252
1957 1958 29566
1958 1959 5514
1959 1960 558301
1960 1961 80292
1961 1962 52163
1962 1963 475808
1963 1964 787405
1964 1965 423835
1965 1966 240027
1966 1967 618742
1967 1968 272312
1968 1969 656499
1969 1970 518095
1970 1971 926249
1971 1972 511201
1972 1973 738829
1973 1974 113989
1974 1975 315723
1975 1976 280999
1976 1977 33696
1977 1978 754690
1978 1979 26766
1979 1980 415064
1980 1981 676243
1981 1982 109178
1982 1983 183762
1983 1984 770249
1984 1985 501377
1985 1986 391290
1986 1987 509822
1987 1988 847545
1988 1989 642676
1989 1990 813898
1990 1991 976230
1991 1992 60866
1992 1993 866933
1993 1994 779426
1994 1995 955586
1995 1996 690278
1996 1997 314824
1997 1998 16473
1998 1999 466353
1999 2000 696923
2000 2001 541875
2001 2002 720481
2002 2003 379027
2003 2004 357822
2004 2005 272760
2005 2006 4653
2006 2007 30728
2007 2008 473782
2008 2009 986096
2009 2010 893390
2010 2011 788859
2011 2012 788122
2012 2013 629164
2013 2014 899606
2014 2015 745179
2015 2016 645895
2016 2017 70819
2017 2018 506831
2018 2019 97371
2019 2020 220178
2020 2021 729123
2021 2022 752664
2022 2023 931943
2023 2024 235123
2024 2025 39203
2025 2026 940101
2026 2027 12938
2027 2028 788206
2028 2029 75720
2029 2030 209716
2030 2031 760376
2031 2032 17286
2032 2033 551002
2033 2034 834027
2034 2035 841272
2035 2036 326492
2036 2037 58595
2037 2038 100600
2038 2039 776577
2039 2040 58045
2040 2041 506342
2041 2042 944013
2042 2043 178925
2043 2044 689366
2044 2045 885904
2045 2046 871023
2046 2047 823329
2047 2048 708400
2048 2049 64129
2049 2050 263988
2050 2051 341574
2051 2052 880493
2052 2053 229059
2053 2054 920882
2054 2055 167364
2055 2056 978103
2056 2057 280411
2057 2058 377278
2058 2059 730949
2059 2060 508436
2060 2061 451223
2061 2062 87396
2062 2063 738795
2063 2064 763968
2064 2065 911182
2065 2066 683126
2066 2067 458799
2067 2068 839170
2068 2069 473463
2069 2070 39221
2070 2071 834911
2071 2072 646524
2072 2073 738972
2073 2074 434735
2074 2075 158837
2075 2076 174516
2076 2077 961016
2077 2078 485011
2078 2079 446130
2079 2080 961110
2080 2081 638701
2081 2082 171833
2082 2083 107816
2083 2084 1245
2084 2085 299324
2085 2086 531747
2086 2087 150209
2087 2088 85938
2088 2089 330236
2089 2090 819593
2090 2091 488480
2091 2092 847702
2092 2093 524235
2093 2094 100834
2094 2095 429852
2095 2096 482510
2096 2097 425731
2097 2098 304583
2098 2099 620903
2099 2100 146840
2100 2101 263378
2101 2102 749319
2102 2103 169799
2103 2104 434835
2104 2105 459131
2105 2106 211504
2106 2107 30989
2107 2108 286943
2108 2109 637682
2109 2110 523721
2110 2111 237327
2111 2112 44916
2112 2113 637591
2113 2114 697035
2114 2115 693944
2115 2116 454788
2116 2117 190516
2117 2118 23510
2118 2119 354122
2119 2120 79617
2120 2121 302313
2121 2122 766559
2122 2123 677559
2123 2124 606111
2124 2125 999944
2125 2126 785306
2126 2127 501290
2127 2128 287995
2128 2129 899232
2129 2130 795904
2130 2131 39906
2131 2132 917177
2132 2133 188532
2133 2134 766073
2134 2135 146178
2135 2136 517084
2136 2137 961755
2137 2138 489539
2138 2139 997525
2139 2140 581022
2140 2141 289627
2141 2142 657587
2142 2143 369096
2143 2144 731342
2144 2145 42653
2145 2146 416120
2146 2147 64247
2147 2148 2507
2148 2149 95995
2149 2150 659769
2150 2151 34169
2151 2152 926942
2152 2153 284195
2153 2154 496740
2154 2155 566583
2155 2156 453541
2156 2157 300339
2157 2158 994488
2158 2159 811738
2159 2160 464060
2160 2161 366099
2161 2162 156665
2162 2163 487663
2163 2164 639902
2164 2165 542165
2165 2166 459272
2166 2167 821306
2167 2168 265872
2168 2169 492830
2169 2170 310242
2170 2171 258197
2171 2172 36221
2172 2173 316456
2173 2174 146098
2174 2175 812014
2175 2176 960964
2176 2177 207750
2177 2178 141489
2178 2179 101546
2179 2180 926269
2180 2181 972145
2181 2182 5954
2182 2183 849639
2183 2184 322124
2184 2185 266009
2185 2186 572244
2186 2187 890050
2187 2188 285595
2188 2189 679923
2189 2190 928749
2190 2191 54579
2191 2192 610524
2192 2193 496574
2193 2194 510747
2194 2195 658620
2195 2196 798777
2196 2197 346994
2197 2198 322206
2198 2199 996424
2199 2200 324764
2200 2201 717048
2201 2202 864553
2202 2203 528320
2203 2204 766182
2204 2205 363646
2205 2206 481677
2206 2207 453939
2207 2208 860101
2208 2209 866165
2209 2210 46905
2210 2211 838231
2211 2212 45393
2212 2213 113104
2213 2214 394819
2214 2215 781416
2215 2216 701374
2216 2217 453184
2217 2218 55676
2218 2219 9313
2219 2220 294853
2220 2221 367374
2221 2222 388370
2222 2223 552764
2223 2224 596862
2224 2225 449607
2225 2226 387147
2226 2227 139933
2227 2228 489437
2228 2229 968793
2229 2230 711394
2230 2231 915588
2231 2232 523920
2232 2233 366892
2233 2234 635893
2234 2235 999189
2235 2236 666946
2236 2237 673294
2237 2238 799310
2238 2239 906760
2239 2240 100285
2240 2241 318492
2241 2242 610848
2242 2243 741146
2243 2244 108227
2244 2245 855542
2245 2246 706181
2246 2247 312961
2247 2248 128363
2248 2249 394640
2249 2250 576663
2250 2251 672538
2251 2252 461340
2252 2253 409978
2253 2254 606776
2254 2255 443500
2255 2256 721878
2256 2257 768559
2257 2258 852043
2258 2259 6663
2259 2260 541422
2260 2261 290645
2261 2262 582569
2262 2263 442046
2263 2264 400724
2264 2265 423521
2265 2266 110058
2266 2267 942424
2267 2268 596471
2268 2269 670329
2269 2270 288165
2270 2271 540185
2271 2272 622000
2272 2273 186070
2273 2274 607430
2274 2275 957322
2275 2276 47322
2276 2277 350964
2277 2278 944530
2278 2279 184185
2279 2280 183510
2280 2281 204747
2281 2282 882285
2282 2283 794632
2283 2284 36528
2284 2285 723886
2285 2286 144649
2286 2287 946967
2287 2288 763368
2288 2289 108011
2289 2290 181696
2290 2291 353529
2291 2292 932915
2292 2293 442802
2293 2294 663704
2294 2295 40394
2295 2296 155595
2296 2297 330088
2297 2298 87067
2298 2299 928303
2299 2300 387676
2300 2301 959282
2301 2302 624411
2302 2303 951256
2303 2304 837764
2304 2305 423707
2305 2306 710721
2306 2307 383889
2307 2308 195844
2308 2309 353013
2309 2310 808177
2310 2311 172729
2311 2312 478221
2312 2313 424311
2313 2314 793663
2314 2315 186535
2315 2316 500785
2316 2317 418756
2317 2318 183901
2318 2319 26949
2319 2320 818658
2320 2321 98736
2321 2322 477193
2322 2323 286464
2323 2324 154626
2324 2325 958826
2325 2326 157973
2326 2327 184813
2327 2328 944010
2328 2329 920279
2329 2330 724369
2330 2331 859129
2331 2332 440787
2332 2333 632192
2333 2334 537176
2334 2335 877090
2335 2336 804957
2336 2337 511055
2337 2338 236064
2338 2339 470791
2339 2340 902959
2340 2341 465945
2341 2342 159587
2342 2343 123815
2343 2344 476055
2344 2345 406993
2345 2346 876712
2346 2347 708196
2347 2348 697874
2348 2349 772715
2349 2350 280517
2350 2351 983130
2351 2352 866791
2352 2353 228950
2353 2354 681873
2354 2355 819122
2355 2356 684518
2356 2357 511491
2357 2358 110354
2358 2359 40151
2359 2360 734747
2360 2361 504570
2361 2362 102570
2362 2363 536783
2363 2364 134805
2364 2365 729098
2365 2366 560009
2366 2367 742005
2367 2368 605946
2368 2369 750261
2369 2370 715586
2370 2371 161691
2371 2372 760365
2372 2373 483245
2373 2374 930880
2374 2375 233798
2375 2376 731629
2376 2377 997480
2377 2378 99990
2378 2379 478294
2379 2380 300251
2380 2381 843848
2381 2382 216823
2382 2383 528811
2383 2384 128655
2384 2385 325551
2385 2386 776968
2386 2387 117814
2387 2388 63650
2388 2389 945229
2389 2390 810241
2390 2391 599979
2391 2392 889536
2392 2393 171951
2393 2394 90639
2394 2395 399989
2395 2396 503677
2396 2397 995755
2397 2398 171420
2398 2399 824773
2399 2400 897017
2400 2401 339239
2401 2402 519288
2402 2403 458178
2403 2404 82522
2404 2405 908378
2405 2406 975635
2406 2407 735256
2407 2408 257110
2408 2409 30215
2409 2410 385929
2410 2411 872381
2411 2412 58304
2412 2413 622704
2413 2414 503493
2414 2415 481902
2415 2416 729479
2416 2417 822959
2417 2418 11112
2418 2419 703455
2419 2420 558187
2420 2421 196918
2421 2422 751140
2422 2423 414003
2423 2424 530309
2424 2425 32820
2425 2426 898643
2426 2427 28722
2427 2428 934054
2428 2429 2443
2429 2430 189643
2430 2431 688772
2431 2432 786461
2432 2433 242001
2433 2434 551567
2434 2435 956015
2435 2436 880016
2436 2437 38732
2437 2438 194161
2438 2439 760818
2439 2440 526940
2440 2441 136973
2441 2442 571695
2442 2443 175595
2443 2444 716013
2444 2445 940127
2445 2446 909075
2446 2447 874074
2447 2448 719099
2448 2449 730994
2449 2450 231130
2450 2451 137456
2451 2452 657394
2452 2453 161031
2453 2454 427478
2454 2455 137398
2455 2456 160338
2456 2457 94074
2457 2458 584986
2458 2459 198705
2459 2460 187098
2460 2461 586205
2461 2462 54814
2462 2463 461690
2463 2464 29851
2464 2465 825020
2465 2466 79828
2466 2467 704989
2467 2468 777088
2468 2469 371676
2469 2470 257725
2470 2471 279658
2471 2472 549098
2472 2473 499822
2473 2474 63300
2474 2475 710124
2475 2476 831063
2476 2477 718725
2477 2478 125711
2478 2479 400550
2479 2480 385749
2480 2481 855544
2481 2482 895318
2482 2483 280561
2483 2484 291170
2484 2485 747468
2485 2486 712582
2486 2487 364230
2487 2488 237806
2488 2489 956312
2489 2490 373704
2490 2491 987704
2491 2492 536572
2492 2493 116710
2493 2494 466238
2494 2495 923087
2495 2496 451998
2496 2497 298446
2497 2498 252633
2498 2499 769716
2499 2500 469603
2500 2501 248976
2501 2502 940877
2502 2503 773744
2503 2504 930163
2504 2505 615468
2505 2506 747257
2506 2507 487081
2507 2508 548030
2508 2509 241007
2509 2510 700570
2510 2511 966169
2511 2512 76708
2512 2513 657046
2513 2514 402630
2514 2515 994653
2515 2516 337502
2516 2517 389792
2517 2518 891150
2518 2519 646879
2519 2520 405000
2520 2521 67936
2521 2522 767542
2522 2523 88786
2523 2524 191471
2524 2525 40095
2525 2526 314355
2526 2527 877931
2527 2528 95218
2528 2529 752652
2529 2530 337481
2530 2531 220137
2531 2532 715164
2532 2533 894645
2533 2534 653463
2534 2535 402080
2535 2536 870821
2536 2537 691885
2537 2538 514144
2538 2539 905004
2539 2540 351940
2540 2541 796310
2541 2542 324012
2542 2543 63125
2543 2544 443201
2544 2545 720356
2545 2546 300763
2546 2547 927546
2547 2548 356748
2548 2549 24276
2549 2550 65318
2550 2551 699672
2551 2552 835459
2552 2553 107693
2553 2554 999834
2554 2555 79509
2555 2556 500030
2556 2557 915222
2557 2558 281170
2558 2559 145358
2559 2560 823933
2560 2561 14702
2561 2562 505429
2562 2563 307706
2563 2564 438554
2564 2565 890928
2565 2566 711990
2566 2567 606872
2567 2568 222737
2568 2569 408351
2569 2570 75814
2570 2571 87126
2571 2572 53205
2572 2573 325664
2573 2574 849717
2574 2575 20154
2575 2576 179871
2576 2577 287718
2577 2578 640182
2578 2579 766146
2579 2580 531660
2580 2581 59813
2581 2582 306002
2582 2583 207562
2583 2584 766448
2584 2585 852906
2585 2586 440141
2586 2587 692966
2587 2588 814450
2588 2589 321415
2589 2590 575919
2590 2591 715867
2591 2592 888976
2592 2593 864657
2593 2594 412240
2594 2595 255024
2595 2596 370887
2596 2597 210957
2597 2598 980596
2598 2599 265909
2599 2600 75839
2600 2601 906641
2601 2602 138750
2602 2603 467682
2603 2604 790201
2604 2605 346456
2605 2606 126452
2606 2607 268905
2607 2608 618172
2608 2609 594344
2609 2610 934475
2610 2611 78707
2611 2612 205995
2612 2613 704684
2613 2614 727212
2614 2615 936774
2615 2616 826793
2616 2617 107029
2617 2618 479751
2618 2619 84314
2619 2620 779825
2620 2621 536709
2621 2622 303371
2622 2623 200521
2623 2624 377407
2624 2625 574804
2625 2626 11791
2626 2627 311182
2627 2628 679572
2628 2629 727678
2629 2630 302333
2630 2631 257994
2631 2632 938541
2632 2633 383071
2633 2634 454938
2634 2635 93122
2635 2636 632906
2636 2637 116186
2637 2638 56791
2638 2639 783627
2639 2640 975166
2640 2641 624363
2641 2642 183052
2642 2643 989316
2643 2644 593307
2644 2645 508532
2645 2646 398888
2646 2647 813311
2647 2648 239718
2648 2649 705045
2649 2650 727611
2650 2651 51436
2651 2652 754551
2652 2653 38221
2653 2654 900779
2654 2655 538686
2655 2656 779371
2656 2657 744142
2657 2658 718389
2658 2659 159249
2659 2660 710
2660 2661 946662
2661 2662 891261
2662 2663 702972
2663 2664 705259
2664 2665 194885
2665 2666 840440
2666 2667 516061
2667 2668 435633
2668 2669 858724
2669 2670 838780
2670 2671 252453
2671 2672 301748
2672 2673 389769
2673 2674 356264
2674 2675 621059
2675 2676 509129
2676 2677 322317
2677 2678 937365
2678 2679 541108
2679 2680 836577
2680 2681 659259
2681 2682 114262
2682 2683 483482
2683 2684 445896
2684 2685 534126
2685 2686 525466
2686 2687 319931
2687 2688 284819
2688 2689 187112
2689 2690 123137
2690 2691 689004
2691 2692 171857
2692 2693 320862
2693 2694 139011
2694 2695 740850
2695 2696 600824
2696 2697 316583
2697 2698 259353
2698 2699 294110
2699 2700 62000
2700 2701 406062
2701 2702 289801
2702 2703 317844
2703 2704 261383
2704 2705 878346
2705 2706 25187
2706 2707 504281
2707 2708 142936
2708 2709 738908
2709 2710 737358
2710 2711 74487
2711 2712 8632
2712 2713 637696
2713 2714 999854
2714 2715 236041
2715 2716 779116
2716 2717 569729
2717 2718 320083
2718 2719 988134
2719 2720 221465
2720 2721 902225
2721 2722 440820
2722 2723 744027
2723 2724 215430
2724 2725 531884
2725 2726 412270
2726 2727 521544
2727 2728 144920
2728 2729 411933
2729 2730 113566
2730 2731 936489
2731 2732 257928
2732 2733 104938
2733 2734 672185
2734 2735 311155
2735 2736 971601
2736 2737 359294
2737 2738 201240
2738 2739 472472
2739 2740 877849
2740 2741 801182
2741 2742 438839
2742 2743 240777
2743 2744 466918
2744 2745 79645
2745 2746 63836
2746 2747 41830
2747 2748 104785
2748 2749 901164
2749 2750 493300
2750 2751 484116
2751 2752 16907
2752 2753 842307
2753 2754 21768
2754 2755 135145
2755 2756 70500
2756 2757 68829
2757 2758 506462
2758 2759 248903
2759 2760 747211
2760 2761 307753
2761 2762 198614
2762 2763 65338
2763 2764 274527
2764 2765 893134
2765 2766 655096
2766 2767 636285
2767 2768 927643
2768 2769 660797
2769 2770 236053
2770 2771 959836
2771 2772 731771
2772 2773 951393
2773 2774 169319
2774 2775 345953
2775 2776 562427
2776 2777 295153
2777 2778 254580
2778 2779 374064
2779 2780 507517
2780 2781 566241
2781 2782 925003
2782 2783 393463
2783 2784 673247
2784 2785 5552
2785 2786 911400
2786 2787 599485
2787 2788 323994
2788 2789 469210
2789 2790 472649
2790 2791 137148
2791 2792 287156
2792 2793 199144
2793 2794 354156
2794 2795 374468
2795 2796 406590
2796 2797 333522
2797 2798 644665
2798 2799 791734
2799 2800 387876
2800 2801 762819
2801 2802 853328
2802 2803 420943
2803 2804 720368
2804 2805 324941
2805 2806 575624
2806 2807 943137
2807 2808 674062
2808 2809 509129
2809 2810 212460
2810 2811 475366
2811 2812 956149
2812 2813 712765
2813 2814 430252
2814 2815 586824
2815 2816 26090
2816 2817 695319
2817 2818 937616
2818 2819 109339
2819 2820 270136
2820 2821 435812
2821 2822 451309
2822 2823 879675
2823 2824 857537
2824 2825 405249
2825 2826 509954
2826 2827 415864
2827 2828 586173
2828 2829 139563
2829 2830 860242
2830 2831 384705
2831 2832 415558
2832 2833 133369
2833 2834 264358
2834 2835 811502
2835 2836 739630
2836 2837 31774
2837 2838 184124
2838 2839 31835
2839 2840 688518
2840 2841 951845
2841 2842 988453
2842 2843 324565
2843 2844 421233
2844 2845 741022
2845 2846 719201
2846 2847 442910
2847 2848 788973
2848 2849 120745
2849 2850 189728
2850 2851 26935
2851 2852 416729
2852 2853 577180
2853 2854 510835
2854 2855 587445
2855 2856 915447
2856 2857 972379
2857 2858 104963
2858 2859 800904
2859 2860 805671
2860 2861 341904
2861 2862 382518
2862 2863 261639
2863 2864 774220
2864 2865 260774
2865 2866 198073
2866 2867 523089
2867 2868 732150
2868 2869 133382
2869 2870 68319
2870 2871 913222
2871 2872 117189
2872 2873 667545
2873 2874 926109
2874 2875 168288
2875 2876 179222
2876 2877 59093
2877 2878 316421
2878 2879 473308
2879 2880 310497
2880 2881 255237
2881 2882 887135
2882 2883 392704
2883 2884 952825
2884 2885 774140
2885 2886 648143
2886 2887 617906
2887 2888 807220
2888 2889 37518
2889 2890 964417
2890 2891 204279
2891 2892 430450
2892 2893 91983
2893 2894 613326
2894 2895 955769
2895 2896 81198
2896 2897 211639
2897 2898 173614
2898 2899 474921
2899 2900 5550
2900 2901 267212
2901 2902 399189
2902 2903 539750
2903 2904 637441
2904 2905 549884
2905 2906 584233
2906 2907 30914
2907 2908 800131
2908 2909 178523
2909 2910 76925
2910 2911 591996
2911 2912 366788
2912 2913 831411
2913 2914 517691
2914 2915 695716
2915 2916 329800
2916 2917 357516
2917 2918 497238
2918 2919 793402
2919 2920 648894
2920 2921 200863
2921 2922 342516
2922 2923 75986
2923 2924 94947
2924 2925 492814
2925 2926 266500
2926 2927 751079
2927 2928 676723
2928 2929 640711
2929 2930 613941
2930 2931 862478
2931 2932 841753
2932 2933 740734
2933 2934 559209
2934 2935 316694
2935 2936 514138
2936 2937 976166
2937 2938 149706
2938 2939 62253
2939 2940 805504
2940 2941 498460
2941 2942 814039
2942 2943 880627
2943 2944 282385
2944 2945 381485
2945 2946 950799
2946 2947 154098
2947 2948 201749
2948 2949 566313
2949 2950 901105
2950 2951 402599
2951 2952 422729
2952 2953 682750
2953 2954 425707
2954 2955 637516
2955 2956 630025
2956 2957 974787
2957 2958 592934
2958 2959 866885
2959 2960 140223
2960 2961 918301
2961 2962 627663
2962 2963 395379
2963 2964 645795
2964 2965 801381
2965 2966 250264
2966 2967 807927
2967 2968 943238
2968 2969 457984
2969 2970 924328
2970 2971 629961
2971 2972 769688
2972 2973 667368
2973 2974 748512
2974 2975 276917
2975 2976 573999
2976 2977 723379
2977 2978 431881
2978 2979 176096
2979 2980 300647
2980 2981 44104
2981 2982 688650
2982 2983 950067
2983 2984 485255
2984 2985 490571
2985 2986 707896
2986 2987 79792
2987 2988 295371
2988 2989 746751
2989 2990 90536
2990 2991 57279
2991 2992 935189
2992 2993 587379
2993 2994 624223
2994 2995 679055
2995 2996 412926
2996 2997 14790
2997 2998 330259
2998 2999 908509
2999 3000 176481
3000 3001 839384
3001 3002 746767
3002 3003 514831
3003 3004 967447
3004 3005 745365
3005 3006 116097
3006 3007 640586
3007 3008 796308
3008 3009 701469
3009 3010 566606
3010 3011 768652
3011 3012 947781
3012 3013 961685
3013 3014 710728
3014 3015 654265
3015 3016 772955
3016 3017 181423
3017 3018 60547
3018 3019 991930
3019 3020 967421
3020 3021 545465
3021 3022 48413
3022 3023 133086
3023 3024 324112
3024 3025 284099
3025 3026 703342
3026 3027 860009
3027 3028 401097
3028 3029 701955
3029 3030 899752
3030 3031 236267
3031 3032 272525
3032 3033 859614
3033 3034 794815
3034 3035 299185
3035 3036 571581
3036 3037 231065
3037 3038 78467
3038 3039 243051
3039 3040 752064
3040 3041 192384
3041 3042 974040
3042 3043 245790
3043 3044 109487
3044 3045 394584
3045 3046 571762
3046 3047 495711
3047 3048 893030
3048 3049 505757
3049 3050 764630
3050 3051 337399
3051 3052 915754
3052 3053 859021
3053 3054 959375
3054 3055 358337
3055 3056 597400
3056 3057 818051
3057 3058 239554
3058 3059 622463
3059 3060 329191
3060 3061 78040
3061 3062 868368
3062 3063 871147
3063 3064 700196
3064 3065 37188
3065 3066 262749
3066 3067 363299
3067 3068 513983
3068 3069 712671
3069 3070 962760
3070 3071 751826
3071 3072 839041
3072 3073 15969
3073 3074 9829
3074 3075 563
3075 3076 683131
3076 3077 126210
3077 3078 125347
3078 3079 844534
3079 3080 971638
3080 3081 999114
3081 3082 291533
3082 3083 286149
3083 3084 559362
3084 3085 154010
3085 3086 120295
3086 3087 140737
3087 3088 105016
3088 3089 1700
3089 3090 194195
3090 3091 342268
3091 3092 585382
3092 3093 662870
3093 3094 981383
3094 3095 913830
3095 3096 616327
3096 3097 542790
3097 3098 92532
3098 3099 567731
3099 3100 791554
3100 3101 114847
3101 3102 724559
3102 3103 214589
3103 3104 308969
3104 3105 584437
3105 3106 184599
3106 3107 172802
3107 3108 312056
3108 3109 823097
3109 3110 864938
3110 3111 120780
3111 3112 675024
3112 3113 131584
3113 3114 841858
3114 3115 212279
3115 3116 25418
3116 3117 658624
3117 3118 246176
3118 3119 700550
3119 3120 128604
3120 3121 130744
3121 3122 574495
3122 3123 317295
3123 3124 431726
3124 3125 605123
3125 3126 177248
3126 3127 569682
3127 3128 656116
3128 3129 507567
3129 3130 378541
3130 3131 585920
3131 3132 234348
3132 3133 917276
3133 3134 366601
3134 3135 150769
3135 3136 859963
3136 3137 702352
3137 3138 21066
3138 3139 140622
3139 3140 530837
3140 3141 319783
3141 3142 447550
3142 3143 101323
3143 3144 552492
3144 3145 696676
3145 3146 68132
3146 3147 543635
3147 3148 213499
3148 3149 936912
3149 3150 591260
3150 3151 341761
3151 3152 76555
3152 3153 159142
3153 3154 940649
3154 3155 905503
3155 3156 24799
3156 3157 646310
3157 3158 761986
3158 3159 547220
3159 3160 611905
3160 3161 96526
3161 3162 797875
3162 3163 949241
3163 3164 415078
3164 3165 349543
3165 3166 566342
3166 3167 921514
3167 3168 74433
3168 3169 421178
3169 3170 968156
3170 3171 70304
3171 3172 763116
3172 3173 894901
3173 3174 288631
3174 3175 291452
3175 3176 258587
3176 3177 495710
3177 3178 934609
3178 3179 524235
3179 3180 436970
3180 3181 715465
3181 3182 720739
3182 3183 983556
3183 3184 83752
3184 3185 429090
3185 3186 4783
3186 3187 264598
3187 3188 975283
3188 3189 467959
3189 3190 284716
3190 3191 361430
3191 3192 428499
3192 3193 665764
3193 3194 899246
3194 3195 139187
3195 3196 622562
3196 3197 404580
3197 3198 53283
3198 3199 951764
3199 3200 771463
3200 3201 851478
3201 3202 742409
3202 3203 702539
3203 3204 557883
3204 3205 392195
3205 3206 655028
3206 3207 15979
3207 3208 953165
3208 3209 131416
3209 3210 551263
3210 3211 160731
3211 3212 579114
3212 3213 506729
3213 3214 750434
3214 3215 829908
3215 3216 143968
3216 3217 209754
3217 3218 18979
3218 3219 551441
3219 3220 623441
3220 3221 391641
3221 3222 277539
3222 3223 821057
3223 3224 840238
3224 3225 289669
3225 3226 528212
3226 3227 759239
3227 3228 875230
3228 3229 500025
3229 3230 304783
3230 3231 292839
3231 3232 339126
3232 3233 396782
3233 3234 823726
3234 3235 174757
3235 3236 876383
3236 3237 901521
3237 3238 861605
3238 3239 94284
3239 3240 223237
3240 3241 828612
3241 3242 269804
3242 3243 735395
3243 3244 867656
3244 3245 942841
3245 3246 40845
3246 3247 508818
3247 3248 400815
3248 3249 170963
3249 3250 306796
3250 3251 614142
3251 3252 246687
3252 3253 59421
3253 3254 328976
3254 3255 48486
3255 3256 869191
3256 3257 260985
3257 3258 280600
3258 3259 918078
3259 3260 811902
3260 3261 962598
3261 3262 746643
3262 3263 635921
3263 3264 196847
3264 3265 452136
3265 3266 666915
3266 3267 935598
3267 3268 157944
3268 3269 99051
3269 3270 324755
3270 3271 880355
3271 3272 175976
3272 3273 246070
3273 3274 434098
3274 3275 220119
3275 3276 108818
3276 3277 418547
3277 3278 900524
3278 3279 237820
3279 3280 857234
3280 3281 524173
3281 3282 620067
3282 3283 448178
3283 3284 862261
3284 3285 559217
3285 3286 388212
3286 3287 567357
3287 3288 606349
3288 3289 464048
3289 3290 992784
3290 3291 159681
3291 3292 314367
3292 3293 572972
3293 3294 924382
3294 3295 276505
3295 3296 853116
3296 3297 287772
3297 3298 519306
3298 3299 617358
3299 3300 579898
3300 3301 754185
3301 3302 208201
3302 3303 834669
3303 3304 973465
3304 3305 552227
3305 3306 809572
3306 3307 356541
3307 3308 964435
3308 3309 746802
3309 3310 350745
3310 3311 131989
3311 3312 680126
3312 3313 825561
3313 3314 98375
3314 3315 129286
3315 3316 505998
3316 3317 311484
3317 3318 285906
3318 3319 937449
3319 3320 243736
3320 3321 161506
3321 3322 868786
3322 3323 472791
3323 3324 349951
3324 3325 969504
3325 3326 368848
3326 3327 943690
3327 3328 701003
3328 3329 760227
3329 3330 698168
3330 3331 989735
3331 3332 30015
3332 3333 210543
3333 3334 777368
3334 3335 396242
3335 3336 449026
3336 3337 670824
3337 3338 453863
3338 3339 569089
3339 3340 789513
3340 3341 771887
3341 3342 88004
3342 3343 226914
3343 3344 62769
3344 3345 496523
3345 3346 473274
3346 3347 849523
3347 3348 58399
3348 3349 463196
3349 3350 855051
3350 3351 980650
3351 3352 698412
3352 3353 691016
3353 3354 589210
3354 3355 577023
3355 3356 232452
3356 3357 391769
3357 3358 978273
3358 3359 370378
3359 3360 98602
3360 3361 953767
3361 3362 422509
3362 3363 8999
3363 3364 631831
3364 3365 67570
3365 3366 879735
3366 3367 292167
3367 3368 65556
3368 3369 124007
3369 3370 306822
3370 3371 293495
3371 3372 324830
3372 3373 379020
3373 3374 808730
3374 3375 441930
3375 3376 613784
3376 3377 308673
3377 3378 308336
3378 3379 832352
3379 3380 21869
3380 3381 160839
3381 3382 590919
3382 3383 367887
3383 3384 654473
3384 3385 813054
3385 3386 239516
3386 3387 22324
3387 3388 754496
3388 3389 781404
3389 3390 942726
3390 3391 746141
3391 3392 538067
3392 3393 461961
3393 3394 2104
3394 3395 804709
3395 3396 823538
3396 3397 45908
3397 3398 121118
3398 3399 745237
3399 3400 219128
3400 3401 368185
3401 3402 318281
3402 3403 932541
3403 3404 422432
3404 3405 977510
3405 3406 900519
3406 3407 963978
3407 3408 811788
3408 3409 240384
3409 3410 52429
3410 3411 174268
3411 3412 199823
3412 3413 213078
3413 3414 575158
3414 3415 957372
3415 3416 979647
3416 3417 126522
3417 3418 195031
3418 3419 823622
3419 3420 539424
3420 3421 765193
3421 3422 859798
3422 3423 243188
3423 3424 978786
3424 3425 743905
3425 3426 237261
3426 3427 759610
3427 3428 177640
3428 3429 670718
3429 3430 980544
3430 3431 438404
3431 3432 474262
3432 3433 510273
3433 3434 357246
3434 3435 103918
3435 3436 175184
3436 3437 894530
3437 3438 425928
3438 3439 545963
3439 3440 830586
3440 3441 898650
3441 3442 846524
3442 3443 289282
3443 3444 415501
3444 3445 993660
3445 3446 147821
3446 3447 411762
3447 3448 323490
3448 3449 315130
3449 3450 632583
3450 3451 363925
3451 3452 632536
3452 3453 536372
3453 3454 85629
3454 3455 567207
3455 3456 524894
3456 3457 289574
3457 3458 784353
3458 3459 853148
3459 3460 722231
3460 3461 304917
3461 3462 133252
3462 3463 253987
3463 3464 484097
3464 3465 533750
3465 3466 546418
3466 3467 41787
3467 3468 569143
3468 3469 696289
3469 3470 431144
3470 3471 369893
3471 3472 163020
3472 3473 120177
3473 3474 547605
3474 3475 690252
3475 3476 804755
3476 3477 474382
3477 3478 934498
3478 3479 957988
3479 3480 42530
3480 3481 895740
3481 3482 457722
3482 3483 607317
3483 3484 468226
3484 3485 484000
3485 3486 484428
3486 3487 188221
3487 3488 211731
3488 3489 103182
3489 3490 119859
3490 3491 416514
3491 3492 779643
3492 3493 333111
3493 3494 93413
3494 3495 375858
3495 3496 977323
3496 3497 99296
3497 3498 447724
3498 3499 725255
3499 3500 168745
3500 3501 117930
3501 3502 101185
3502 3503 363616
3503 3504 535991
3504 3505 125813
3505 3506 49958
3506 3507 76478
3507 3508 227752
3508 3509 196444
3509 3510 381443
3510 3511 578559
3511 3512 439547
3512 3513 274874
3513 3514 54016
3514 3515 897860
3515 3516 850613
3516 3517 788325
3517 3518 409384
3518 3519 938273
3519 3520 974406
3520 3521 353915
3521 3522 995575
3522 3523 880784
3523 3524 195866
3524 3525 724735
3525 3526 918409
3526 3527 495355
3527 3528 175128
3528 3529 397626
3529 3530 778093
3530 3531 260078
3531 3532 207792
3532 3533 529129
3533 3534 590471
3534 3535 602947
3535 3536 810592
3536 3537 89741
3537 3538 847769
3538 3539 145704
3539 3540 537517
3540 3541 36943
3541 3542 834633
3542 3543 379140
3543 3544 969463
3544 3545 576857
3545 3546 294708
3546 3547 268743
3547 3548 151787
3548 3549 593182
3549 3550 28790
3550 3551 184454
3551 3552 748793
3552 3553 269502
3553 3554 71119
3554 3555 683067
3555 3556 360093
3556 3557 537851
3557 3558 435170
3558 3559 1925
3559 3560 620812
3560 3561 689345
3561 3562 400556
3562 3563 147071
3563 3564 702395
3564 3565 393175
3565 3566 385685
3566 3567 35960
3567 3568 206974
3568 3569 617683
3569 3570 118051
3570 3571 174904
3571 3572 831594
3572 3573 109364
3573 3574 119239
3574 3575 920860
3575 3576 854316
3576 3577 548503
3577 3578 68700
3578 3579 493501
3579 3580 654166
3580 3581 235170
3581 3582 281690
3582 3583 984730
3583 3584 707866
3584 3585 460354
3585 3586 977448
3586 3587 316334
3587 3588 938136
3588 3589 890926
3589 3590 388947
3590 3591 121018
3591 3592 474435
3592 3593 11619
3593 3594 110417
3594 3595 381465
3595 3596 694166
3596 3597 307774
3597 3598 987108
3598 3599 886380
3599 3600 88890
3600 3601 685052
3601 3602 947253
3602 3603 310938
3603 3604 720840
3604 3605 135586
3605 3606 59705
3606 3607 330213
3607 3608 602557
3608 3609 51799
3609 3610 155594
3610 3611 188570
3611 3612 454428
3612 3613 631025
3613 3614 931753
3614 3615 780239
3615 3616 720802
3616 3617 851152
3617 3618 608066
3618 3619 530673
3619 3620 718173
3620 3621 284159
3621 3622 270480
3622 3623 658307
3623 3624 225387
3624 3625 877308
3625 3626 720260
3626 3627 597668
3627 3628 495496
3628 3629 420197
3629 3630 602327
3630 3631 973432
3631 3632 328691
3632 3633 570704
3633 3634 810981
3634 3635 206937
3635 3636 397077
3636 3637 878661
3637 3638 476850
3638 3639 543932
3639 3640 101341
3640 3641 692106
3641 3642 508916
3642 3643 215993
3643 3644 421265
3644 3645 161632
3645 3646 419782
3646 3647 777653
3647 3648 393107
3648 3649 671462
3649 3650 84825
3650 3651 318758
3651 3652 897092
3652 3653 444788
3653 3654 353906
3654 3655 638163
3655 3656 96180
3656 3657 461511
3657 3658 364626
3658 3659 269281
3659 3660 374618
3660 3661 838159
3661 3662 377952
3662 3663 648958
3663 3664 475894
3664 3665 716585
3665 3666 250659
3666 3667 63879
3667 3668 272578
3668 3669 612102
3669 3670 794058
3670 3671 301323
3671 3672 918301
3672 3673 915519
3673 3674 261788
3674 3675 147552
3675 3676 999240
3676 3677 433755
3677 3678 944921
3678 3679 874871
3679 3680 54526
3680 3681 468187
3681 3682 374296
3682 3683 549307
3683 3684 636273
3684 3685 73366
3685 3686 544252
3686 3687 224075
3687 3688 687066
3688 3689 478521
3689 3690 561100
3690 3691 105254
3691 3692 397550
3692 3693 753409
3693 3694 399807
3694 3695 420883
3695 3696 123204
3696 3697 472789
3697 3698 137386
3698 3699 242760
3699 3700 383741
3700 3701 199320
3701 3702 939733
3702 3703 341367
3703 3704 463086
3704 3705 661493
3705 3706 912915
3706 3707 955311
3707 3708 241509
3708 3709 699256
3709 3710 585168
3710 3711 928356
3711 3712 993745
3712 3713 480152
3713 3714 146933
3714 3715 193432
3715 3716 17030
3716 3717 369271
3717 3718 553047
3718 3719 433894
3719 3720 284282
3720 3721 995532
3721 3722 186978
3722 3723 405105
3723 3724 468317
3724 3725 987930
3725 3726 896032
3726 3727 709981
3727 3728 579119
3728 3729 512226
3729 3730 210785
3730 3731 389139
3731 3732 254147
3732 3733 999253
3733 3734 971655
3734 3735 714246
3735 3736 420523
3736 3737 239367
3737 3738 191334
3738 3739 609935
3739 3740 823442
3740 3741 70305
3741 3742 281276
3742 3743 493656
3743 3744 269127
3744 3745 44521
3745 3746 250351
3746 3747 517530
3747 3748 697517
3748 3749 129946
3749 3750 479203
3750 3751 719365
3751 3752 39104
3752 3753 833362
3753 3754 480430
3754 3755 575260
3755 3756 79718
3756 3757 210206
3757 3758 437341
3758 3759 352338
3759 3760 575164
3760 3761 984065
3761 3762 229407
3762 3763 876226
3763 3764 500631
3764 3765 953134
3765 3766 52743
3766 3767 753453
3767 3768 328248
3768 3769 51503
3769 3770 312072
3770 3771 660055
3771 3772 657769
3772 3773 590703
3773 3774 818936
3774 3775 599992
3775 3776 464275
3776 3777 734902
3777 3778 144768
3778 3779 348305
3779 3780 981173
3780 3781 200565
3781 3782 931992
3782 3783 809136
3783 3784 219733
3784 3785 10151
3785 3786 989884
3786 3787 352977
3787 3788 662870
3788 3789 50461
3789 3790 639205
3790 3791 912645
3791 3792 712482
3792 3793 928488
3793 3794 404812
3794 3795 538966
3795 3796 934136
3796 3797 422347
3797 3798 618865
3798 3799 161653
3799 3800 5114
3800 3801 427013
3801 3802 927197
3802 3803 644210
3803 3804 44583
3804 3805 260778
3805 3806 845477
3806 3807 201088
3807 3808 284977
3808 3809 304139
3809 3810 213729
3810 3811 437753
3811 3812 970277
3812 3813 459524
3813 3814 659896
3814 3815 875927
3815 3816 119844
3816 3817 725054
3817 3818 509812
3818 3819 112451
3819 3820 219697
3820 3821 484187
3821 3822 709079
3822 3823 346410
3823 3824 553855
3824 3825 726785
3825 3826 390137
3826 3827 127978
3827 3828 243291
3828 3829 544959
3829 3830 459947
3830 3831 724445
3831 3832 952557
3832 3833 692124
3833 3834 200132
3834 3835 771358
3835 3836 723755
3836 3837 698972
3837 3838 353856
3838 3839 585757
3839 3840 225712
3840 3841 1012
3841 3842 788369
3842 3843 389213
3843 3844 678067
3844 3845 779078
3845 3846 917274
3846 3847 247716
3847 3848 572909
3848 3849 237920
3849 3850 912525
3850 3851 856944
3851 3852 437293
3852 3853 54351
3853 3854 336342
3854 3855 865053
3855 3856 614303
3856 3857 792591
3857 3858 31959
3858 3859 413367
3859 3860 76245
3860 3861 490897
3861 3862 802432
3862 3863 458687
3863 3864 331376
3864 3865 760124
3865 3866 221649
3866 3867 662223
3867 3868 125682
3868 3869 569016
3869 3870 179924
3870 3871 55292
3871 3872 131966
3872 3873 310444
3873 3874 689930
3874 3875 30957
3875 3876 60794
3876 3877 393752
3877 3878 758460
3878 3879 926452
3879 3880 412454
3880 3881 767040
3881 3882 143258
3882 3883 107771
3883 3884 379567
3884 3885 86248
3885 3886 441721
3886 3887 428934
3887 3888 68177
3888 3889 752684
3889 3890 991557
3890 3891 170694
3891 3892 366349
3892 3893 52813
3893 3894 858699
3894 3895 856503
3895 3896 300720
3896 3897 447960
3897 3898 613600
3898 3899 200340
3899 3900 731194
3900 3901 351513
3901 3902 202630
3902 3903 774052
3903 3904 69609
3904 3905 412836
3905 3906 831970
3906 3907 278711
3907 3908 855835
3908 3909 828232
3909 3910 993503
3910 3911 571478
3911 3912 805593
3912 3913 649441
3913 3914 929412
3914 3915 957197
3915 3916 487604
3916 3917 357028
3917 3918 635915
3918 3919 263246
3919 3920 183798
3920 3921 255093
3921 3922 768311
3922 3923 285203
3923 3924 133807
3924 3925 562957
3925 3926 185250
3926 3927 756130
3927 3928 633523
3928 3929 654436
3929 3930 367003
3930 3931 599008
3931 3932 562016
3932 3933 858607
3933 3934 508293
3934 3935 397763
3935 3936 574811
3936 3937 964850
3937 3938 400678
3938 3939 530442
3939 3940 579511
3940 3941 473210
3941 3942 690217
3942 3943 690910
3943 3944 179562
3944 3945 720152
3945 3946 349517
3946 3947 801523
3947 3948 429579
3948 3949 924858
3949 3950 688437
3950 3951 563287
3951 3952 163777
3952 3953 666078
3953 3954 390381
3954 3955 849799
3955 3956 834215
3956 3957 364567
3957 3958 142217
3958 3959 289635
3959 3960 535310
3960 3961 859650
3961 3962 783550
3962 3963 658893
3963 3964 58667
3964 3965 458897
3965 3966 817933
3966 3967 815067
3967 3968 995265
3968 3969 307241
3969 3970 651808
3970 3971 339326
3971 3972 138584
3972 3973 901655
3973 3974 922020
3974 3975 160638
3975 3976 356900
3976 3977 736171
3977 3978 385635
3978 3979 935074
3979 3980 839595
3980 3981 508068
3981 3982 91427
3982 3983 40758
3983 3984 725746
3984 3985 741378
3985 3986 404407
3986 3987 812380
3987 3988 322539
3988 3989 520340
3989 3990 753761
3990 3991 585398
3991 3992 266649
3992 3993 292899
3993 3994 618932
3994 3995 602415
3995 3996 148855
3996 3997 311956
3997 3998 251781
3998 3999 813180
3999 4000 608061
4000 4001 491126
4001 4002 35650
4002 4003 465183
4003 4004 792691
4004 4005 977768
4005 4006 847857
4006 4007 487149
4007 4008 884226
4008 4009 511864
4009 4010 348739
4010 4011 159051
4011 4012 515724
4012 4013 797716
4013 4014 482774
4014 4015 93273
4015 4016 249914
4016 4017 508890
4017 4018 319670
4018 4019 473522
4019 4020 427056
4020 4021 912442
4021 4022 133642
4022 4023 411151
4023 4024 634480
4024 4025 310530
4025 4026 562966
4026 4027 686115
4027 4028 237776
4028 4029 404625
4029 4030 249989
4030 4031 120732
4031 4032 158313
4032 4033 866854
4033 4034 403133
4034 4035 916030
4035 4036 710786
4036 4037 616871
4037 4038 676982
4038 4039 769434
4039 4040 204329
4040 4041 860277
4041 4042 612293
4042 4043 781700
4043 4044 541572
4044 4045 835631
4045 4046 972281
4046 4047 188437
4047 4048 143656
4048 4049 417109
4049 4050 596026
4050 4051 868325
4051 4052 451547
4052 4053 864796
4053 4054 160855
4054 4055 60774
4055 4056 928574
4056 4057 532558
4057 4058 496507
4058 4059 556336
4059 4060 824838
4060 4061 932319
4061 4062 667203
4062 4063 864417
4063 4064 863890
4064 4065 282000
4065 4066 671223
4066 4067 964022
4067 4068 311695
4068 4069 699068
4069 4070 819797
4070 4071 767997
4071 4072 181166
4072 4073 221321
4073 4074 719264
4074 4075 384792
4075 4076 772698
4076 4077 156107
4077 4078 716628
4078 4079 994053
4079 4080 500470
4080 4081 983145
4081 4082 284877
4082 4083 931770
4083 4084 423741
4084 4085 706989
4085 4086 977658
4086 4087 510715
4087 4088 442273
4088 4089 493081
4089 4090 851104
4090 4091 258303
4091 4092 862324
4092 4093 800589
4093 4094 444426
4094 4095 403201
4095 4096 472021
4096 4097 663155
4097 4098 271317
4098 4099 965449
4099 4100 956463
4100 4101 422580
4101 4102 322765
4102 4103 172634
4103 4104 111968
4104 4105 537226
4105 4106 640752
4106 4107 306141
4107 4108 744603
4108 4109 991579
4109 4110 784993
4110 4111 117970
4111 4112 37985
4112 4113 982996
4113 4114 997301
4114 4115 104865
4115 4116 577894
4116 4117 101432
4117 4118 353628
4118 4119 801387
4119 4120 284587
4120 4121 149983
4121 4122 223084
4122 4123 388482
4123 4124 820560
4124 4125 517779
4125 4126 841025
4126 4127 737929
4127 4128 566604
4128 4129 479040
4129 4130 872898
4130 4131 314775
4131 4132 517546
4132 4133 931226
4133 4134 886891
4134 4135 201735
4135 4136 615829
4136 4137 879189
4137 4138 644279
4138 4139 623536
4139 4140 712141
4140 4141 491767
4141 4142 603890
4142 4143 79380
4143 4144 7497
4144 4145 349237
4145 4146 949241
4146 4147 615156
4147 4148 152583
4148 4149 393458
4149 4150 675179
4150 4151 334703
4151 4152 14066
4152 4153 920232
4153 4154 251194
4154 4155 216377
4155 4156 974202
4156 4157 819723
4157 4158 513828
4158 4159 85202
4159 4160 190502
4160 4161 234510
4161 4162 278428
4162 4163 259529
4163 4164 908655
4164 4165 589243
4165 4166 265000
4166 4167 143164
4167 4168 403831
4168 4169 148116
4169 4170 775218
4170 4171 257789
4171 4172 661300
4172 4173 728122
4173 4174 657767
4174 4175 220036
4175 4176 79345
4176 4177 46968
4177 4178 810341
4178 4179 38930
4179 4180 423348
4180 4181 326561
4181 4182 436727
4182 4183 434767
4183 4184 544613
4184 4185 366910
4185 4186 640529
4186 4187 796093
4187 4188 213169
4188 4189 137486
4189 4190 468509
4190 4191 892374
4191 4192 412340
4192 4193 746572
4193 4194 393998
4194 4195 186898
4195 4196 442801
4196 4197 410480
4197 4198 580303
4198 4199 920759
4199 4200 358330
4200 4201 296363
4201 4202 320775
4202 4203 255620
4203 4204 285345
4204 4205 380493
4205 4206 469492
4206 4207 241331
4207 4208 979409
4208 4209 489748
4209 4210 787214
4210 4211 365221
4211 4212 373394
4212 4213 332057
4213 4214 716567
4214 4215 815259
4215 4216 65148
4216 4217 526833
4217 4218 140733
4218 4219 285914
4219 4220 35634
4220 4221 149536
4221 4222 599229
4222 4223 577692
4223 4224 937440
4224 4225 5102
4225 4226 932537
4226 4227 550209
4227 4228 283258
4228 4229 56138
4229 4230 430321
4230 4231 178026
4231 4232 60069
4232 4233 673983
4233 4234 811788
4234 4235 601193
4235 4236 159671
4236 4237 344662
4237 4238 648039
4238 4239 509813
4239 4240 27463
4240 4241 634068
4241 4242 575573
4242 4243 228957
4243 4244 643077
4244 4245 986307
4245 4246 723281
4246 4247 982435
4247 4248 264639
4248 4249 590689
4249 4250 674550
4250 4251 670439
4251 4252 203489
4252 4253 392738
4253 4254 59115
4254 4255 320984
4255 4256 541766
4256 4257 643160
4257 4258 913839
4258 4259 864673
4259 4260 27970
4260 4261 313699
4261 4262 782224
4262 4263 59703
4263 4264 888849
4264 4265 613634
4265 4266 92497
4266 4267 553894
4267 4268 552998
4268 4269 882720
4269 4270 583623
4270 4271 135575
4271 4272 329087
4272 4273 325377
4273 4274 256155
4274 4275 267985
4275 4276 418317
4276 4277 796318
4277 4278 182380
4278 4279 493893
4279 4280 372579
4280 4281 715973
4281 4282 609865
4282 4283 524084
4283 4284 154986
4284 4285 148362
4285 4286 690270
4286 4287 736732
4287 4288 449720
4288 4289 727982
4289 4290 723806
4290 4291 127658
4291 4292 228382
4292 4293 276749
4293 4294 983071
4294 4295 142213
4295 4296 168248
4296 4297 652076
4297 4298 200411
4298 4299 207328
4299 4300 838234
4300 4301 541785
4301 4302 671160
4302 4303 602713
4303 4304 247778
4304 4305 710577
4305 4306 708052
4306 4307 342987
4307 4308 69784
4308 4309 234753
4309 4310 737887
4310 4311 440724
4311 4312 485835
4312 4313 261647
4313 4314 969448
4314 4315 487147
4315 4316 27529
4316 4317 387035
4317 4318 501580
4318 4319 623160
4319 4320 542961
4320 4321 505764
4321 4322 273236
4322 4323 356380
4323 4324 332762
4324 4325 370497
4325 4326 187743
4326 4327 173564
4327 4328 442215
4328 4329 922189
4329 4330 331148
4330 4331 98716
4331 4332 745866
4332 4333 290075
4333 4334 652981
4334 4335 954883
4335 4336 284541
4336 4337 229617
4337 4338 6515
4338 4339 123812
4339 4340 904656
4340 4341 589482
4341 4342 168208
4342 4343 456468
4343 4344 861749
4344 4345 240828
4345 4346 841934
4346 4347 146478
4347 4348 536208
4348 4349 281212
4349 4350 9141
4350 4351 76021
4351 4352 569144
4352 4353 62481
4353 4354 795571
4354 4355 780409
4355 4356 84595
4356 4357 235542
4357 4358 288022
4358 4359 969731
4359 4360 557216
4360 4361 933062
4361 4362 148898
4362 4363 382033
4363 4364 103224
4364 4365 601065
4365 4366 849157
4366 4367 369194
4367 4368 720884
4368 4369 233844
4369 4370 523954
4370 4371 935029
4371 4372 495689
4372 4373 925732
4373 4374 631646
4374 4375 749032
4375 4376 818276
4376 4377 929732
4377 4378 375665
4378 4379 445792
4379 4380 624205
4380 4381 824877
4381 4382 137099
4382 4383 890716
4383 4384 463224
4384 4385 955767
4385 4386 380205
4386 4387 915782
4387 4388 357399
4388 4389 115477
4389 4390 688346
4390 4391 553176
4391 4392 873867
4392 4393 674867
4393 4394 29076
4394 4395 176264
4395 4396 836003
4396 4397 218634
4397 4398 560666
4398 4399 567293
4399 4400 817408
4400 4401 491391
4401 4402 341673
4402 4403 758215
4403 4404 286702
4404 4405 326559
4405 4406 630151
4406 4407 90509
4407 4408 56909
4408 4409 67482
4409 4410 170466
4410 4411 853991
4411 4412 577769
4412 4413 678544
4413 4414 554269
4414 4415 963918
4415 4416 308564
4416 4417 40478
4417 4418 861903
4418 4419 882109
4419 4420 194804
4420 4421 151672
4421 4422 645092
4422 4423 861782
4423 4424 302799
4424 4425 761376
4425 4426 821572
4426 4427 683483
4427 4428 564189
4428 4429 149206
4429 4430 805800
4430 4431 334485
4431 4432 903433
4432 4433 167498
4433 4434 127794
4434 4435 890911
4435 4436 1196
4436 4437 419599
4437 4438 7362
4438 4439 297233
4439 4440 461023
4440 4441 665366
4441 4442 11994
4442 4443 486450
4443 4444 343276
4444 4445 816786
4445 4446 736336
4446 4447 606715
4447 4448 473240
4448 4449 378227
4449 4450 432531
4450 4451 160036
4451 4452 685345
4452 4453 749719
4453 4454 805502
4454 4455 102183
4455 4456 836063
4456 4457 291875
4457 4458 88389
4458 4459 401122
4459 4460 177770
4460 4461 547426
4461 4462 666587
4462 4463 684608
4463 4464 729961
4464 4465 299531
4465 4466 260977
4466 4467 593920
4467 4468 27539
4468 4469 68675
4469 4470 838075
4470 4471 418872
4471 4472 77269
4472 4473 996433
4473 4474 561981
4474 4475 819610
4475 4476 68983
4476 4477 207767
4477 4478 875783
4478 4479 757738
4479 4480 638455
4480 4481 521429
4481 4482 987121
4482 4483 84904
4483 4484 159660
4484 4485 534775
4485 4486 443180
4486 4487 731796
4487 4488 756220
4488 4489 587668
4489 4490 560804
4490 4491 691558
4491 4492 923021
4492 4493 214322
4493 4494 902642
4494 4495 383531
4495 4496 483249
4496 4497 114665
4497 4498 31114
4498 4499 712183
4499 4500 96202
4500 4501 666926
4501 4502 378513
4502 4503 548074
4503 4504 239957
4504 4505 618474
4505 4506 20766
4506 4507 376038
4507 4508 25459
4508 4509 649492
4509 4510 605735
4510 4511 6056
4511 4512 533077
4512 4513 365685
4513 4514 573998
4514 4515 760147
4515 4516 452533
4516 4517 604685
4517 4518 361673
4518 4519 755178
4519 4520 717676
4520 4521 147733
4521 4522 622781
4522 4523 470939
4523 4524 609716
4524 4525 327423
4525 4526 135235
4526 4527 16407
4527 4528 306567
4528 4529 687198
4529 4530 95404
4530 4531 301437
4531 4532 260834
4532 4533 114276
4533 4534 982166
4534 4535 981154
4535 4536 504761
4536 4537 816628
4537 4538 243895
4538 4539 262386
4539 4540 409086
4540 4541 89402
4541 4542 711320
4542 4543 892806
4543 4544 938743
4544 4545 170485
4545 4546 53121
4546 4547 80519
4547 4548 479623
4548 4549 795421
4549 4550 791584
4550 4551 394761
4551 4552 112243
4552 4553 566689
4553 4554 359507
4554 4555 163889
4555 4556 518386
4556 4557 776572
4557 4558 154044
4558 4559 956716
4559 4560 20614
4560 4561 178092
4561 4562 455288
4562 4563 513218
4563 4564 389822
4564 4565 227485
4565 4566 204708
4566 4567 656164
4567 4568 972045
4568 4569 353157
4569 4570 131798
4570 4571 415929
4571 4572 540673
4572 4573 734363
4573 4574 651739
4574 4575 981133
4575 4576 608542
4576 4577 235056
4577 4578 374589
4578 4579 520740
4579 4580 113630
4580 4581 419449
4581 4582 96134
4582 4583 546878
4583 4584 262643
4584 4585 26159
4585 4586 285471
4586 4587 720797
4587 4588 274184
4588 4589 527894
4589 4590 533151
4590 4591 111781
4591 4592 649480
4592 4593 207775
4593 4594 81321
4594 4595 34701
4595 4596 919911
4596 4597 946839
4597 4598 972679
4598 4599 711807
4599 4600 996652
4600 4601 210599
4601 4602 919464
4602 4603 717204
4603 4604 614466
4604 4605 873292
4605 4606 611847
4606 4607 817087
4607 4608 785849
4608 4609 44617
4609 4610 741158
4610 4611 450553
4611 4612 290358
4612 4613 852359
4613 4614 579523
4614 4615 821551
4615 4616 784943
4616 4617 410149
4617 4618 147434
4618 4619 24165
4619 4620 384187
4620 4621 69401
4621 4622 945687
4622 4623 258420
4623 4624 34009
4624 4625 477611
4625 4626 675438
4626 4627 575632
4627 4628 42017
4628 4629 915523
4629 4630 291430
4630 4631 914032
4631 4632 708823
4632 4633 968415
4633 4634 285576
4634 4635 601916
4635 4636 144449
4636 4637 378975
4637 4638 497169
4638 4639 397601
4639 4640 159056
4640 4641 451561
4641 4642 370975
4642 4643 335179
4643 4644 274616
4644 4645 872734
4645 4646 918856
4646 4647 794252
4647 4648 528698
4648 4649 58817
4649 4650 436982
4650 4651 491707
4651 4652 82008
4652 4653 809689
4653 4654 500830
4654 4655 497562
4655 4656 630118
4656 4657 106270
4657 4658 942068
4658 4659 579590
4659 4660 17826
4660 4661 649911
4661 4662 107525
4662 4663 606340
4663 4664 33091
4664 4665 296925
4665 4666 506602
4666 4667 797817
4667 4668 969241
4668 4669 691612
4669 4670 279963
4670 4671 842045
4671 4672 631444
4672 4673 559960
4673 4674 833353
4674 4675 281706
4675 4676 721125
4676 4677 876120
4677 4678 948971
4678 4679 874234
4679 4680 535448
4680 4681 952999
4681 4682 124144
4682 4683 711483
4683 4684 714870
4684 4685 868740
4685 4686 619360
4686 4687 627047
4687 4688 413900
4688 4689 852390
4689 4690 267178
4690 4691 973301
4691 4692 295235
4692 4693 337743
4693 4694 479297
4694 4695 35348
4695 4696 308589
4696 4697 107519
4697 4698 503339
4698 4699 72632
4699 4700 267426
4700 4701 169787
4701 4702 468845
4702 4703 161782
4703 4704 999535
4704 4705 521555
4705 4706 473128
4706 4707 232689
4707 4708 810540
4708 4709 23546
4709 4710 701676
4710 4711 44414
4711 4712 840570
4712 4713 357622
4713 4714 743650
4714 4715 31310
4715 4716 535392
4716 4717 649250
4717 4718 294710
4718 4719 486535
4719 4720 664273
4720 4721 21685
4721 4722 503557
4722 4723 500204
4723 4724 769811
4724 4725 74684
4725 4726 392128
4726 4727 875759
4727 4728 581804
4728 4729 687333
4729 4730 270299
4730 4731 322014
4731 4732 891687
4732 4733 710426
4733 4734 350497
4734 4735 720901
4735 4736 548486
4736 4737 502987
4737 4738 926820
4738 4739 561171
4739 4740 995714
4740 4741 382596
4741 4742 998184
4742 4743 915356
4743 4744 534386
4744 4745 437595
4745 4746 340913
4746 4747 790940
4747 4748 358779
4748 4749 661138
4749 4750 433901
4750 4751 767170
4751 4752 142484
4752 4753 313236
4753 4754 223664
4754 4755 638975
4755 4756 537069
4756 4757 577910
4757 4758 713523
4758 4759 443319
4759 4760 20287
4760 4761 901207
4761 4762 41387
4762 4763 93981
4763 4764 440278
4764 4765 753699
4765 4766 43426
4766 4767 83910
4767 4768 273906
4768 4769 37764
4769 4770 309578
4770 4771 927689
4771 4772 395889
4772 4773 796455
4773 4774 798757
4774 4775 231889
4775 4776 240610
4776 4777 776163
4777 4778 749653
4778 4779 220613
4779 4780 543065
4780 4781 314894
4781 4782 224738
4782 4783 324598
4783 4784 497179
4784 4785 732578
4785 4786 846600
4786 4787 697605
4787 4788 830868
4788 4789 502441
4789 4790 104951
4790 4791 295362
4791 4792 686670
4792 4793 362786
4793 4794 545084
4794 4795 235939
4795 4796 286769
4796 4797 576523
4797 4798 580682
4798 4799 488966
4799 4800 476102
4800 4801 766148
4801 4802 649229
4802 4803 791103
4803 4804 971291
4804 4805 99915
4805 4806 58334
4806 4807 561383
4807 4808 539865
4808 4809 301886
4809 4810 518393
4810 4811 621415
4811 4812 221992
4812 4813 793987
4813 4814 314498
4814 4815 26291
4815 4816 650337
4816 4817 893251
4817 4818 939900
4818 4819 225329
4819 4820 856015
4820 4821 908849
4821 4822 418927
4822 4823 903558
4823 4824 687057
4824 4825 713282
4825 4826 675842
4826 4827 744754
4827 4828 690428
4828 4829 292869
4829 4830 769482
4830 4831 450105
4831 4832 822373
4832 4833 759444
4833 4834 123038
4834 4835 18914
4835 4836 958471
4836 4837 129059
4837 4838 556800
4838 4839 672107
4839 4840 354595
4840 4841 617158
4841 4842 683707
4842 4843 612761
4843 4844 729678
4844 4845 944769
4845 4846 5998
4846 4847 134964
4847 4848 541101
4848 4849 418820
4849 4850 168539
4850 4851 526172
4851 4852 148666
4852 4853 825142
4853 4854 439352
4854 4855 294503
4855 4856 969520
4856 4857 846890
4857 4858 698130
4858 4859 804303
4859 4860 999852
4860 4861 453604
4861 4862 511954
4862 4863 218439
4863 4864 612680
4864 4865 560423
4865 4866 519409
4866 4867 377682
4867 4868 461321
4868 4869 686187
4869 4870 312677
4870 4871 112251
4871 4872 554361
4872 4873 751311
4873 4874 152080
4874 4875 4995
4875 4876 379725
4876 4877 171006
4877 4878 245965
4878 4879 251048
4879 4880 726686
4880 4881 22771
4881 4882 538351
4882 4883 571591
4883 4884 766916
4884 4885 687046
4885 4886 936855
4886 4887 912362
4887 4888 384499
4888 4889 58394
4889 4890 274401
4890 4891 2362
4891 4892 804060
4892 4893 821907
4893 4894 56429
4894 4895 854190
4895 4896 521974
4896 4897 789644
4897 4898 424516
4898 4899 438924
4899 4900 275578
4900 4901 854062
4901 4902 498774
4902 4903 160704
4903 4904 496049
4904 4905 93053
4905 4906 222764
4906 4907 560030
4907 4908 412195
4908 4909 833143
4909 4910 896458
4910 4911 763834
4911 4912 5183
4912 4913 354820
4913 4914 980400
4914 4915 607725
4915 4916 874950
4916 4917 531944
4917 4918 531779
4918 4919 863448
4919 4920 703175
4920 4921 571876
4921 4922 900213
4922 4923 138167
4923 4924 283036
4924 4925 348013
4925 4926 386054
4926 4927 198442
4927 4928 944630
4928 4929 720871
4929 4930 942262
4930 4931 799732
4931 4932 644627
4932 4933 410402
4933 4934 137236
4934 4935 632890
4935 4936 523865
4936 4937 862496
4937 4938 91308
4938 4939 970132
4939 4940 303614
4940 4941 262596
4941 4942 718676
4942 4943 685024
4943 4944 441979
4944 4945 255956
4945 4946 522320
4946 4947 420302
4947 4948 216447
4948 4949 67124
4949 4950 866317
4950 4951 734449
4951 4952 692673
4952 4953 709647
4953 4954 769521
4954 4955 480425
4955 4956 804681
4956 4957 494720
4957 4958 84559
4958 4959 189459
4959 4960 450100
4960 4961 970988
4961 4962 505844
4962 4963 698032
4963 4964 964536
4964 4965 530589
4965 4966 829004
4966 4967 784289
4967 4968 859780
4968 4969 543245
4969 4970 697960
4970 4971 376000
4971 4972 472494
4972 4973 744371
4973 4974 149292
4974 4975 715991
4975 4976 379077
4976 4977 163506
4977 4978 934827
4978 4979 9190
4979 4980 430760
4980 4981 397003
4981 4982 726621
4982 4983 685455
4983 4984 141842
4984 4985 155183
4985 4986 203504
4986 4987 307916
4987 4988 838696
4988 4989 770506
4989 4990 485986
4990 4991 681332
4991 4992 994699
4992 4993 928218
4993 4994 214368
4994 4995 687682
4995 4996 649168
4996 4997 499353
4997 4998 370150
4998 4999 699168
4999 5000 462029
5000 5001 376236
5001 5002 987109
5002 5003 615260
5003 5004 311566
5004 5005 438239
5005 5006 617911
5006 5007 725983
5007 5008 465797
5008 5009 472741
5009 5010 30027
5010 5011 268164
5011 5012 901955
5012 5013 701597
5013 5014 407864
5014 5015 939732
5015 5016 388100
5016 5017 443770
5017 5018 425414
5018 5019 240509
5019 5020 797919
5020 5021 150829
5021 5022 387269
5022 5023 593112
5023 5024 694959
5024 5025 237383
5025 5026 804518
5026 5027 256390
5027 5028 67664
5028 5029 636243
5029 5030 216384
5030 5031 45687
5031 5032 298988
5032 5033 997354
5033 5034 200582
5034 5035 291207
5035 5036 361865
5036 5037 233854
5037 5038 98415
5038 5039 540181
5039 5040 307913
5040 5041 8184
5041 5042 450761
5042 5043 826821
5043 5044 560046
5044 5045 499948
5045 5046 404803
5046 5047 30534
5047 5048 464552
5048 5049 671980
5049 5050 992144
5050 5051 506957
5051 5052 459996
5052 5053 782675
5053 5054 461588
5054 5055 157459
5055 5056 181737
5056 5057 541494
5057 5058 839125
5058 5059 273871
5059 5060 180059
5060 5061 418854
5061 5062 149226
5062 5063 410112
5063 5064 549961
5064 5065 808801
5065 5066 264559
5066 5067 413571
5067 5068 412211
5068 5069 134461
5069 5070 76857
5070 5071 935154
5071 5072 565510
5072 5073 545296
5073 5074 333057
5074 5075 338136
5075 5076 251026
5076 5077 988895
5077 5078 702913
5078 5079 97488
5079 5080 508877
5080 5081 374312
5081 5082 542253
5082 5083 86138
5083 5084 198291
5084 5085 243820
5085 5086 458710
5086 5087 275105
5087 5088 881175
5088 5089 870426
5089 5090 521204
5090 5091 264701
5091 5092 133202
5092 5093 7001
5093 5094 655758
5094 5095 759074
5095 5096 523807
5096 5097 326668
5097 5098 282242
5098 5099 854290
5099 5100 863243
5100 5101 986802
5101 5102 259245
5102 5103 856234
5103 5104 596642
5104 5105 816762
5105 5106 18132
5106 5107 916533
5107 5108 249954
5108 5109 709069
5109 5110 425645
5110 5111 927749
5111 5112 507709
