626 5341
79 184 245800
78 327 991918
180 499 281536
544 15 454701
177 122 97254
181 512 439898
593 299 15473
453 2 208747
513 547 715706
342 248 830152
456 340 502414
536 42 176999
258 317 810237
44 119 811833
24 186 732230
58 66 24545
50 405 729921
449 8 467820
170 561 321646
116 461 439
592 614 975699
162 534 326244
102 367 511172
573 487 847663
52 346 563340
367 403 399576
113 353 845459
436 70 286663
391 97 994803
391 31 477481
521 47 403949
309 455 162806
328 319 989760
377 534 379783
575 427 838623
590 611 684799
358 335 123365
118 417 672056
419 305 819446
457 301 666710
486 181 305875
328 487 152313
258 253 270205
251 231 796535
373 67 826835
369 352 814404
130 433 946218
503 364 361541
275 270 198637
101 607 589410
77 322 703586
232 261 967596
235 326 945092
134 428 80307
182 392 546229
404 14 719827
278 625 124116
454 455 487885
432 360 273202
504 383 937880
605 219 479970
585 584 732901
559 285 451763
33 70 56694
7 516 753365
508 17 889928
176 344 819019
604 414 684737
407 311 687489
282 453 719108
197 198 61832
440 43 215533
104 54 102121
110 256 633719
529 101 90427
581 425 830425
399 593 933070
97 120 173731
296 356 370877
562 565 792913
101 560 555734
378 101 581652
422 323 806038
414 505 544071
334 506 935901
193 383 718767
449 163 262796
587 45 328418
370 478 49775
247 323 972611
328 47 209188
139 514 539768
582 55 187358
382 264 935188
78 605 710698
244 506 310506
353 144 952699
558 157 135703
306 488 823030
40 612 389952
87 10 112574
60 152 670489
122 433 860439
440 399 256480
479 25 41013
448 43 162259
33 259 125040
179 423 430201
521 355 937078
287 53 672641
79 519 977973
191 146 1447
329 459 556760
58 542 492779
410 82 731705
350 52 781953
168 34 320072
529 424 959317
55 191 860332
223 402 29992
255 26 112580
584 556 667590
45 8 885952
277 412 589480
441 205 915502
403 576 37617
249 286 927737
307 343 689178
534 293 76210
216 575 386872
196 234 559062
625 618 790370
488 479 18634
253 201 262734
201 194 433159
29 221 173949
505 560 619264
209 353 744294
569 356 606329
84 206 990079
450 69 307334
144 17 981527
555 318 156287
471 10 141162
258 17 214845
57 52 852694
186 65 47004
140 129 752014
332 279 385315
387 94 136221
274 101 127702
515 469 799003
123 85 40561
395 508 490027
464 445 5439
530 250 234004
435 333 499060
485 241 918248
418 385 440609
106 387 513022
252 19 638386
545 42 986032
211 450 278461
534 133 164179
11 140 300418
618 264 429970
45 116 291440
411 563 139182
383 155 454595
327 7 303803
410 146 979795
508 552 254667
421 143 990665
128 569 812691
162 476 259581
476 314 144151
17 128 771556
343 170 544338
416 560 585712
404 464 635932
522 363 525289
464 6 506318
115 381 895330
354 52 1617
143 381 127564
349 188 823329
446 378 871989
67 485 60648
606 579 989400
295 233 600058
77 541 339680
377 343 791316
216 432 450557
375 358 175531
134 383 52642
521 564 639826
386 602 673202
217 37 920962
248 144 84563
294 71 617989
574 63 286033
54 593 68746
131 297 577143
127 224 310741
417 250 277178
350 352 93190
498 425 491234
160 380 597732
321 327 948588
181 139 308300
83 80 785541
440 60 717233
60 102 971484
119 253 175627
58 568 300087
228 246 802362
99 481 89067
201 49 629293
421 327 553984
158 624 521663
280 585 231092
297 84 386401
554 162 233174
234 452 479369
161 347 61128
343 487 839779
232 106 557491
237 538 341612
295 448 245441
341 390 399341
487 85 143499
91 178 168158
461 78 268408
612 335 430158
314 282 624772
568 245 746911
289 253 613481
260 187 434255
358 3 421128
7 321 120252
327 312 957178
133 454 348630
355 301 750527
433 499 469008
385 238 856780
159 149 654148
154 281 489821
302 537 906083
599 240 337369
444 625 61270
410 114 213443
381 63 163860
231 456 94236
285 157 262832
55 22 370659
224 275 701735
565 337 553593
510 1 869917
194 71 693214
498 552 266565
377 500 717581
315 230 929121
337 178 690763
297 558 44047
572 420 819071
613 394 119383
256 346 413434
419 336 939207
388 146 814456
215 7 953374
325 490 30776
287 132 655897
221 326 854764
424 336 845373
364 595 917605
73 115 486189
24 381 74612
462 364 113664
358 571 453741
623 429 485553
219 353 810083
217 88 968160
58 236 662203
291 110 408337
163 146 778455
75 2 743008
375 114 190633
259 566 680869
417 111 325003
255 557 546513
356 41 107654
501 289 100320
286 214 760918
230 123 418341
182 29 126582
67 623 913909
118 279 174279
0 51 806086
45 604 414886
515 85 646625
188 489 439942
401 368 860393
397 39 322255
606 622 536260
377 465 45170
458 229 178897
336 596 438164
394 207 867057
478 334 338566
348 309 810007
555 83 903673
161 532 363183
368 128 96798
285 518 600655
412 572 225479
312 15 985338
13 600 816749
446 11 608156
501 551 295500
132 457 715090
352 529 827144
314 125 752987
152 526 494968
228 24 797115
307 173 123561
611 56 383331
212 373 892967
271 94 260994
482 453 499320
182 200 839709
454 65 395773
500 59 877297
188 58 391397
435 459 739636
570 43 97624
289 469 841041
360 7 32681
66 101 489610
511 522 188304
326 133 102604
313 286 111745
132 580 536154
132 209 717022
354 504 597355
547 240 523978
103 520 786914
584 161 910800
543 96 435739
192 478 572343
150 401 123075
411 153 363307
267 456 268515
97 389 495103
273 614 877992
338 34 759093
21 414 989648
608 353 553388
217 467 284360
226 174 867476
262 252 757689
308 105 145710
175 434 892169
137 250 507054
91 128 311697
263 424 986009
77 482 232652
234 128 247594
143 13 992259
517 159 824780
240 0 969560
171 206 977222
254 404 694200
187 554 26182
560 49 122943
590 311 193938
109 567 882410
382 508 5431
574 180 420541
365 594 142367
436 234 682254
164 434 895118
271 292 623419
218 137 8407
434 88 926512
577 40 790022
191 185 193005
561 167 283601
445 572 861108
58 198 741110
479 353 196864
499 390 354470
422 594 338177
479 220 950471
331 67 181309
232 418 535557
39 317 932079
116 172 458635
52 185 389450
376 228 476196
568 536 513718
133 196 826816
82 612 355505
481 371 740842
349 291 792108
388 293 587183
127 23 44824
121 244 883382
508 610 33094
44 573 28313
356 358 361434
390 51 747142
486 342 894
603 21 171616
616 243 17122
172 87 953425
200 299 633714
34 0 435364
395 511 853186
123 251 233920
526 372 811578
120 470 250353
23 537 337425
448 184 334101
577 463 406708
300 46 713637
427 482 86480
207 152 538591
254 251 529267
542 270 142775
78 451 958464
213 47 26246
605 177 202340
220 373 819101
338 384 916609
490 482 114885
388 470 6886
560 233 389030
576 234 517838
322 512 250925
61 90 622500
378 567 713620
543 389 198530
400 425 296305
253 578 157318
124 377 491208
238 354 196228
152 151 269825
404 151 565325
64 363 122220
530 449 313620
321 386 540438
479 427 704731
275 238 771830
153 112 93138
335 483 905271
264 511 31062
63 293 352791
499 446 668615
425 210 886568
127 389 29108
67 541 635959
564 149 549053
459 406 792749
27 194 658690
454 448 278258
381 615 399782
297 534 388378
520 331 343917
370 452 684374
58 457 270332
128 393 595362
592 525 507801
619 204 843513
461 226 625429
198 413 484681
217 622 983610
319 463 925071
559 200 311543
350 371 578626
12 267 944044
363 227 132110
423 74 916772
295 451 329058
352 427 104809
614 101 227423
615 454 813060
452 103 703450
176 332 694979
155 82 979017
393 69 909846
121 266 601185
555 87 330865
131 41 413911
451 527 979162
84 361 236430
174 369 559379
49 406 482181
191 229 167412
153 221 620313
86 380 787258
106 618 416758
268 441 757062
131 399 649278
441 580 604802
135 553 849821
386 527 527224
175 541 152911
390 244 372730
399 73 63717
381 400 32894
548 587 980655
169 548 861271
455 207 565795
303 481 651725
487 609 808871
420 470 746093
534 295 213915
313 61 650045
334 105 221440
180 587 86618
450 521 325056
203 423 12210
407 511 181880
20 45 560976
231 595 36709
340 483 822280
380 105 863145
159 93 876719
345 504 429208
231 54 548455
139 430 771786
483 466 460622
331 100 293273
14 354 970305
307 395 291995
237 474 705922
9 423 369266
428 5 36083
343 219 949821
52 518 538380
250 330 670194
37 524 866605
350 205 956389
21 29 448357
549 252 593204
41 395 289474
257 565 891544
130 547 206566
110 92 244742
29 61 430754
43 489 458760
496 517 682667
609 617 656223
543 484 155361
306 264 770831
620 1 73249
567 139 852649
306 60 594381
88 411 332977
602 358 791793
297 562 107535
58 402 951545
597 62 945699
281 445 76631
499 381 297785
274 216 518836
176 441 242865
34 19 244657
261 404 341209
384 209 824522
265 295 611436
145 460 646550
121 485 105021
175 451 650188
311 52 127358
55 496 281668
54 502 193069
304 49 836707
319 286 500440
424 597 692852
472 471 30358
191 535 704073
585 140 655586
174 624 467121
287 282 46465
603 390 428665
60 241 283578
517 47 915107
451 530 179515
203 311 282488
147 40 963335
538 98 661874
65 470 712650
45 423 576804
464 175 667515
172 415 644643
211 193 750206
218 617 845370
385 411 912279
200 101 996764
612 421 986982
222 479 122314
538 527 425128
200 28 355466
309 220 806247
252 348 702286
244 475 630717
480 4 433986
394 235 749506
7 285 309872
272 259 231988
390 569 687040
108 249 394421
580 227 847803
254 326 53887
249 351 651302
388 465 501262
442 73 432258
177 463 304190
415 169 459051
207 160 257837
259 502 266739
590 140 615733
14 156 272037
74 299 337674
379 104 230121
611 489 343092
551 280 744155
315 46 202096
564 374 324343
604 25 596829
213 201 601396
599 41 818597
151 340 695949
480 542 331230
112 136 318717
280 55 527008
534 405 896314
516 501 649636
238 456 411839
155 608 455723
82 45 40629
526 195 308147
267 568 87635
194 263 336997
255 39 188512
267 191 637907
511 98 984454
77 303 654445
167 423 595779
392 614 59035
322 617 89425
299 149 250042
152 19 169406
240 297 303432
40 19 265624
508 397 282385
180 261 658541
154 433 780608
57 560 287351
598 554 679830
292 422 523325
268 195 747179
73 35 724840
18 336 82935
31 7 52107
94 479 44221
71 206 616140
31 234 827095
66 107 504966
168 463 367467
485 220 148378
278 446 350966
528 471 778603
195 592 796920
48 310 989881
548 369 441033
413 442 306621
425 144 825590
305 550 267761
108 441 382760
586 304 886583
317 311 248933
361 272 205339
423 37 864170
155 526 409914
471 199 924068
273 448 545573
613 491 723069
547 270 668121
558 315 577470
101 260 159418
357 408 855373
294 411 333063
191 231 7826
125 381 753821
151 356 857834
201 78 457206
265 214 826307
36 168 328288
223 434 746524
34 448 502417
597 474 287091
598 429 785793
474 39 14564
485 120 713170
53 316 503259
283 524 462754
58 307 817072
11 167 12439
522 399 79526
431 259 256109
101 343 151652
501 69 364776
526 391 810680
418 379 732438
8 161 588270
431 365 61768
337 326 249210
209 350 500652
39 63 728736
483 358 713576
346 567 617933
44 478 835874
281 157 298698
217 418 232352
562 61 462019
165 68 546916
163 151 222771
392 160 393144
528 313 968254
378 327 851079
335 252 633854
230 219 31527
179 256 148246
214 511 567990
406 25 597372
30 435 374733
6 376 831593
530 146 122918
622 10 87991
345 440 847630
576 32 491496
240 168 541588
44 554 617530
480 166 459591
389 613 197970
340 231 557608
442 115 492920
516 496 247858
430 433 621401
90 506 539097
84 258 97117
538 253 36168
502 148 517530
448 369 360974
232 299 804641
571 147 785964
11 99 552237
513 604 518989
37 523 225849
277 299 250765
555 226 923148
31 56 493160
181 467 536332
245 255 922234
306 266 925184
162 345 632234
271 149 839545
380 150 37390
75 379 886384
589 276 286044
267 46 293717
114 472 423656
59 33 494467
586 338 959039
335 205 929165
175 601 91336
597 88 65981
409 284 372449
261 301 826774
312 115 966134
281 261 747805
200 442 587153
448 526 576194
230 395 315480
455 44 21763
338 211 703894
289 267 415610
266 199 554672
262 519 224013
241 532 411987
278 5 11197
288 570 351137
331 527 322818
146 58 3791
505 293 854768
609 38 969761
61 594 339289
339 189 782144
147 257 657623
502 250 345026
5 335 453393
205 65 452044
582 475 489701
202 448 914820
149 235 955418
384 499 799907
180 332 723645
117 524 577535
98 457 317016
536 129 465445
587 549 118890
13 435 25745
522 308 804276
566 328 573356
295 559 741543
537 525 882468
408 398 845966
470 392 370597
608 128 552798
368 156 774053
54 134 334293
586 98 833772
110 549 842909
548 344 407093
366 404 64878
596 580 696837
193 15 756895
26 60 599901
169 189 658646
267 97 952057
199 61 86778
294 264 926240
201 412 36390
229 152 419558
283 515 552481
125 18 133755
403 203 459544
274 300 343941
596 342 175248
380 506 979816
367 120 734716
414 607 749395
478 196 756684
560 480 341768
67 5 798135
625 157 387489
513 345 352340
267 127 902250
608 134 405826
415 147 653305
56 620 924591
340 117 456989
225 152 308196
165 156 453071
591 167 81392
61 93 105762
549 459 940015
4 355 357038
325 356 317500
128 532 803676
380 507 194612
72 340 783776
240 494 645857
54 480 622060
4 319 931234
562 556 997840
472 397 723553
263 349 102591
135 212 148487
463 324 354745
560 217 436409
203 495 599536
555 255 842675
48 553 735474
230 611 796358
392 375 756101
369 578 953185
38 552 938687
590 403 330093
411 435 863130
509 351 419746
71 198 674871
316 548 843246
464 230 880926
230 163 41741
358 426 714041
427 329 571378
137 5 742498
539 553 439779
318 98 427827
586 429 525902
63 49 485498
229 275 845703
507 596 183281
418 141 773035
17 337 432572
346 275 727849
93 408 994862
32 369 268918
406 365 343314
167 305 190624
462 274 239622
386 581 335674
219 266 645984
275 379 997191
624 296 120802
578 211 505677
16 121 176657
103 83 666011
593 508 90519
517 428 59665
450 383 503816
453 14 322864
118 367 945888
560 502 131430
624 134 287038
178 575 902617
356 594 156043
294 316 437580
457 18 155517
556 231 536359
566 39 865822
390 127 39434
377 345 396227
41 464 363835
528 397 996309
267 11 92544
259 460 79082
500 281 50121
126 319 781188
451 285 812958
313 267 181933
584 472 827747
432 262 724415
48 333 202168
137 45 255325
238 112 841266
562 325 312190
88 123 50548
589 23 682276
405 324 706502
398 486 102540
136 248 992381
485 98 685293
304 253 709501
148 179 706240
109 291 734889
382 520 713099
171 91 710821
133 588 574471
237 93 936705
83 304 345567
462 336 52721
260 329 761493
568 222 152025
453 43 857941
587 63 386344
17 89 394913
557 177 950863
84 526 31822
380 207 308531
215 78 489265
261 97 982192
417 240 792954
616 569 181797
246 553 631457
417 530 398913
246 218 568728
410 99 481302
531 194 794685
169 455 934616
197 54 812194
78 566 948779
400 276 404229
556 377 425154
305 108 290910
167 432 98308
63 592 11929
272 245 474881
101 297 697816
338 512 472724
165 271 243944
533 465 756057
294 358 895539
618 260 645978
534 84 634283
546 105 76503
465 568 209127
611 57 709859
290 126 839675
579 617 254347
380 80 443139
195 435 181962
158 358 103852
118 133 968479
572 442 121940
142 417 875808
585 315 502083
463 113 682525
285 82 638395
489 477 428181
290 185 848674
186 625 759765
611 275 443757
237 178 603213
471 449 572221
351 466 658574
205 409 764833
529 207 945878
214 432 970067
363 614 393148
110 144 866355
550 486 490509
398 69 371487
250 460 424777
375 152 601827
349 238 818836
532 53 374127
105 615 408332
196 222 809630
278 317 839714
501 570 208208
311 507 57207
584 107 832059
105 236 786104
101 587 569266
569 138 793405
487 407 202347
150 115 378024
276 417 693661
567 414 136258
528 386 70126
14 353 418740
208 69 149606
259 217 155486
221 556 353138
527 138 868089
33 597 571975
534 45 505684
504 335 250217
600 31 945927
54 193 125578
121 95 210880
233 160 113188
202 136 964360
372 259 299939
240 378 165669
243 465 661530
325 564 839745
442 590 237175
69 92 449240
121 577 373593
407 74 847027
378 553 349557
539 284 523103
372 163 665889
569 89 644051
206 92 396278
383 85 663016
236 294 854072
543 174 989886
12 368 235520
230 559 608301
59 100 368632
156 19 870508
205 289 68725
204 553 855417
366 13 295518
533 340 608067
266 236 119213
46 136 457958
476 560 742722
506 568 765452
318 262 336793
96 431 564810
573 217 80424
18 270 910265
348 491 212801
326 258 57044
490 564 282325
588 592 926607
448 560 496661
287 505 584139
562 606 639382
526 279 145724
34 252 761779
595 507 19803
268 152 559782
430 208 20137
25 602 480460
67 534 433319
132 511 376023
624 541 678644
118 415 305976
412 337 581162
392 214 375791
369 120 848005
453 496 849596
245 406 472301
353 397 968578
175 536 58169
264 11 159740
8 598 651991
47 124 431155
395 240 592444
128 21 329295
326 301 365256
536 348 422182
306 443 461273
327 192 580740
501 597 658800
91 288 99862
612 524 465158
76 309 950911
607 21 132860
247 243 379486
87 396 427003
474 600 793561
26 324 526547
177 470 667712
141 496 705587
581 229 573395
446 421 492591
273 159 54023
309 277 490750
508 183 116539
369 455 496376
580 514 750251
197 109 21624
438 377 578060
448 377 711686
450 84 301228
526 262 244069
84 96 546437
80 37 288700
430 324 941954
536 544 610767
544 424 980304
210 99 195607
596 434 62910
422 603 290747
36 115 519986
275 283 286702
45 620 442823
407 422 842047
25 38 774725
465 270 357335
518 429 562182
620 358 995723
236 548 146821
0 379 629310
370 42 861619
314 322 338933
516 13 185927
344 547 501577
69 391 765147
9 569 72227
588 156 713072
246 454 709216
185 314 222743
349 101 485867
181 92 452656
560 415 891291
496 218 566597
588 161 16687
348 212 878432
69 543 888983
168 46 520305
356 600 730856
223 82 948803
521 319 527849
114 230 769822
307 143 505492
70 418 538570
2 62 73301
375 75 892832
374 75 701156
569 608 630926
118 545 460832
33 6 166174
400 564 443304
335 615 757126
334 188 364383
405 327 78275
538 469 907389
538 307 314003
305 210 24157
545 192 296609
104 53 755348
309 566 482380
53 235 569667
222 596 950848
381 69 995349
35 534 203844
304 142 866286
606 57 932129
503 210 465793
249 619 644772
571 429 730837
529 575 251984
44 495 43994
488 482 587710
323 305 587890
36 282 113613
361 310 241979
419 45 126286
129 550 618718
100 182 163220
288 617 328646
570 235 840155
296 63 12313
192 575 60761
333 337 607423
410 332 38131
475 596 76720
43 391 337358
303 603 520343
409 532 609259
266 486 290599
287 466 330459
470 411 94859
60 198 725179
406 433 488429
585 384 254778
611 542 492596
1 446 320916
370 52 542574
390 380 491321
105 532 802934
46 224 359115
338 289 91327
437 219 631446
537 540 546188
490 296 427654
583 520 142749
268 92 58923
529 250 555784
136 513 103492
76 16 41597
134 35 871459
196 43 517225
578 481 594557
490 212 887092
257 34 81249
523 211 3748
13 112 283047
510 32 408438
306 445 848074
371 10 206541
333 156 878120
343 76 411579
79 175 489517
103 474 148954
544 535 845390
309 260 255344
307 249 764157
57 146 607882
83 141 477947
303 380 692769
39 188 927616
245 503 299573
160 354 392159
11 275 71453
310 225 374121
13 64 41296
115 507 364850
315 420 96086
283 101 755963
587 496 403892
296 103 544604
150 104 552422
268 307 593355
538 603 689251
461 479 125047
320 165 410765
421 208 965479
353 103 207142
515 595 8025
534 454 395760
205 404 186738
424 335 840
134 153 774418
165 480 786244
121 372 603340
279 487 52949
379 401 316454
541 580 966020
117 198 271307
375 1 621504
229 11 305490
355 197 880384
118 4 822497
605 525 279864
434 143 964734
133 149 10166
547 342 429265
486 466 243978
295 621 109957
516 335 833562
456 514 684018
381 560 575049
177 360 364920
191 105 46984
18 396 894007
597 53 428876
519 126 980331
533 496 27084
586 217 557808
109 390 724598
251 88 271327
125 433 644283
132 331 618272
116 427 648363
304 173 337602
6 496 563398
504 15 873683
117 109 114953
488 200 495273
130 528 830595
223 21 185897
622 300 605761
289 61 955057
32 219 291183
420 77 965734
432 182 44526
368 571 741650
145 136 712640
246 60 190437
476 420 555380
124 389 768028
561 568 441697
366 508 817224
39 452 118529
395 220 675448
15 391 220939
522 240 792053
21 394 136402
112 213 908558
78 66 400649
431 189 425334
193 410 732792
565 535 584633
600 108 829129
579 130 875039
391 4 923358
330 622 770216
491 401 753137
239 48 653134
597 225 494601
597 421 610445
60 522 33077
286 165 170384
592 493 669232
202 381 170627
81 208 780021
436 375 7314
605 507 453428
293 52 630848
317 89 260863
370 518 958105
152 8 20319
495 454 442275
48 75 582576
145 75 630319
538 250 950749
141 61 190300
279 616 782374
73 142 506099
41 186 43853
408 145 515148
55 37 357516
46 311 927553
336 598 26658
191 234 986795
171 491 238178
308 268 791253
269 444 449502
475 171 531313
106 224 996269
579 111 356692
421 8 863728
234 323 499610
566 463 894987
164 73 751376
417 573 418239
579 278 678268
79 544 928715
598 293 693732
476 177 594928
522 481 84227
593 19 168750
162 593 363222
323 86 784268
541 587 56936
351 518 869716
404 591 97080
153 250 304133
135 171 773971
279 538 616993
589 621 960893
500 335 373428
396 400 563776
373 360 693586
382 281 715477
304 418 333347
104 268 346417
378 529 535063
48 424 349882
552 366 232579
126 553 871901
76 491 227066
143 300 304496
324 1 829546
47 538 158337
430 477 439053
498 441 17322
153 262 588690
539 13 419974
8 162 958006
273 371 757248
147 18 757169
337 234 832127
145 495 346675
535 413 716327
580 215 453898
55 190 753001
466 241 900751
8 482 563185
416 465 797073
410 42 792064
304 318 640105
565 422 608089
576 617 430561
423 568 274876
405 514 257559
443 57 44214
609 178 618137
301 235 627185
583 240 656210
130 32 63641
335 530 394198
477 419 131318
610 169 470808
540 591 11160
563 612 407615
536 607 97314
457 76 402077
368 263 296253
0 229 63505
280 427 555981
162 419 355704
573 522 739734
228 163 367628
534 1 333064
600 11 73988
354 91 90224
342 601 549414
174 82 543318
74 495 926154
269 583 497807
4 310 994051
314 327 49588
156 544 634625
0 111 148716
5 602 368869
328 557 734034
136 63 440047
515 454 903893
316 582 73761
122 420 932839
41 38 515202
470 397 54947
146 478 63139
373 98 669169
614 170 807138
261 171 371016
40 221 38838
351 160 618704
316 288 663699
605 5 732456
353 562 810568
453 179 190235
287 122 200491
510 273 240061
233 455 189892
231 522 826949
363 354 729524
439 617 819308
155 112 982178
521 417 676116
205 460 903577
393 245 266656
158 487 708799
110 32 46386
534 294 689225
345 189 33924
522 423 418043
352 71 618536
504 192 893409
76 185 246968
5 531 624313
244 360 462119
291 441 479025
530 422 467515
91 524 901900
40 463 531507
94 123 260089
20 530 765771
428 408 955055
423 411 143549
475 406 986231
156 172 915750
438 625 227407
522 414 821370
196 228 101586
249 492 264054
457 232 778786
235 505 84296
0 175 600724
530 207 324443
185 437 598819
43 390 163942
15 275 418645
179 226 208192
376 458 539530
120 571 220557
277 533 26500
451 140 495583
464 541 880953
614 226 689887
108 247 654642
238 522 163713
334 579 357834
525 58 303723
69 407 92740
30 430 998175
480 3 480825
261 512 399333
621 365 818128
509 618 351983
348 307 364443
318 282 20445
313 216 575676
53 518 526707
340 238 247466
565 472 409419
523 613 130205
389 430 643723
395 242 948615
137 402 849909
278 267 934610
315 255 507952
249 465 150555
33 49 368855
476 82 536283
199 253 600406
119 568 209413
186 105 262951
575 313 235300
377 454 745676
434 65 430884
512 164 64125
533 490 786401
35 581 161520
295 118 715484
142 321 349111
274 492 111083
282 54 14999
574 91 266837
587 377 686702
489 214 493746
105 24 630218
174 329 308981
232 397 113874
435 509 857144
625 117 148916
232 53 540390
70 273 539425
585 82 200020
360 26 775166
609 427 255109
577 551 705159
196 592 705133
116 236 418416
576 415 279555
307 28 995242
529 359 569768
414 453 803142
92 327 543595
305 325 186502
488 330 776439
107 466 151177
106 129 785989
146 365 17515
133 121 1866
229 593 163967
123 104 33837
152 465 196255
72 25 437230
395 56 978131
432 139 793944
140 465 883065
246 551 45527
204 604 668138
593 371 93947
565 618 560358
547 266 202662
184 538 20209
51 88 631448
113 548 798739
557 501 146658
342 560 577127
341 587 58189
473 281 349643
45 243 440463
143 436 15591
131 147 460192
26 415 713349
430 74 850879
592 272 962620
102 247 666305
280 138 211992
524 466 645504
140 603 669817
181 523 108479
339 92 820189
89 150 433237
283 500 962660
368 355 845653
330 523 101543
87 332 819723
413 66 672303
10 482 984867
241 50 72241
289 365 611833
297 152 252855
335 568 735514
134 489 669869
589 550 873630
423 96 11190
119 245 154580
585 267 100644
307 619 537582
494 197 616614
378 122 467144
339 129 812905
344 464 744484
552 27 649830
612 131 556405
424 621 810590
270 406 415095
462 356 654636
388 197 1589
572 370 911608
457 376 875253
23 180 331897
504 242 323095
256 169 708189
343 483 386522
406 19 723120
352 319 909385
549 388 175850
194 222 643064
101 226 552314
205 583 41537
544 199 169601
43 155 176112
602 259 274597
196 16 873026
236 440 813707
278 120 30420
143 346 629127
590 46 252469
153 2 407103
163 334 529985
594 60 864731
42 132 223787
175 535 646953
274 253 550569
383 324 419896
416 445 688106
32 80 644640
139 404 982049
99 49 368801
595 528 665133
458 319 688552
396 193 698980
197 49 588619
183 48 441390
533 346 40212
601 254 986420
321 194 638638
469 490 485834
594 43 667406
327 331 272989
528 149 338888
438 250 120787
494 132 613385
406 390 524085
553 247 967456
401 209 827492
545 440 408523
575 299 928338
504 299 779885
546 61 271733
510 212 155962
597 532 889482
562 67 75447
20 411 670129
337 577 528234
104 42 865824
0 406 685600
588 57 801562
377 237 136976
260 160 251554
545 188 442539
331 559 901759
195 589 290879
311 310 480016
222 429 673294
189 392 687036
325 17 998227
480 569 384092
29 595 67112
575 604 82644
11 106 798360
173 357 366820
324 188 796802
163 81 138370
103 376 628233
293 507 281572
10 428 943896
312 546 835390
95 520 521973
426 581 186587
102 498 219801
545 28 300991
366 421 742763
555 397 376444
121 534 918340
530 386 898861
585 206 47737
341 228 46772
612 41 634699
225 104 863959
495 254 453840
62 454 417003
613 81 855166
301 86 544562
415 393 482735
31 527 304142
9 487 983732
363 191 33742
21 182 765760
610 215 573955
343 490 503291
556 132 365150
263 335 24138
567 231 742345
1 539 342548
325 258 837964
210 426 167132
68 534 522013
123 270 535619
576 93 67637
261 539 314831
399 260 975431
469 4 829467
15 408 287816
348 461 341396
32 518 631880
396 8 526555
574 82 999597
509 475 946296
364 372 526250
230 347 424201
577 412 484754
467 511 945270
201 494 440887
280 489 978400
318 42 15681
597 437 896448
394 606 144975
140 78 785587
351 601 731543
312 158 595517
67 87 102076
267 524 852855
212 40 211595
408 285 901236
77 464 26000
343 571 778548
342 505 950967
614 118 78030
332 134 262061
142 364 23601
9 319 365930
490 398 120160
77 407 974197
222 27 521482
328 579 265679
515 473 225767
403 146 893254
152 81 664504
442 145 504783
403 354 871984
374 169 925258
375 486 37069
168 203 583873
422 229 885497
499 26 661507
140 594 920189
408 62 9199
38 65 915649
577 243 502579
173 382 721654
145 289 709030
400 202 941441
145 301 154044
360 379 974533
379 413 954254
275 104 603720
203 619 859289
460 432 234518
384 234 432120
269 75 555139
408 478 525892
479 440 522280
595 410 995887
381 558 437929
573 568 421160
452 324 363496
175 216 148725
490 616 245309
549 107 702559
603 321 838928
564 611 226072
12 601 497675
247 290 73200
172 39 68438
206 271 260725
503 344 407926
606 110 859659
41 514 523350
99 615 565351
533 355 868625
123 138 781650
623 557 50246
329 70 936879
479 621 883775
138 579 134374
387 548 572114
39 128 767127
151 107 236465
185 222 692179
125 537 453837
321 494 128724
584 571 692859
462 350 758010
28 554 28372
505 361 922447
373 533 82454
310 535 468525
139 367 722191
403 35 416884
266 453 262926
437 565 871177
195 147 519083
472 568 309432
349 253 406887
230 521 553662
105 449 589726
541 293 459568
519 496 938118
257 316 52975
256 331 980241
601 505 872515
579 18 795427
359 254 431649
283 281 460226
179 425 415000
534 178 294449
111 527 289392
381 2 644614
419 618 770498
243 436 283790
540 237 674941
195 81 177115
232 337 557655
208 225 518111
30 332 345758
336 395 929232
131 106 604183
503 71 952460
117 110 512038
213 45 106936
319 97 167976
392 315 696803
517 22 1249
456 489 512788
57 73 627535
269 356 763609
345 116 518234
169 122 954285
148 532 265405
88 593 892702
67 463 164450
409 312 175821
58 598 862852
56 156 797950
233 99 866562
320 259 894472
337 601 640029
119 333 931737
553 90 328323
506 286 99898
560 298 906913
220 579 582628
359 255 274561
161 119 927875
250 435 115946
55 143 58803
618 489 616778
187 113 667097
513 442 388965
88 130 927968
480 366 111204
132 508 39596
514 175 879060
465 516 246495
427 521 254622
622 3 226124
76 109 757811
5 19 18204
196 100 485356
142 22 114044
204 432 703199
144 182 519149
523 543 323380
316 9 843482
266 240 542643
397 207 932205
227 29 57936
180 82 908715
332 22 693184
409 574 411236
148 581 643280
11 116 486618
424 443 194163
32 215 905293
155 147 310902
237 478 37471
568 32 912754
7 511 318989
346 251 57394
282 524 828624
178 309 837771
598 392 25613
33 69 24333
582 327 244712
143 358 769936
196 293 460290
396 552 145925
263 267 998833
418 487 196015
92 114 99929
619 479 569114
73 304 307933
609 112 8474
554 247 268288
60 558 453426
296 358 234409
564 510 513206
8 611 853362
421 464 537776
454 57 849190
253 98 294444
172 428 101787
104 195 745704
356 20 486168
122 599 59564
24 505 251910
260 63 498382
246 222 215553
417 542 215032
378 400 376665
535 403 385239
101 603 196871
31 594 101043
187 451 973084
581 535 768252
602 214 818204
472 426 949067
152 388 833961
367 116 839434
457 371 419278
120 515 208711
353 13 662814
382 24 255189
482 165 772520
237 32 302386
358 28 599707
562 299 191988
449 108 118862
268 293 545084
555 456 441787
275 577 461151
514 509 191981
194 563 485709
569 389 539986
348 48 244043
614 379 408241
290 400 773905
453 416 569931
370 582 393483
418 371 101168
105 470 356513
140 616 77772
389 562 668322
509 218 86437
239 127 747015
563 589 911685
423 446 95226
159 406 931374
355 110 202654
261 588 719019
378 434 606180
617 201 308548
226 373 715430
620 123 428351
477 104 98884
214 273 217023
509 177 726838
6 316 13866
242 277 370454
154 241 112710
228 299 468489
0 20 594744
375 228 446376
332 587 7370
190 225 360237
193 161 399099
236 120 661883
432 86 779563
324 440 142705
345 424 127551
13 323 491476
580 69 576737
453 526 743210
560 305 964594
176 218 404741
602 103 431501
436 428 244764
228 516 510835
62 152 423020
272 130 194989
300 175 692108
300 128 73700
328 3 69271
518 603 693362
302 194 708539
29 123 341965
489 502 235499
203 595 112545
539 520 565312
60 530 833412
177 567 424799
368 239 263924
604 224 861101
294 14 628514
518 580 830557
591 149 536611
528 79 807001
622 275 629124
19 131 639439
304 162 85965
248 576 347161
318 100 460025
465 253 939398
407 465 550938
176 152 455916
344 337 667940
459 625 765752
521 352 485872
295 171 653667
440 533 604601
291 192 118734
566 425 685175
242 135 950385
40 260 646418
293 34 810648
599 565 852213
211 189 853737
49 335 964705
169 212 869523
145 33 264745
4 261 463822
398 87 56695
274 52 327601
103 580 572830
203 445 594687
594 524 924269
482 576 461480
616 142 273588
26 402 268733
554 206 411230
553 506 793722
525 294 201416
604 3 53982
306 550 329543
207 283 128437
475 10 134207
190 307 336192
100 93 224876
12 431 115537
151 444 730149
426 329 286386
360 323 873976
212 85 197445
102 584 689656
157 363 390528
398 447 749385
614 311 954723
402 535 801862
14 278 330209
386 151 341523
294 44 463162
472 538 520397
390 161 335710
101 353 345549
94 505 33579
489 102 663972
531 16 824257
117 597 68263
571 480 407125
492 74 296793
623 469 646330
394 350 390231
542 483 64613
266 328 516481
126 479 304671
85 262 472653
611 293 663451
78 81 966886
52 181 551984
592 532 331200
531 443 869085
258 372 16037
85 76 701457
599 278 396013
506 313 694712
618 427 850363
174 609 128
265 605 183830
119 550 345482
357 90 184966
212 469 775171
340 33 38044
263 433 615515
316 93 348051
254 527 571696
83 206 107815
68 237 603188
552 149 182246
382 98 137903
210 67 986417
199 242 289045
230 511 18397
478 491 916324
200 136 788766
552 70 914070
557 521 155706
444 321 448559
577 495 379622
504 548 359772
541 496 384367
383 577 844575
160 19 556496
451 487 631905
63 68 620043
598 624 990865
332 42 861005
394 370 6029
259 249 918249
247 414 751156
273 424 241844
255 238 804276
542 319 200028
551 456 439739
134 295 778076
105 182 127960
303 439 106444
182 294 951706
59 94 463445
620 573 614409
277 32 432946
199 523 189315
97 90 530887
563 309 399729
270 35 65765
487 355 883140
615 281 639766
240 602 58430
127 209 412807
534 92 351745
474 381 649248
594 592 314124
617 602 17147
213 75 129065
449 53 959854
412 443 538676
463 346 7246
339 546 958784
322 163 565592
330 471 594017
378 421 187703
515 468 245505
256 80 840300
342 256 16184
507 10 449602
69 82 893325
359 314 343716
210 388 758128
526 554 397991
184 438 410022
352 88 393125
547 366 600497
521 302 454178
445 102 913989
254 334 949837
264 322 22300
203 242 519030
51 343 672047
346 20 334902
6 463 961021
343 106 3811
136 431 203542
37 26 245544
366 170 241288
600 204 328878
223 480 328342
404 41 207134
26 389 168193
500 569 363297
606 515 296266
358 412 202803
133 11 456408
458 309 492468
453 145 854658
547 497 351035
475 118 26348
506 301 14078
518 22 971263
617 216 366182
74 550 566591
381 167 88056
409 607 397801
517 1 133597
179 359 977849
73 326 429569
481 618 622665
285 555 392425
144 146 921494
155 332 843255
74 257 704545
212 538 558595
15 105 523811
517 383 540279
129 617 364482
164 478 592151
387 237 187954
424 59 718203
416 72 651416
562 256 575918
395 585 630244
173 563 19100
542 102 476687
42 336 862093
540 266 264775
71 82 645401
76 424 947567
505 100 563797
517 453 471937
422 232 149963
422 120 958474
297 301 770969
462 143 27464
124 113 943388
323 504 562582
242 501 378690
433 153 515962
502 7 213707
586 501 865257
400 424 112494
505 294 490465
184 558 845182
446 105 204687
541 447 34232
263 307 763634
520 551 680389
497 145 125721
586 464 133660
514 548 751920
379 455 357201
619 462 975596
253 54 169176
35 198 218468
202 85 68521
542 558 270328
93 464 465082
559 193 366564
586 261 316333
381 179 639690
187 431 565321
268 506 547255
381 542 362258
562 220 404045
310 528 486869
562 249 263910
21 423 731457
7 106 482547
264 437 126029
43 445 485186
596 84 686122
243 141 563208
255 395 342009
36 363 435618
364 201 375056
575 307 125077
461 200 563598
36 357 506998
71 619 710236
444 186 559951
167 249 698573
341 49 132821
10 548 834098
621 138 120345
478 555 9730
326 325 187075
96 523 12923
415 130 669079
55 421 753571
429 423 641964
502 178 160435
186 395 941683
162 315 694525
219 508 909078
163 529 909180
238 553 545939
458 430 774145
538 611 590814
89 299 141880
209 314 326924
416 260 665477
500 35 413272
406 353 670659
450 123 748578
89 334 728253
427 390 303268
435 85 33412
474 241 200632
472 121 230883
564 443 404558
384 159 651911
57 423 521403
502 327 323564
521 499 155714
201 275 448019
334 162 910526
241 359 936746
37 546 213256
417 203 835637
463 95 247378
194 294 239031
116 381 883130
135 147 935895
193 531 332039
396 194 769300
595 574 787419
114 52 552619
468 24 467594
415 95 219890
81 212 252333
138 245 334577
318 37 963199
18 94 518375
95 94 350361
170 308 576749
445 120 152214
278 94 195860
286 92 976505
310 465 708490
334 146 781909
298 512 803320
576 212 944459
377 444 709086
371 398 403077
41 265 689555
556 393 96984
250 331 696726
406 158 207720
382 210 603363
563 440 264150
516 278 223715
417 491 559240
425 199 240717
127 480 544416
175 218 824563
568 383 447690
214 136 666775
496 313 92936
9 416 721141
584 60 524448
412 363 583151
268 33 694905
404 25 237353
52 13 268480
615 420 790164
268 60 764165
25 351 19559
524 512 817683
561 114 203610
26 444 886404
442 502 188297
137 151 288757
48 4 616498
372 245 695046
406 403 860074
548 255 928480
181 140 823891
424 448 950780
390 620 688163
489 224 504973
333 434 33749
114 258 473191
336 487 498941
591 50 191880
401 458 729919
120 210 764762
382 236 963146
286 512 384001
151 332 338896
434 482 289187
59 306 405
294 498 54387
466 473 68056
134 589 968209
591 512 414188
118 98 315162
500 427 53505
155 577 316844
188 206 755350
13 500 894517
400 589 809898
418 32 156114
476 264 387009
483 528 666810
264 309 632827
518 314 435222
22 71 336661
250 23 826216
365 113 75455
503 376 838144
155 219 262773
514 623 740911
607 381 938382
24 107 247620
589 323 565054
221 93 754134
336 162 269415
89 248 875133
435 287 753350
71 75 671049
602 475 317563
103 24 526961
290 164 106195
210 64 74675
599 594 832299
244 612 433831
471 422 457560
110 382 171435
112 557 278011
378 117 412420
15 518 174046
124 567 367166
598 608 722039
336 464 717825
104 313 616205
533 261 371041
139 475 603175
462 503 466388
214 554 615950
120 126 165957
618 218 732474
598 514 208316
561 166 107292
300 277 252741
256 449 773924
93 104 570631
267 422 580384
203 169 605757
621 551 984715
79 248 559091
333 438 112950
573 400 281090
579 15 275721
127 592 270209
112 159 168863
568 593 680082
203 60 220831
340 428 669115
593 115 288281
22 403 963581
467 319 993816
375 177 567092
155 455 302074
347 121 92112
354 19 219559
610 493 115077
494 582 808274
178 269 611412
436 26 673292
48 436 397655
374 250 670776
582 246 901789
519 267 685514
595 455 52681
161 107 718450
482 65 562684
126 569 971758
614 374 142791
583 590 675270
320 572 244040
14 333 316262
451 81 479090
616 380 262329
515 223 375318
263 354 982671
601 19 930002
29 203 415637
547 117 869933
215 21 196750
37 348 887378
412 271 32232
47 584 862691
110 152 185746
507 522 601026
225 149 725485
421 365 762232
360 37 185414
372 337 857021
421 30 52673
439 212 927111
445 59 329725
121 375 210695
168 361 279138
107 338 151847
622 542 545419
90 10 188293
72 189 63357
10 560 452067
375 597 794470
426 455 736520
223 350 733196
259 277 66039
145 523 332491
21 292 338546
214 498 873464
342 359 264979
2 70 716547
130 30 129671
524 508 879649
614 401 354713
500 614 79113
144 316 616710
421 177 19787
507 134 585425
603 349 121872
197 266 253715
297 593 731786
400 3 948186
301 224 473052
325 466 194152
263 105 151607
622 341 91335
618 458 864134
345 296 18464
598 133 476560
354 189 274058
380 81 295979
91 264 50620
16 583 637592
69 322 346784
582 61 647355
266 603 895548
302 195 194370
141 542 442921
60 405 828498
599 9 385380
58 311 971213
534 462 293528
242 424 356576
62 136 747376
120 491 948868
620 420 559903
608 272 832024
329 264 407888
503 308 560485
241 401 178571
27 310 244925
235 446 949028
537 186 288912
413 103 296312
0 174 373408
263 319 441092
191 513 175658
71 0 868613
168 526 409608
492 443 990210
445 233 189210
524 6 64928
209 403 424822
462 66 373848
434 131 240358
72 186 262953
439 527 445705
135 100 21021
220 19 734640
15 122 882421
578 189 351372
404 275 561022
624 385 757890
518 506 979468
522 624 912046
618 574 510508
223 615 917893
498 591 521904
131 312 670374
305 44 680737
146 406 644466
108 510 164891
544 81 120321
594 320 864359
83 228 970953
476 200 376629
395 110 558391
93 492 295873
484 496 633622
112 572 374863
601 160 554956
386 342 140884
374 586 582374
314 141 240864
152 338 622495
143 28 605322
553 139 626
115 248 848993
278 223 693228
456 316 80076
182 244 778712
109 102 523554
75 62 774105
528 506 619024
28 228 848065
138 535 315904
35 537 293160
363 452 542165
7 210 139154
229 341 237941
296 504 85758
14 465 852821
63 103 72824
54 265 714338
182 617 663935
66 516 146758
430 149 873449
137 541 671323
618 526 970271
208 147 423228
235 535 649938
25 594 598079
250 343 220022
371 623 502865
315 398 783148
234 594 279111
298 592 324478
76 86 20083
279 93 741505
574 607 262186
125 98 322103
300 450 776574
258 343 806275
558 407 748439
64 298 95346
388 41 200847
426 76 353866
278 318 472107
371 271 235140
13 166 878773
472 264 156386
268 554 49706
336 316 566076
539 222 617556
235 182 91892
425 73 526405
535 545 157715
179 401 55074
544 469 304114
483 376 80022
128 503 909008
1 338 700989
521 4 605962
317 471 243398
570 609 990076
434 52 6529
574 285 511126
495 282 816503
353 369 672362
118 471 996664
253 481 857244
332 590 603072
612 173 148867
99 365 915470
45 493 225954
344 414 788019
428 405 572001
196 327 336421
157 215 826464
581 454 242620
104 290 720724
141 292 959896
232 55 52231
74 258 206589
349 384 672466
263 266 306103
451 604 381724
520 471 17766
372 440 267909
424 269 13010
409 524 381612
242 94 70087
324 411 764431
600 536 872818
13 360 493305
102 325 341749
206 543 255376
450 365 330531
156 140 939839
481 349 103306
601 131 586912
290 305 597866
146 44 413043
554 172 453053
283 6 449692
320 190 37861
223 397 71683
325 253 692399
62 575 206581
121 567 715155
554 265 667058
469 179 702801
336 90 62966
377 277 357557
604 40 780514
141 264 403433
471 406 737151
34 363 296572
225 400 390138
383 393 725586
216 529 193853
489 384 758951
370 552 35699
612 79 607304
168 480 170771
345 193 946650
416 323 719026
389 542 670640
319 182 753562
443 229 558194
580 172 490315
519 472 362079
167 539 312916
398 417 709257
486 582 310891
179 454 12603
614 336 824033
258 165 98154
247 51 144135
344 85 276508
270 431 103923
527 514 39336
574 419 826655
374 543 656690
225 551 824245
152 478 312089
183 204 844791
465 12 690638
258 432 357648
295 145 12438
188 310 341798
509 258 314321
214 433 762463
483 228 7838
23 309 714686
177 494 124155
222 403 705313
167 161 724727
595 314 308083
445 400 102550
284 420 594932
311 176 828457
117 255 917502
160 503 417887
52 91 570834
194 561 534107
395 6 547126
588 329 355427
563 554 178249
139 506 803706
99 270 457275
410 24 53441
23 567 379947
267 356 639889
206 560 687407
283 570 238372
335 367 291460
365 385 301715
42 279 876761
427 491 99486
603 206 481510
81 179 353410
124 554 314697
298 94 953159
341 621 22398
146 110 976865
518 185 147714
372 601 715613
433 0 19158
200 124 607426
562 491 616474
315 379 887107
215 332 163870
141 375 554215
407 416 473870
32 542 725359
425 615 6678
484 275 422705
586 548 266422
151 613 783726
87 347 245889
105 216 996233
533 106 239537
213 43 200765
442 162 518299
259 318 46424
437 84 819795
312 160 890106
438 309 134088
349 525 918100
203 99 239378
562 593 320728
510 368 359359
540 476 480202
145 375 229768
456 396 864584
500 353 835886
541 462 983989
600 65 639345
164 584 603349
567 277 371878
319 520 272696
482 435 222174
111 170 792950
224 420 1503
290 468 906561
184 352 605465
152 483 223393
337 359 620988
261 517 854713
307 492 887878
613 422 143006
509 560 214200
99 117 772908
9 197 353322
325 84 184411
207 49 462381
567 377 323816
86 526 25178
69 378 258582
155 575 128751
250 484 627539
533 134 991011
53 2 488582
574 585 756038
317 41 114094
245 330 421575
609 575 545662
284 139 67161
453 278 862130
382 407 38062
39 166 905497
622 457 186741
313 214 418048
566 257 458631
416 81 459869
370 447 931884
154 11 925301
351 461 882762
391 146 823145
571 212 430858
5 199 385735
221 396 591546
407 218 248454
120 101 609457
378 236 965159
510 578 705227
478 311 609834
283 201 746564
552 256 474178
268 138 515372
137 371 784579
575 615 904741
510 551 410216
213 33 620967
625 580 147603
117 105 521958
65 381 558659
293 544 209586
292 468 255246
121 285 848991
445 226 898293
401 156 49703
37 280 89550
359 146 419170
155 183 398075
248 537 772741
190 458 481868
333 320 286308
395 384 1202
42 527 37435
383 259 348868
459 571 400769
386 326 68499
432 120 305288
310 499 529340
457 257 351381
491 133 452328
472 27 269538
487 231 275554
256 551 514085
128 82 914316
173 4 689443
278 305 891799
537 435 800963
171 107 65236
202 35 923052
33 146 639248
513 8 803465
561 574 931676
265 425 626999
528 407 340618
319 450 411172
63 392 372733
311 54 242705
448 22 349014
272 2 179713
84 246 211732
610 573 305143
196 53 13886
557 73 417560
289 529 955348
349 393 898976
295 575 215149
353 576 957101
32 5 802351
559 347 510497
537 237 252293
295 119 447302
396 78 216271
192 469 235132
12 327 718044
411 135 67848
210 532 837652
39 288 796386
340 378 674518
377 526 535415
274 538 15854
619 607 730526
389 197 313949
326 190 574030
105 605 85419
406 418 239073
135 99 949175
362 264 409359
12 462 749383
503 348 85844
400 481 367838
207 229 41213
262 495 917090
355 261 169574
155 156 166681
309 508 151920
220 263 870646
189 260 204542
400 81 151720
422 408 969523
23 291 805409
187 418 47698
279 501 792741
461 510 936894
512 255 419999
26 188 377236
614 320 556713
129 87 651588
202 309 40171
184 189 243877
587 478 885626
580 211 778028
523 400 721373
409 25 728249
482 257 546353
254 244 698000
19 598 681809
259 140 372033
323 337 436162
227 5 524824
517 516 929902
83 327 75863
609 128 73301
118 161 918135
577 499 361279
94 261 475307
90 254 271101
63 423 509438
545 611 491093
311 563 569469
153 43 970313
170 125 641485
413 509 25050
199 279 496121
462 556 279889
276 211 302109
409 27 396460
455 598 85160
298 492 543645
216 572 840369
2 68 625294
605 123 951617
113 414 470229
152 319 249534
499 257 92469
120 62 412196
116 309 132231
605 217 599695
613 105 444175
344 168 462140
196 12 744897
57 334 947938
474 18 741161
496 5 370747
313 583 784507
1 618 84033
29 546 715964
165 83 341669
27 322 35129
344 154 819740
146 588 393870
134 453 362872
433 276 300547
252 414 923536
307 367 253298
51 190 632893
113 319 653923
125 64 194139
264 467 984287
395 482 645396
112 79 821781
161 563 357425
258 6 50124
555 572 968640
134 257 466705
227 13 40214
407 497 282803
473 452 270675
520 234 970955
116 606 945328
9 196 44695
619 436 332004
463 17 494301
136 352 173947
500 79 302188
454 131 978227
445 217 165668
182 512 547891
49 622 827483
244 59 197492
336 433 732863
222 100 149558
433 310 415116
305 309 732945
182 389 203800
618 286 176162
273 379 41362
139 201 164164
365 322 957093
418 582 329331
565 5 875851
556 383 940760
612 458 209102
272 300 424506
232 38 911117
200 204 511983
84 405 31213
318 88 628366
136 588 429908
270 199 657233
317 557 602357
64 571 669426
584 141 691800
70 10 514257
586 544 371104
26 241 953966
259 271 268116
141 240 130881
421 120 568641
334 517 549370
21 208 438479
237 260 782777
598 360 412140
208 57 974156
81 221 755136
317 502 186340
374 59 136959
126 287 923846
93 556 412408
258 593 681597
195 557 594198
224 228 342230
500 429 911996
223 164 567505
40 354 886306
63 56 452328
430 355 540800
32 281 44492
266 555 611806
542 28 773905
387 441 494905
287 530 491122
614 533 614029
491 14 731741
576 509 41343
294 52 873615
178 9 254597
73 495 331909
47 466 817200
14 485 157465
452 332 573999
113 570 585097
563 19 956339
25 462 815260
403 211 770853
539 127 204085
448 246 91925
465 241 469726
241 160 839675
51 585 587373
170 298 716418
130 426 944076
420 514 415029
568 347 830825
614 140 831884
101 300 503405
212 519 275856
421 528 296258
617 587 933094
239 429 124816
389 391 165959
61 91 359710
163 486 415382
423 183 753568
412 112 697846
70 155 475499
323 90 776476
620 426 704497
135 133 621406
583 320 495798
254 604 826160
28 423 533206
314 90 598120
304 207 560106
226 316 530039
58 42 451417
451 359 498859
25 359 51419
545 523 153339
418 302 433153
570 625 702768
18 286 19819
479 86 808964
350 101 335581
268 346 732985
401 3 292480
405 270 546855
103 64 888962
2 366 118036
616 130 761912
150 243 625666
537 481 833415
337 375 76822
355 74 67569
350 523 792402
487 115 500330
17 364 722492
354 76 636752
427 93 959038
583 596 170060
283 31 379119
58 488 919193
409 549 821892
224 174 21262
537 348 539995
256 315 93407
130 156 591689
67 284 682170
269 596 298894
423 124 18018
271 340 455761
355 436 795291
384 618 462658
331 158 766261
462 526 346974
267 79 602824
612 532 921690
89 271 995161
379 579 478320
53 503 728727
447 136 182129
493 91 179637
223 377 596737
371 45 525217
463 252 982586
563 437 18445
497 605 695243
346 605 807366
277 404 141869
38 406 962540
513 88 371888
93 391 270162
36 21 535477
507 401 163822
136 263 428004
98 612 601667
128 537 517198
183 24 523118
434 237 673341
224 549 723915
307 332 342014
397 161 736257
150 298 682942
479 60 90992
199 578 541264
251 604 142628
579 393 867769
407 28 288930
55 348 288604
103 348 524792
51 389 481939
425 511 821891
168 236 801371
228 478 474303
105 43 434177
0 520 566389
117 455 254033
376 369 505870
68 65 411222
184 439 274190
194 181 694412
391 335 939221
417 69 90702
60 567 651613
502 352 12696
286 330 659513
505 137 486436
404 298 496316
581 71 696189
351 481 267724
610 10 218836
123 77 592823
204 229 658300
541 364 752423
276 66 952466
401 111 890775
571 533 962404
441 233 212665
472 428 384408
229 89 90461
464 94 4857
198 32 37531
14 406 830317
377 232 317047
280 1 709508
278 339 697515
158 561 484883
372 119 994227
94 231 105607
166 336 941246
305 459 464433
334 553 741395
486 622 131193
495 111 237301
591 488 180884
285 169 883531
333 170 254601
121 72 303256
442 229 798021
408 372 740573
349 256 747611
131 456 406485
408 217 745240
103 498 33397
328 552 217903
392 357 907695
206 292 301220
49 415 404397
206 14 304610
295 353 963149
70 133 18122
139 24 997481
226 469 938304
250 291 901321
268 337 178190
619 496 258186
336 149 332798
569 244 954005
337 389 472622
230 9 567764
348 338 614310
485 279 715666
30 274 303140
435 553 228193
97 154 346535
340 536 460587
342 473 863222
96 175 116957
589 201 40980
280 188 577101
163 91 539146
235 385 703658
215 487 269778
228 578 601747
117 601 762183
280 308 36426
165 434 770466
331 95 547026
441 360 344315
431 437 5037
191 287 576811
452 609 97813
165 308 587439
303 409 120263
408 592 974562
202 176 671071
597 124 925738
118 490 571774
133 88 328638
612 577 358264
119 268 651778
374 314 195437
323 94 929445
46 428 449360
220 208 600630
107 190 350469
513 249 51544
269 25 565315
432 56 996000
555 215 570044
109 165 866768
160 43 285977
360 330 226825
133 221 903572
532 524 429146
103 533 182883
151 418 539652
396 142 611121
334 236 371390
177 372 176922
296 245 988609
146 194 602880
515 447 648694
381 521 593215
161 306 556073
506 298 712117
340 446 208952
536 250 531556
170 244 640036
243 77 923145
319 620 830810
208 343 193060
56 439 973292
444 22 262864
124 284 602751
523 247 149506
462 251 462783
216 154 449129
352 244 230184
260 494 765929
42 330 775420
341 372 522530
333 230 257734
363 80 266090
575 23 23485
519 75 993855
23 187 305966
99 357 849989
48 339 719085
616 69 773434
23 532 930970
219 60 912659
148 81 27060
534 507 220900
364 14 327766
265 289 312727
195 39 364183
373 507 759971
176 623 6828
369 315 712755
430 6 904902
325 469 155984
326 583 768487
410 358 499319
2 320 117097
222 50 45222
298 604 250296
613 65 676578
3 115 187001
446 168 492021
415 537 836875
452 158 580593
408 314 800176
611 386 31754
592 561 51850
330 465 359230
261 15 512461
226 187 701063
221 431 551213
445 277 601677
115 264 750471
274 321 273279
216 598 393520
284 232 537600
475 97 898404
453 155 557673
38 134 40647
271 319 813296
26 86 200189
239 470 830189
369 564 900014
92 472 904034
228 422 346024
313 147 109743
20 1 262272
139 510 327087
220 274 386708
363 145 438284
481 401 36335
217 563 927144
234 14 272600
280 441 481023
530 196 102606
398 39 391700
136 383 649630
68 342 458716
87 523 840968
258 16 975390
456 280 523470
581 243 92311
170 269 909794
283 107 22524
134 206 870763
555 396 752332
552 514 208032
618 435 625256
490 363 661587
572 77 440059
254 132 480896
200 197 886376
177 24 214468
34 352 568271
591 399 828046
284 211 453069
171 424 570950
48 276 931563
611 164 384937
138 623 12957
268 228 576305
67 276 364539
404 467 617207
553 330 974716
193 505 773894
2 303 564788
514 606 382566
45 445 292128
519 513 949482
617 268 215212
110 437 384042
41 101 689236
274 299 624550
488 431 305574
454 508 573245
86 608 983224
86 580 842785
567 430 445633
315 474 779363
202 65 952973
248 374 875250
271 267 940629
276 88 182654
347 319 894647
391 233 251833
327 580 167311
426 417 351409
331 408 426085
181 537 990599
261 383 838539
268 456 254515
271 23 860355
544 151 850998
41 436 490894
326 541 9902
289 172 803951
390 74 938223
93 348 254550
503 26 558637
133 378 373283
3 475 347291
426 505 794762
177 186 858848
412 150 561803
41 333 41989
286 574 243909
53 117 836891
59 214 615229
287 381 302862
272 94 19890
218 200 768603
266 257 235592
537 223 351576
623 139 534971
470 393 943781
576 90 839570
399 213 750075
185 32 903756
419 516 503130
580 150 918362
397 35 27411
183 50 702640
444 13 649920
272 57 27183
200 418 363960
371 272 728352
252 611 478541
311 89 828604
299 227 6266
559 490 278043
224 390 547119
586 249 621070
122 510 255803
471 331 571314
103 225 682180
482 436 431298
597 570 848355
480 194 226339
413 83 579576
132 393 42894
350 370 704564
140 7 52287
175 431 119021
431 234 129879
474 430 739817
217 49 601965
125 180 771117
256 23 806317
218 328 745338
561 199 842858
618 438 706686
566 335 730498
312 584 115767
176 74 288942
597 47 826481
426 27 782198
272 364 575170
130 333 796173
123 575 478574
598 571 452200
358 543 847704
235 393 991103
471 177 147360
615 164 433367
0 426 619969
84 551 686133
400 499 304643
614 91 691714
349 461 545999
532 622 414028
499 515 660148
407 239 305032
129 168 389269
352 349 577625
40 379 729665
270 414 415844
349 437 920785
256 244 424823
456 573 29307
512 611 967251
167 493 583934
606 299 23762
349 604 99648
554 469 350975
591 103 177568
383 60 186326
464 65 697828
539 385 121471
552 390 243463
174 8 492528
409 443 727706
18 439 616181
159 326 492038
553 603 454009
202 66 746194
534 620 375453
462 357 140990
263 418 556029
184 487 618002
433 340 355341
353 532 378854
312 288 565789
61 389 797980
397 589 517145
589 493 144209
82 36 238424
610 296 118085
375 246 937476
492 248 642341
4 154 856646
388 323 297405
277 497 695264
429 620 586964
382 568 353260
410 72 676544
513 134 284828
379 502 217361
292 105 68750
393 229 534523
438 390 522091
81 615 547559
399 454 455902
251 318 298719
550 20 731152
509 483 217971
175 340 965186
187 497 998584
90 521 626082
2 27 785025
623 606 77431
224 447 152584
402 63 397579
590 389 474094
419 252 268431
436 162 86524
604 26 302930
613 61 71142
540 77 819535
620 368 9821
492 15 473210
47 304 391197
475 158 480490
356 559 40467
326 11 959433
620 532 543961
504 428 962355
47 174 697911
584 191 841307
51 143 108043
180 311 677698
233 539 188796
579 447 576519
366 435 296564
465 87 666216
266 600 373945
340 121 248560
447 207 747442
94 528 102920
403 474 919349
589 26 839569
107 130 333160
85 24 652813
100 178 121832
115 459 469866
412 598 80702
364 496 864437
371 484 497141
541 191 248475
393 32 87726
430 536 982889
207 587 721065
360 468 197336
275 57 944275
34 359 73153
355 247 992503
623 576 715416
127 580 664895
371 128 701115
52 384 138217
484 207 186771
137 512 695455
349 513 633906
277 15 565932
471 490 883432
556 429 924379
369 183 27290
338 225 113577
479 311 462414
87 156 278818
417 6 981686
488 177 571225
274 4 976013
126 422 494331
542 343 817908
108 406 205222
47 540 57479
482 318 980589
431 439 240472
195 148 565256
383 486 848325
252 110 314349
155 607 667683
568 462 27632
48 169 441307
411 430 510890
234 510 638259
56 548 628072
15 523 885974
425 292 991888
398 494 559157
199 27 67675
372 338 922860
277 534 698007
175 233 718179
326 420 372472
125 540 149046
167 70 74154
512 441 620078
365 82 674846
251 428 844460
487 325 414817
232 174 508377
253 364 77763
118 127 97278
146 141 229653
55 346 88085
140 339 720524
329 226 76672
29 154 178886
50 413 703289
478 105 502714
511 360 376784
586 553 351579
421 481 509249
193 23 763223
144 331 896595
592 478 753131
17 400 112774
356 191 686787
502 221 675876
440 284 547245
431 86 346089
301 330 758278
257 472 308530
15 512 623580
611 447 339335
435 592 540720
69 551 870936
562 86 114046
347 44 86918
157 294 461073
312 572 372092
96 475 177050
262 119 674494
272 606 586775
30 334 524998
502 215 706693
127 470 999171
197 249 788082
85 16 816638
66 110 548591
511 589 471101
29 381 745006
223 406 334392
57 147 616525
417 442 346672
125 491 519696
6 428 831263
266 310 52555
189 165 262295
48 622 578932
190 314 119114
459 567 441895
331 139 518084
197 621 546669
306 29 642653
318 484 281144
578 260 412731
57 525 48715
83 446 248077
402 141 851482
305 406 611693
305 479 658700
436 559 758442
257 26 615060
247 38 272918
20 14 176410
209 150 317151
85 239 534806
27 615 821358
344 268 293022
312 585 184860
287 174 154226
98 498 248011
75 219 104168
539 459 95231
606 343 502411
16 582 715227
243 142 937187
18 238 412261
503 265 99588
344 564 863232
42 376 577990
600 375 928203
186 202 374327
33 321 850352
293 65 133963
220 20 443772
444 81 462865
128 620 101883
398 553 196921
264 242 698479
104 273 616997
596 539 684790
441 23 121237
530 355 791013
418 454 854342
212 497 347068
130 287 726992
86 266 98751
95 321 844808
342 162 4016
457 267 81191
158 248 566535
215 416 251054
219 183 266643
85 419 364065
324 582 767782
249 556 273088
541 459 278747
176 400 783457
385 562 132715
49 417 76434
13 507 329344
496 143 359089
91 157 146253
594 374 182767
3 614 999359
28 356 377529
226 119 226900
372 73 367928
408 162 944744
257 586 229268
63 302 666990
210 372 207025
87 48 214355
58 347 804392
88 386 764277
578 343 149023
597 456 613412
437 502 596447
475 237 102671
69 218 20912
600 129 633845
279 372 241995
143 323 714160
334 226 778913
114 451 780561
374 402 427708
560 238 763855
469 603 276325
1 240 717486
153 18 612735
72 329 774843
561 9 832475
548 486 542219
509 5 388184
292 347 379662
359 380 76086
527 32 217492
113 126 750193
536 549 9323
620 299 287845
471 179 98476
270 193 975212
26 618 423334
527 559 639271
6 441 159773
249 335 925267
317 282 375799
127 327 359127
519 469 664004
367 105 680692
360 622 921467
263 513 590203
168 200 19368
490 526 862341
202 605 895182
531 573 530524
121 32 303779
610 212 717619
49 22 603380
24 573 443985
467 178 605844
455 528 175065
74 219 847584
111 103 724336
454 224 626215
580 157 322217
50 512 513754
82 348 369364
407 128 499391
405 584 920648
168 186 906455
329 259 760322
243 6 627707
55 530 133142
91 202 991539
552 487 497165
609 28 199379
532 361 354371
376 234 334256
45 505 93118
300 602 835632
343 243 880980
569 32 693506
485 116 310870
580 324 908670
387 501 865439
26 157 267057
135 449 578902
511 9 336285
317 591 879215
84 81 593420
234 595 226215
340 28 21091
417 490 489482
507 402 459761
363 533 163035
59 14 73542
75 286 599763
281 381 260989
370 505 863154
242 191 999954
320 224 145842
174 250 258328
227 46 236875
515 5 35118
253 577 706607
546 536 924114
573 353 773060
194 440 807332
140 22 996693
55 557 454489
449 364 122796
103 183 614800
561 84 78949
296 74 840064
301 32 126405
424 15 645920
514 564 148053
9 49 301432
269 189 342122
126 463 374029
590 609 383130
476 124 782857
472 621 119457
158 384 526515
540 132 70053
555 8 719307
328 95 694731
160 430 948255
413 22 540477
266 592 741450
419 300 885735
186 607 625140
364 545 941995
330 624 150893
276 494 114997
415 460 148164
17 391 274697
588 44 309494
227 503 684684
438 17 536909
320 435 982725
131 83 408832
38 70 395570
359 513 844914
20 238 813262
223 62 653606
427 552 803706
572 538 71183
540 394 61173
614 0 531056
13 103 428257
114 79 117149
434 600 359007
481 91 897189
170 547 515825
501 287 138308
614 623 81044
530 391 431592
373 470 358784
565 390 422881
412 77 803213
20 607 835828
594 368 163782
198 174 423825
553 353 253851
615 201 182884
387 158 457842
110 593 331343
432 130 164137
565 435 699671
470 463 688981
41 135 779701
455 161 345227
16 358 837381
412 26 841248
577 372 381093
482 548 954934
317 71 295210
142 228 799738
555 528 956525
167 54 203797
610 15 719335
619 461 830434
351 362 902586
588 459 909754
548 519 545148
599 348 708629
44 364 338999
9 447 726612
598 337 372271
8 309 309222
369 567 669398
262 436 52807
279 612 696866
317 380 558156
159 37 841581
165 101 178595
343 488 155038
357 607 674174
617 541 464000
552 263 547917
237 324 951904
138 522 975448
110 267 699657
382 572 425633
426 427 948258
573 175 132919
58 380 718802
482 141 591561
175 437 996149
367 205 425741
435 284 368826
423 247 777596
513 29 654219
519 504 6649
357 327 303663
13 396 863401
140 604 140642
360 343 450990
400 325 262274
511 622 848557
169 483 339464
400 274 816804
51 184 347625
506 5 667164
134 287 960549
547 376 496960
566 456 883868
316 263 534569
441 161 313213
581 360 364585
561 90 496029
112 77 296152
275 471 585817
6 115 138317
241 381 697893
366 63 730569
613 625 398783
361 359 315635
195 518 115524
421 352 762920
607 109 238847
364 546 455702
380 285 748680
344 172 439124
539 295 885059
145 248 443730
66 15 116509
94 213 707080
444 440 595461
384 199 818630
495 594 785612
605 132 973312
336 578 689220
234 490 592996
85 544 93620
459 92 712880
196 252 77582
0 184 366617
271 221 306256
168 272 678235
81 122 257077
211 445 789730
184 401 619368
79 299 805625
447 57 880676
480 226 736176
572 127 848174
259 402 727374
249 127 733954
323 32 689032
557 611 12877
9 148 155914
611 547 902522
4 435 947916
242 511 713815
170 316 177365
99 37 863097
412 296 615044
172 505 894971
499 101 115577
143 349 787726
439 4 709731
283 2 940398
510 229 381969
3 603 335680
196 449 917463
505 520 450804
276 541 547077
105 467 818325
506 181 754424
244 543 46276
611 4 333572
255 492 288564
5 158 461174
518 305 315545
333 17 921040
591 282 146712
164 379 447276
225 500 50791
175 319 794520
420 474 410540
317 507 255148
501 328 359228
391 558 544477
461 25 337429
304 521 307440
290 371 560074
219 66 121381
122 137 4991
227 394 611801
302 406 166851
60 288 296229
614 177 302016
620 370 446540
318 496 755039
605 327 535826
16 209 910374
58 543 204041
304 560 430894
562 367 320987
137 305 913195
478 590 406492
265 141 21673
414 411 166751
588 595 467000
415 405 266655
3 186 840783
409 353 713816
4 451 694718
148 330 855529
262 569 621533
299 32 710033
113 26 939261
91 397 644895
539 292 956595
369 150 460655
584 383 878831
127 570 269416
246 265 401689
32 20 55950
139 563 830849
134 447 718202
395 303 988185
229 598 321133
441 178 202729
387 302 656337
191 111 381131
292 423 670695
121 101 621444
306 4 1602
414 596 440263
14 529 323670
568 469 414169
434 217 488262
452 225 602193
264 81 996336
465 368 861295
317 245 272525
346 570 282997
343 531 893837
89 35 413104
487 539 159378
91 29 908924
442 467 347668
383 138 104018
605 622 729675
300 192 7856
307 347 477101
582 165 169594
1 114 491198
431 283 88400
112 233 292404
400 440 65683
531 392 19717
364 85 383232
453 523 329213
535 394 341486
225 55 550498
319 609 752969
300 205 609750
259 349 465468
528 251 728400
521 598 584786
287 515 583821
33 586 448561
35 542 305735
532 480 517540
148 300 449909
571 51 249853
494 480 863137
330 340 306738
283 623 411084
396 166 96315
617 171 567793
418 529 537528
153 0 574122
471 375 740040
430 216 877763
6 586 124453
273 41 891919
68 180 239029
31 51 810445
155 443 153734
420 271 508439
505 44 544013
163 265 51881
267 605 836732
505 555 656283
384 56 225661
580 28 740206
470 403 253569
430 119 106288
17 410 823473
240 197 75304
237 622 640936
275 22 627798
246 264 342218
180 374 476319
559 194 720948
199 617 441600
238 98 214572
214 125 810010
13 242 654067
449 442 892672
1 263 574705
229 377 425520
277 62 122794
521 301 765830
15 340 945137
222 82 194111
558 586 886509
561 25 186652
216 405 540742
374 36 411646
250 523 229079
623 66 856688
266 623 830577
554 312 203378
266 611 698131
518 398 56703
450 517 110354
332 447 503213
548 456 44226
537 515 323441
561 188 995838
496 319 414557
401 518 371596
118 197 956747
371 526 60109
141 178 210415
132 61 909316
572 196 456798
114 408 11127
592 574 550103
398 180 27440
189 241 875682
180 355 948414
85 594 517087
262 264 127529
279 147 987484
347 312 871057
44 614 165953
202 4 935176
591 467 959203
426 110 458767
368 295 707734
56 150 367096
565 248 350704
32 491 327865
48 113 781408
609 180 450895
620 202 704658
567 589 185442
320 112 615814
190 142 623110
95 219 31642
455 385 100832
603 289 927506
15 91 298100
39 11 960092
275 108 518925
498 380 353428
484 290 687591
122 195 159164
547 158 347868
311 404 565968
268 50 633574
600 71 356499
340 588 183100
538 91 979368
232 525 399699
420 213 814563
44 392 887210
79 480 403737
433 573 423185
380 501 918071
74 97 857852
332 328 533370
0 363 361787
256 171 62632
203 572 511070
329 247 889830
466 347 699141
342 284 102475
352 530 614412
285 242 29618
57 571 995034
256 263 880098
23 597 981453
410 81 709032
419 433 198673
308 325 616345
401 40 930394
291 625 854289
69 609 821570
305 273 277260
376 512 655820
142 147 87046
266 114 763722
455 548 795002
330 486 970885
242 617 683319
406 512 723699
556 321 299254
561 177 701534
536 593 980573
137 469 981878
268 283 877710
474 401 68146
477 447 261198
368 173 982279
484 573 147695
385 493 361169
33 506 582032
345 532 688457
243 569 143573
562 136 12874
316 306 922720
207 388 197850
491 479 131514
159 501 362278
64 461 59330
25 61 579020
196 263 821978
517 529 665068
430 277 500649
333 291 461212
89 165 21779
194 346 361015
574 397 700043
255 599 761417
218 410 696771
100 495 398750
18 159 723604
442 334 771943
417 293 212670
481 609 724937
470 604 565014
31 273 486462
437 57 566728
248 500 67094
258 52 47354
150 103 911848
261 421 89851
576 323 103640
609 47 961204
299 433 158921
180 416 828740
160 129 804034
323 466 869960
622 447 276634
292 41 824738
589 605 126138
541 263 446362
151 304 464490
428 622 104546
322 300 413332
373 107 564986
482 230 328530
298 98 745598
69 356 705954
369 242 100796
370 9 378010
479 328 481181
145 380 322270
407 351 63911
516 47 815579
18 585 118520
516 588 449004
402 525 482310
550 421 418736
261 128 975176
553 13 689901
96 211 194550
385 115 40611
110 585 228762
291 396 739203
176 264 881293
578 527 706665
528 385 85245
133 67 524125
245 533 975947
390 566 830224
197 583 941516
547 137 114593
240 145 993980
256 341 54160
221 224 150684
71 611 120457
322 547 110316
144 555 12079
543 268 95918
439 185 586061
23 515 270060
497 519 133499
124 211 725617
427 283 782054
105 346 889582
433 46 690578
443 348 172445
305 33 210346
162 427 73328
170 420 768880
129 415 789505
161 310 751984
376 549 979966
604 365 671226
2 56 859851
47 618 294317
198 105 547801
280 451 653004
278 30 675948
120 549 925683
112 508 215031
373 523 899638
438 35 563030
283 530 528571
400 625 833729
552 278 339430
294 309 902788
278 123 725895
303 61 470550
38 287 489910
275 480 805719
154 430 868761
155 286 513064
197 401 183932
418 156 713585
571 354 433106
449 521 914145
182 559 900478
579 501 356163
35 183 503202
65 242 859230
200 114 839039
300 279 91253
587 32 711737
44 124 12760
168 214 699014
447 8 646211
391 28 198763
103 82 472212
537 213 44157
47 327 930643
211 516 757621
277 341 929441
410 62 920374
336 136 911773
147 340 75518
104 326 115763
306 83 265244
20 384 999090
26 524 661947
53 600 774735
123 166 443009
568 375 119601
187 166 596050
602 30 91978
498 243 510058
524 355 832935
550 48 307265
102 218 494053
515 307 810881
151 334 452147
31 487 546860
578 117 468413
427 58 304839
582 401 800847
227 428 148940
52 218 296336
456 485 83950
590 438 146509
445 359 715309
498 174 534164
362 543 238373
420 587 650510
479 489 536046
113 131 365379
408 60 100786
348 220 663963
236 204 634991
61 576 297183
381 460 272351
530 8 428993
307 75 359597
318 284 720968
240 262 112901
326 332 787936
559 233 709526
185 502 115024
594 63 956540
581 48 796454
483 21 310047
623 164 3980
454 33 927971
565 463 246872
434 599 414326
339 20 863153
305 157 399511
331 112 399110
487 315 927960
116 509 315667
123 18 341130
59 102 760781
548 299 558871
110 177 422400
530 493 306453
227 523 909418
213 18 165913
189 454 366505
439 270 486223
110 205 750512
101 16 171156
397 230 70362
298 61 810540
167 285 168034
534 114 525948
517 372 926606
486 249 454781
376 535 986330
472 91 715796
2 137 79611
319 437 388615
237 352 686268
123 427 559447
114 584 289929
545 406 840242
179 583 420817
557 59 311025
142 385 694754
3 150 417277
565 222 340936
195 69 850103
148 509 604818
327 397 866857
318 426 561340
187 432 821992
57 210 776545
602 337 483502
470 50 481916
131 397 732298
2 225 160761
287 511 146280
31 181 653675
523 377 922623
323 598 213886
462 2 337619
174 502 555914
234 446 852741
369 607 724437
544 543 633311
525 113 927487
526 550 512165
265 1 519689
164 395 814305
21 604 84572
511 409 34489
462 183 589984
178 147 154674
550 41 402362
1 150 214163
161 65 773878
300 525 297575
534 112 52700
232 210 305017
127 21 989057
90 342 565945
20 242 317789
187 384 421138
508 496 86458
243 143 79451
523 18 565473
99 462 105436
482 622 919759
576 503 318559
566 9 672969
319 430 430772
224 12 861193
281 472 332064
540 26 159005
18 535 264230
366 138 855579
189 355 154338
338 186 10157
394 416 596045
110 562 246422
423 520 669258
554 338 822769
136 87 356063
479 495 115800
402 241 261393
564 176 545932
538 309 347646
622 552 659355
438 382 196438
355 170 258745
284 367 325869
94 598 921871
18 409 759775
445 358 384416
539 194 230186
450 447 103821
558 477 786502
83 245 782268
191 260 811902
252 410 914349
462 299 236096
396 242 752046
152 536 955986
609 372 956489
260 140 804619
596 41 481838
217 490 13460
301 45 643850
429 578 227661
22 327 471063
78 318 242642
549 247 993372
376 50 683293
305 529 452804
138 97 650555
418 216 162028
600 348 281407
56 522 659046
528 549 662710
0 1 462494
1 2 47891
2 3 77571
3 4 578654
4 5 495183
5 6 146250
6 7 636967
7 8 766828
8 9 527863
9 10 523990
10 11 588475
11 12 230846
12 13 210100
13 14 714140
14 15 582729
15 16 647899
16 17 98698
17 18 24484
18 19 217176
19 20 781607
20 21 786607
21 22 62124
22 23 845403
23 24 871864
24 25 630938
25 26 398528
26 27 585198
27 28 185487
28 29 81186
29 30 602015
30 31 837492
31 32 969194
32 33 632014
33 34 382538
34 35 548578
35 36 476817
36 37 997392
37 38 369376
38 39 709555
39 40 743908
40 41 653374
41 42 541881
42 43 849185
43 44 424944
44 45 155864
45 46 281825
46 47 108871
47 48 788009
48 49 656084
49 50 704774
50 51 493424
51 52 354158
52 53 796791
53 54 114298
54 55 858498
55 56 235713
56 57 513681
57 58 519716
58 59 964780
59 60 401709
60 61 961824
61 62 457101
62 63 934862
63 64 981028
64 65 121798
65 66 826691
66 67 109773
67 68 915110
68 69 81455
69 70 308415
70 71 444741
71 72 742473
72 73 535107
73 74 935597
74 75 201444
75 76 527849
76 77 320953
77 78 671813
78 79 454000
79 80 505309
80 81 220664
81 82 600373
82 83 560094
83 84 86566
84 85 629856
85 86 564905
86 87 996416
87 88 372698
88 89 477605
89 90 908345
90 91 45858
91 92 428309
92 93 250939
93 94 561803
95 96 488385
96 97 415631
97 98 491129
98 99 743256
99 100 975071
100 101 708941
101 102 502304
102 103 514905
103 104 856383
104 105 653143
105 106 858731
106 107 942486
107 108 228518
108 109 249452
109 110 843438
110 111 449205
111 112 837539
112 113 173747
113 114 130635
114 115 864172
115 116 423135
116 117 958467
117 118 721269
118 119 890300
119 120 32104
120 121 81303
121 122 111792
122 123 698761
123 124 308513
124 125 155273
125 126 678453
126 127 714935
127 128 720865
128 129 998994
129 130 367142
130 131 161546
131 132 42616
132 133 455429
133 134 581995
134 135 319771
135 136 345519
136 137 730408
137 138 379231
138 139 519089
139 140 112748
140 141 494205
141 142 398614
142 143 116801
143 144 864107
144 145 891459
145 146 276615
146 147 113407
147 148 44392
148 149 478986
149 150 510080
150 151 289837
152 153 280814
153 154 756828
154 155 678228
156 157 644782
157 158 651730
158 159 946188
159 160 56016
160 161 2405
161 162 369334
162 163 281043
163 164 629162
164 165 409438
165 166 728204
166 167 783400
167 168 574364
168 169 220906
169 170 234702
170 171 214620
171 172 964185
172 173 359433
173 174 264970
174 175 551895
175 176 816728
176 177 5215
177 178 963194
178 179 882753
179 180 705358
180 181 443614
181 182 509439
182 183 680438
183 184 31132
184 185 207907
185 186 830364
186 187 541921
187 188 832098
188 189 14271
189 190 365129
190 191 843913
191 192 594178
192 193 595517
193 194 343289
194 195 889923
195 196 205470
196 197 575810
198 199 293106
199 200 899787
200 201 431605
201 202 513096
202 203 220590
203 204 922142
204 205 693869
205 206 94205
206 207 244950
207 208 869118
208 209 166771
209 210 837467
210 211 966263
211 212 464424
212 213 439962
213 214 261733
214 215 392028
215 216 495364
216 217 552375
217 218 498936
218 219 433838
219 220 363663
220 221 17585
221 222 716929
222 223 666497
223 224 94976
224 225 139614
225 226 324003
226 227 202710
227 228 608099
228 229 406680
229 230 743882
230 231 957526
231 232 967111
232 233 706158
233 234 658009
234 235 105156
235 236 978685
236 237 217659
237 238 309335
238 239 384118
239 240 217123
240 241 856521
241 242 967227
242 243 480480
243 244 861574
244 245 978918
245 246 49847
246 247 566268
247 248 238335
248 249 428606
249 250 749619
250 251 548087
251 252 136533
252 253 535019
253 254 160713
254 255 399631
255 256 887931
256 257 877349
257 258 210788
258 259 116835
259 260 858125
260 261 15391
261 262 955017
262 263 610383
263 264 362447
264 265 411113
265 266 189880
266 267 39595
267 268 820578
268 269 558581
269 270 607904
270 271 388251
271 272 300512
272 273 287627
273 274 7178
274 275 655795
275 276 879519
276 277 508909
277 278 899427
278 279 507196
279 280 297448
280 281 121406
281 282 854488
282 283 657052
283 284 716834
284 285 236359
285 286 283900
286 287 388446
287 288 296586
288 289 546456
289 290 469957
290 291 901275
291 292 849479
292 293 312400
293 294 182927
294 295 921820
295 296 611193
296 297 677823
297 298 123690
298 299 374516
299 300 939032
300 301 374018
301 302 229767
302 303 872866
303 304 187484
304 305 344648
305 306 468726
306 307 4517
307 308 890973
308 309 610554
309 310 966527
311 312 828503
312 313 443381
313 314 469762
314 315 189207
315 316 391882
316 317 3758
317 318 122651
318 319 569396
319 320 689379
320 321 782264
321 322 643144
322 323 744501
323 324 938322
324 325 977152
326 327 691507
327 328 458995
328 329 980563
329 330 6512
330 331 934908
331 332 718031
332 333 771164
333 334 355585
334 335 185204
335 336 211594
336 337 538782
337 338 106979
338 339 791982
339 340 173883
340 341 697780
341 342 939474
342 343 660061
343 344 725906
344 345 776096
345 346 527451
346 347 921087
347 348 310800
348 349 648460
349 350 859607
350 351 469564
351 352 620677
352 353 152244
353 354 346139
354 355 39825
355 356 797579
356 357 261450
357 358 410331
358 359 330629
359 360 681146
360 361 927385
361 362 373240
362 363 617341
363 364 724983
364 365 892115
365 366 623953
366 367 847105
367 368 872379
368 369 477596
369 370 527572
370 371 132190
371 372 242760
372 373 39050
373 374 26058
374 375 527371
375 376 402794
376 377 975981
377 378 47953
378 379 100870
379 380 943074
380 381 632199
381 382 815606
382 383 887668
383 384 922014
384 385 930391
385 386 779337
386 387 712197
387 388 64600
388 389 886992
389 390 839403
390 391 551624
391 392 443229
392 393 854426
393 394 641311
394 395 640816
395 396 61606
396 397 540998
397 398 907661
398 399 639309
399 400 554634
400 401 597516
401 402 560815
402 403 84232
403 404 411542
404 405 984689
405 406 462397
406 407 931151
407 408 100274
408 409 444095
409 410 699755
410 411 999588
411 412 187640
412 413 279727
413 414 524120
414 415 366694
415 416 419145
416 417 523443
417 418 519557
418 419 910703
419 420 387914
420 421 509001
421 422 780470
422 423 944812
423 424 113948
424 425 974801
425 426 854230
427 428 915161
428 429 721917
429 430 324812
430 431 276487
431 432 221428
432 433 293758
433 434 308219
434 435 852613
435 436 316248
436 437 701474
437 438 363384
438 439 154626
439 440 584271
440 441 228181
441 442 576750
442 443 948210
443 444 413131
444 445 568973
445 446 292588
446 447 897846
447 448 655081
448 449 484973
449 450 182416
450 451 938295
451 452 471875
452 453 273986
453 454 299131
455 456 447083
456 457 174141
457 458 634408
458 459 167259
459 460 202714
460 461 849834
461 462 536716
462 463 870639
463 464 559220
464 465 990729
465 466 168478
466 467 253809
467 468 399862
468 469 846648
469 470 316519
470 471 261030
472 473 524593
473 474 617942
474 475 53083
475 476 798492
476 477 137066
477 478 467112
478 479 414345
479 480 114623
480 481 260602
481 482 668992
482 483 927413
483 484 170712
484 485 730389
485 486 522017
486 487 158762
487 488 558992
488 489 78248
489 490 139819
490 491 906769
491 492 968690
492 493 315006
493 494 894089
494 495 610788
495 496 87119
496 497 434676
497 498 722077
498 499 443850
499 500 393720
500 501 163883
501 502 239170
502 503 232609
503 504 134137
504 505 885577
505 506 716064
506 507 268021
507 508 254353
508 509 659917
509 510 746098
510 511 608488
511 512 990777
512 513 338694
513 514 317987
514 515 804315
515 516 938379
517 518 711286
518 519 125664
519 520 302569
520 521 670164
521 522 89089
522 523 762965
523 524 138760
524 525 254593
525 526 722706
526 527 288170
527 528 807718
528 529 16306
529 530 423939
530 531 737356
531 532 699885
532 533 473045
533 534 463031
534 535 547104
535 536 496248
536 537 563811
537 538 36056
538 539 589645
539 540 900439
540 541 333580
541 542 889749
542 543 552723
544 545 411899
545 546 947128
546 547 602120
547 548 914732
548 549 822684
549 550 705079
550 551 617185
551 552 175088
552 553 605765
553 554 950861
554 555 842769
555 556 624905
556 557 464376
557 558 522896
558 559 799460
559 560 210435
560 561 799437
561 562 115070
562 563 595360
563 564 491688
564 565 81070
565 566 493771
566 567 652266
567 568 678831
568 569 578694
569 570 222167
570 571 181159
571 572 719149
572 573 216612
573 574 367622
574 575 335059
575 576 47021
576 577 555102
577 578 318575
578 579 190992
579 580 925014
580 581 889028
581 582 672857
582 583 516023
583 584 384907
585 586 473687
586 587 952292
587 588 246746
588 589 153716
589 590 455992
590 591 493597
591 592 540647
592 593 581070
593 594 862678
594 595 202165
595 596 971171
596 597 629707
597 598 331573
598 599 460862
599 600 365221
600 601 209133
601 602 48187
602 603 955275
603 604 266020
604 605 813992
605 606 20166
606 607 250320
607 608 663669
608 609 224364
609 610 328283
610 611 326893
611 612 161999
612 613 766521
613 614 989310
614 615 912991
615 616 455282
616 617 562862
617 618 963448
618 619 349536
619 620 69345
620 621 585942
621 622 653390
622 623 246811
623 624 495438
624 625 726235
