4043 5436
1468 2942 866637
346 2525 1039
1421 2871 238094
3160 1310 779272
2794 245 697935
1909 1885 198604
3303 1216 726088
1915 1767 403215
1940 3787 519663
3423 3612 829758
537 2071 177143
64 2516 577792
1809 2124 578089
1321 2049 442233
847 632 23125
3713 2320 806215
3340 545 97551
574 712 338283
1342 2561 173943
559 3308 28108
1155 3402 418687
2676 2542 925807
1370 1746 624002
3706 2299 500649
1117 1181 61832
2596 891 151189
3156 2084 212478
3286 1254 574958
37 901 987778
3619 2949 177872
263 2609 585354
3125 2937 332393
428 3031 95192
2606 777 164935
3893 2591 86997
3325 348 480404
3614 2300 23134
645 3980 436044
1805 2188 702777
861 985 831486
3740 299 557551
1334 3849 987781
70 2295 699297
2974 856 492789
3479 3141 970732
2377 2492 182954
2348 2219 170479
955 411 681389
1916 1535 593727
56 1475 498884
3306 3190 467171
1748 760 571927
1538 1510 9493
1190 2432 1993
1574 1188 939443
570 3000 509247
1995 3143 773623
2901 783 801752
664 2578 3546
2244 1075 65407
3487 1555 901389
2590 433 31367
1713 869 409193
3604 2970 83749
3397 3990 343187
200 2299 250230
1682 595 554042
4018 3372 828787
3500 1898 990063
1815 2790 272657
1610 1623 219567
1075 1329 235883
990 1954 841975
3346 480 778399
1047 1311 820022
1466 3464 398171
3960 1351 161936
1533 246 669157
2550 2029 406031
3718 3270 213375
1207 1000 559087
3756 3299 392579
3879 878 940253
2329 27 76355
3049 3907 358716
2032 1279 778119
2372 1338 824542
1176 780 830241
2271 2831 599894
3391 2330 167452
998 3288 980844
470 1668 909196
3434 3014 419473
1553 3784 915385
3286 12 342500
1194 1888 334596
3110 330 759416
2031 357 697873
1694 3582 101826
1350 3923 312648
902 1793 655181
2227 1489 609251
2443 2940 737153
2913 1233 808979
561 2033 124239
641 1993 730337
3743 1763 735147
1442 1096 960139
2323 524 11380
1321 2074 296502
3565 3880 437788
2783 2241 890018
962 630 345948
345 1218 831844
3057 3418 428767
70 445 594884
1919 1342 511219
203 2447 967539
3533 3886 431309
204 1003 86616
1601 2318 619271
2890 860 835470
3281 456 706047
1842 442 414266
3816 1335 290975
63 2157 550733
883 174 452711
1479 2900 818577
1731 2822 25391
1092 1274 656783
1418 2708 1401
2950 628 422375
272 2167 716404
2034 1590 107777
2308 50 922330
3596 2355 906047
3556 1215 46375
1890 2339 762294
1105 712 38189
2779 3841 209403
1601 1524 587281
3230 303 877441
3592 442 763829
2578 3321 321483
3093 1899 346412
591 2817 792979
2236 2792 988800
2773 389 992430
2579 2108 325321
2016 1534 965143
411 2647 18760
3548 3411 942786
3830 227 85238
3443 1892 141275
3424 1952 546628
45 413 267469
2433 2836 398617
3088 3232 384194
3942 3586 63193
2523 1075 460160
596 1755 910556
2468 397 398619
3174 1433 43235
2589 210 943838
3715 3483 444138
3443 3597 208897
3357 3662 393872
3407 80 913622
3173 3736 764796
1955 3239 453525
2274 1747 517928
930 1026 36731
2787 960 103203
3923 1167 393629
2282 1756 366389
384 2273 885985
1833 1408 315324
1969 1863 792069
71 1955 68287
3350 3275 141590
2733 3646 854308
2867 1704 396915
1749 723 279072
20 2923 58909
2859 509 221803
891 1991 374977
1691 2488 387231
814 1508 649332
2808 2571 669255
2608 930 410412
3332 2671 305594
737 2700 685325
3094 1925 320322
1839 3799 952121
1841 2657 881405
3623 2384 700870
162 2142 684302
2407 1042 356360
3297 657 111600
815 2470 9601
942 1843 732632
3988 4006 499802
676 2841 951993
3495 3289 746332
3181 635 186710
771 1672 545994
1793 147 30101
1746 583 527896
809 3628 626256
606 2113 608240
3147 949 206593
3255 2295 727353
1263 2559 999024
1889 487 996643
3820 2812 229194
3243 2266 912970
3375 1134 122201
185 1904 339523
4015 3583 452333
2562 722 609899
3400 3687 576801
127 3866 468975
1937 742 636964
3857 930 172552
2169 1487 289810
381 3348 357014
3524 2501 772655
781 2053 188367
1292 212 503910
2619 468 565257
2651 3939 314949
515 494 653925
1872 395 386070
956 2469 774858
1651 2527 604278
2656 1741 561090
980 2540 938384
2226 1508 678561
2584 4042 969293
3898 995 865544
996 2039 44462
177 2442 154524
464 3761 79551
911 1451 651735
2620 1397 602068
1269 1061 670673
1072 2041 665881
2518 1003 962784
3033 1543 381509
472 2749 981152
2836 176 366883
1449 3882 543456
1278 43 96017
411 3263 384132
2976 742 639351
3213 384 252383
1089 1105 202805
3382 1120 294685
1384 2538 138351
2261 2407 853912
2643 2649 208954
1044 1383 545480
980 1425 33041
1040 3548 725590
3115 3174 631297
288 2093 949214
1143 1678 49770
2502 1292 410197
436 3163 893238
752 831 462822
3775 3756 974486
2825 3816 682460
820 2095 714182
2696 3578 852303
2449 283 159603
1243 2836 265718
3836 387 795610
245 1672 27515
325 2121 723096
2806 685 375287
135 1543 817243
35 107 554557
2409 3476 453271
3655 2389 826303
3986 1668 515383
1607 3311 746186
3058 2955 42791
3264 769 490399
599 322 608962
676 20 10593
494 4011 202624
532 3605 898484
1940 1063 941769
1136 4031 464567
2795 2673 896791
2661 3262 456350
3488 1559 151815
511 3726 115112
2288 2805 215318
2070 2008 724738
3966 507 888644
2656 631 741471
851 1326 556194
1910 2797 95555
2218 483 221108
2033 2716 429230
2449 1577 148705
1168 3745 706932
3751 2483 321953
1790 3271 20385
2032 3326 967124
3956 1166 334670
2004 1214 33594
3698 3091 214291
855 1903 496823
1288 2727 854522
695 3248 421045
2284 959 536664
3274 3288 518344
2194 3620 834542
184 604 232168
631 1903 165762
2701 2552 258205
1342 1353 932540
2598 3789 107915
1638 3505 452015
961 2574 112568
1872 2852 734650
1867 1876 982255
438 899 834900
377 168 169520
2378 1963 80197
3693 3919 429422
833 2252 288134
1594 3201 442294
396 2383 785745
2213 55 33278
4018 2464 895288
3411 3131 307473
1350 3550 682326
2736 2574 926646
2328 2586 286788
3010 590 884868
963 3529 545480
1191 3097 880353
845 118 381335
3791 1283 522238
2857 1212 774053
3431 1113 571933
2414 2323 919807
3784 1133 883941
1557 1820 799637
3154 1775 677640
1393 3784 977828
144 2032 842736
2288 616 732656
3832 1471 711944
1418 2920 444654
2534 2041 701799
1172 2320 661749
1570 1868 360719
23 647 504502
3162 3524 251631
3280 3006 103860
1857 1957 827832
3783 2241 986230
2689 3644 829303
1783 931 28316
3355 2618 605514
1538 1615 192415
3174 2987 185688
3617 83 784756
1546 1859 145866
3528 1753 910664
632 2014 332843
1503 759 531285
3247 3755 439855
851 344 170530
1593 1409 51039
80 365 595906
3410 3387 814697
1343 3353 921649
3533 2985 549063
635 841 365980
3720 2454 201230
3724 3609 769545
734 155 997426
1374 942 595297
1395 1813 361800
2463 409 845542
1803 701 834602
583 521 684087
1829 3323 238107
1994 1903 570113
366 1288 153780
1501 4042 396516
2498 2160 638983
2173 2940 650237
2679 2260 469374
3177 2832 735143
3638 815 522719
2600 181 260771
2806 1533 167514
2053 592 314755
76 1870 239939
1498 536 776538
3031 2060 997391
3636 3167 729722
193 1772 551965
2674 442 178710
1711 2552 826716
2944 3833 999949
170 3784 742941
3283 2318 239994
2493 161 609178
3183 2442 681240
638 1261 841821
2585 669 891258
1711 1514 99205
3294 1548 821571
1237 2542 822835
519 1025 234851
2485 54 125534
1383 1579 802353
2596 2205 962548
3727 3975 212225
1528 3891 773065
2405 336 74386
1823 3870 478747
1094 1277 175372
2579 1042 262098
1258 210 533177
390 1966 133504
586 1457 488074
1565 535 325697
623 501 274201
767 3614 497884
3316 2308 252909
908 2318 583573
3120 1372 726837
1191 3164 9234
2659 1723 963593
1392 3081 941764
493 2921 272182
688 334 138619
3585 2041 224396
2196 2362 408429
668 1576 951473
2996 2007 806251
1170 3924 107773
3901 3008 727170
1513 1715 549654
2493 3279 374316
1890 2769 454909
35 3828 140986
3165 1645 232274
3524 1997 947586
477 2696 834826
1282 1144 915893
909 3874 601444
2625 1761 765151
3601 637 587086
360 2143 20488
3451 540 101388
3486 3204 306302
884 2071 371591
3340 802 82528
3893 2390 684322
1411 1244 211401
20 609 129598
2437 3637 252485
638 1914 479057
3561 2816 464098
269 2177 817
3547 1254 29528
1873 536 618174
850 3591 603252
3817 1648 514367
18 2017 171331
1364 3723 155776
1977 45 473367
3991 3019 246550
491 904 27037
3054 2461 215054
56 2813 742867
37 1270 852621
1561 1913 846491
2957 418 792417
1025 3707 792190
3880 890 100479
1290 247 998041
3386 3566 731711
860 227 267959
2210 3275 860758
1863 3840 422430
1119 2211 907131
2663 1391 384299
814 1180 906900
4029 2725 530670
1505 335 576210
2702 2662 586191
2913 1810 517821
3242 2878 890211
2832 730 478128
2405 1778 871401
1528 2775 229189
2529 409 862798
44 1833 822425
3817 3547 159243
1208 1051 354517
1046 2569 316101
3389 2392 846175
1220 1621 854403
694 303 278283
2564 2493 798562
3231 3053 513340
752 1812 388100
1617 3911 383570
924 1214 661360
3349 1438 664042
558 3609 742457
2406 1318 62799
3835 483 25618
2256 3945 890064
1895 986 611054
1071 3733 260127
2514 552 31528
361 3040 907402
673 1035 591965
2969 2200 112131
3998 3553 748472
2589 984 476311
4028 1873 343101
2690 1383 408257
2212 3270 11855
2297 843 633826
3348 2561 439438
534 338 605412
324 1394 536843
1627 2624 325449
1446 3023 416782
261 1966 435609
2405 2487 518357
2350 1286 617285
2383 2648 805899
1780 4015 712142
549 586 960787
3407 2957 883673
1764 449 501210
3585 1182 707336
362 953 542419
1054 3836 224866
707 2544 992473
2271 2119 750022
2500 3968 72130
694 3837 301264
3264 1388 412280
512 3454 117507
891 2196 849116
2268 1246 271576
2700 726 982372
3697 2130 51270
1990 3841 670158
1569 432 694328
112 2799 140676
393 739 921920
220 3674 836605
3948 2559 206003
2678 4004 945996
1020 2006 948743
2500 764 426277
189 1460 377879
3350 1992 917058
2429 2480 448763
3894 2870 363677
5 3343 520238
207 3897 503994
1160 1154 754094
742 2507 864242
672 1014 348311
1232 1839 334451
483 2740 912573
2624 1978 570790
2458 1039 215912
3151 2681 371044
1031 2396 807714
644 875 555066
284 184 103136
3332 2468 293023
2310 1226 683733
2124 1631 120786
2071 1453 776793
176 564 348044
881 1422 104490
1240 1219 165
369 1560 529102
3547 4023 869163
3993 2575 78118
1588 561 860945
3181 3740 18442
537 259 248544
1074 1031 647836
2492 3054 178847
2373 2269 385361
33 3492 949548
601 3176 676931
3139 416 470332
296 2394 704016
2007 3082 347255
3935 264 412601
2623 65 976809
2762 798 249469
2981 1351 805953
554 3246 539154
1631 2494 99447
3665 311 218302
1351 3569 149476
136 1943 283160
493 3634 145775
241 3243 868193
1597 1045 53866
3930 3079 943227
1935 2637 803158
2420 3746 426431
2737 3604 773882
2111 3123 237019
1546 257 475351
1931 283 715414
784 2128 35727
3018 1670 990648
889 3865 209198
147 3035 485093
2350 2203 9236
1792 2355 363189
3024 1609 575340
3433 3324 745851
1185 3620 302904
801 737 804737
248 2646 508303
1002 1593 726812
3372 1019 790265
3171 1128 314834
1267 3790 307913
3761 1524 645111
824 710 175705
2735 2923 211204
3826 2638 863300
3623 2596 720538
13 784 14946
4017 2724 714716
1161 141 922701
1549 2729 801732
2876 1034 236117
283 3330 52381
222 1161 894234
800 1638 313916
1453 3857 608384
3487 1313 225479
2697 281 607653
2585 3884 781963
1142 3871 189460
936 3372 611725
3940 2929 839740
886 2241 559443
1434 2157 43137
1163 1793 352444
1773 2513 275261
2831 337 542885
2768 3623 920206
3907 277 196628
1322 1983 341016
1598 811 732962
2545 25 675590
472 2839 870844
372 3221 919867
3609 2388 118623
2932 3259 145872
1596 1420 760442
3172 2970 248791
234 3901 944535
527 3940 602903
623 3153 551010
199 2919 961738
1289 1469 631423
2777 3683 568724
3906 1758 383827
1181 1948 454059
844 1897 381672
2451 2551 927766
2665 334 466254
1118 3959 899490
2865 3693 614893
1554 722 610508
2349 1362 656349
3467 849 230496
2489 1359 677042
3517 1731 429256
2454 3414 818626
3426 3095 848933
2709 3230 364479
1455 921 396154
2103 2265 853575
958 909 818509
2317 1369 143920
2276 3073 460727
2373 711 89183
2297 3027 564522
1237 138 653245
2890 1600 524563
2037 1302 901956
1042 860 804784
1600 1998 914664
3863 2065 929495
159 979 871960
259 3450 226236
2155 231 992173
309 390 405800
1848 238 113053
2906 92 518686
1593 3293 444653
3945 2442 288336
3022 778 944606
2524 2433 9641
1215 3740 469255
3407 492 908045
1443 4028 402002
1970 3414 899212
1513 2406 72078
1902 3054 344559
3353 1999 564092
2158 3703 880960
382 694 751656
52 1421 615752
767 1194 416146
1255 1965 598193
2642 2681 611972
1372 2370 450988
3611 2803 936038
2605 1596 751995
738 1559 29157
3486 569 442516
858 1403 279433
333 1155 555173
1705 1684 622318
1419 749 327144
3007 2320 108418
1787 3354 700657
1929 469 794347
2400 1934 431292
3315 948 336890
1030 1469 326229
1228 1797 781245
3358 3378 216853
2803 3041 691178
2383 3310 579648
2184 1422 252583
2412 960 457450
3992 2656 388383
255 1809 942989
3668 417 935626
2715 242 282487
3782 447 513951
2509 3546 49580
2193 2679 110333
1679 3336 47689
3374 2671 435831
1227 1559 650908
2303 907 98737
2241 551 318270
3996 1204 95263
3896 1252 807865
1610 142 800381
1171 35 51917
446 1188 9733
258 3363 839621
2379 1529 847819
663 2381 299878
468 4029 210550
3330 418 157199
2778 2502 319200
1513 3128 97714
3721 338 527930
3993 2241 38456
339 3690 697954
2941 3481 795985
3216 497 427063
335 3009 397966
566 3756 71372
4024 4020 924543
3634 94 629770
517 2777 407192
1022 2006 252102
3473 2646 19894
2783 1650 898109
3548 1683 71222
2404 861 550367
1421 547 951898
3750 2194 179228
91 2616 383122
3088 3259 154157
2026 2830 457277
987 873 515745
1567 907 647292
1691 1628 318428
2842 1647 982056
1118 2746 544013
2148 367 905163
879 3613 39990
1037 2066 983902
707 429 899796
595 808 838800
2165 74 822225
2114 2996 123038
3 1915 228996
1655 21 8423
354 1485 161079
711 3901 82129
3346 1092 3001
1623 3735 711167
451 2734 158415
1180 2234 15629
336 1463 199405
1325 226 484604
468 781 862950
2101 531 345235
1923 299 1531
3998 165 525220
3667 98 480137
1087 1223 690422
2700 2978 373875
2934 3747 187962
1277 79 528074
646 2423 998904
2865 3683 991861
3112 3533 360374
3000 3762 889354
436 2288 743104
445 3807 385264
681 1101 28613
3180 3418 758511
2350 3026 767767
1650 2662 589277
3742 2952 291479
2132 1415 896667
2026 17 129523
81 3395 536869
3826 2005 881122
56 1239 985441
1025 3749 334670
54 862 171188
1426 1872 639308
954 1330 895465
1563 834 165821
1943 84 118297
2403 2572 779741
2720 2926 698363
410 2081 823533
3706 2715 732683
1961 3307 74628
971 3873 965754
431 1769 544554
3609 3389 256446
2446 3735 449049
1698 153 318370
3879 3060 815460
1215 89 564250
1355 21 455222
486 1947 646029
888 1915 908880
3568 826 441264
1342 1268 272230
3479 1122 232695
3801 3236 986854
2740 727 264727
2589 2851 982459
2191 4 2075
418 1727 862659
3004 1251 137302
2841 2955 558081
3505 3980 975228
3671 3382 457106
1316 1219 232056
3361 2136 612182
2072 1129 980073
229 3602 801143
3728 3700 711544
460 3510 24889
2657 1189 47044
2231 1105 347733
1250 1350 843189
2854 3926 467449
549 210 686785
793 1904 837177
3197 143 222983
1353 3342 336403
2736 36 339098
3919 3342 462416
2303 2205 945079
1398 76 623515
3037 1494 720466
1147 3712 97631
1575 1516 391675
2078 3828 830653
3786 1995 142300
3913 1836 582878
107 700 629878
2279 1597 825464
839 3565 859113
3695 1985 897063
1501 975 35912
2275 2421 601044
110 2601 646520
1244 193 15881
2825 2655 713217
3289 3332 776592
6 3942 290507
3481 2717 359595
985 3363 598328
1796 1346 276684
1887 1331 692380
981 4042 48851
2875 3099 70761
111 3822 18982
1918 209 740345
2327 2152 321889
3406 2297 928182
659 3295 55709
2758 3164 930447
1466 2660 259027
3571 2562 713133
888 3718 619040
1715 840 858748
3504 2255 563250
1802 2414 160114
2741 4023 349663
2944 3051 820016
3777 2048 287545
2251 1218 26373
2637 3200 458007
3015 4010 261577
2560 1228 260042
2723 1578 691282
596 2139 948486
2004 2121 348527
113 986 261745
256 1926 826187
2692 1715 590566
3794 2409 450263
2975 3090 575580
3736 708 205442
3608 1931 798141
1871 2278 349629
377 1369 990034
283 2859 912743
721 1499 674595
1357 3135 612125
3007 3026 533563
3941 1311 964613
2703 688 122817
1241 2701 103007
2166 2917 835493
2449 3379 193937
1892 3935 185020
402 2838 668114
2448 3639 269902
2082 1687 47508
3573 2827 364134
4018 323 373897
1654 1822 409037
1763 3501 419669
234 3325 60252
947 114 641466
2902 3727 562081
3840 971 626353
2537 2057 549827
3630 616 774812
2479 2753 775788
3593 24 366548
3902 1866 99623
1907 2729 470772
580 3046 261283
2017 3616 209646
1257 669 230274
3376 5 108300
2751 2554 614843
922 510 619078
2321 3591 877093
2028 967 29055
2881 2396 153632
3956 2335 216574
2675 2474 781342
3241 136 550063
1088 3689 874448
2932 559 526877
2640 3389 642490
609 3491 299466
1328 1067 316697
3672 1635 798729
3110 3413 686792
2489 2582 657104
2395 1125 459100
2858 1852 865872
1761 2216 541163
3851 2824 447498
3018 229 953198
304 3176 732867
2123 221 106268
3810 3394 736301
3279 2555 82884
4011 3370 954009
22 1090 810643
33 1108 392931
3058 4010 105625
3468 439 353113
1445 3616 698056
823 568 965386
246 2735 268102
2336 1318 709092
3625 3851 865254
2631 26 11445
3652 3632 571685
876 3204 273254
666 1463 400212
908 1036 915362
1667 2796 333941
2148 1491 946674
3735 3220 605162
1997 2337 132726
1392 36 615345
900 1462 339719
861 3754 293996
373 3491 635559
1507 3841 218826
3667 3561 667958
2612 595 397821
1297 1234 201977
3269 1448 806454
706 4004 281212
2341 86 982175
1056 3720 490424
2369 3895 739317
3135 3183 30312
1015 2350 293878
2768 192 297884
2624 310 252645
1616 882 836487
3083 633 362480
1593 1234 51945
251 458 987072
627 2377 594295
661 2450 719982
336 277 186155
3650 57 451944
2297 1152 938717
88 3724 236488
3887 3132 945661
3840 953 883434
1848 936 862989
1424 2115 440370
860 1634 214074
3707 2216 760434
131 2333 203447
469 1964 673303
2572 959 604253
2272 2918 557870
278 3510 379630
3964 391 71896
1177 319 191818
2421 818 480435
2561 3227 820075
1447 2757 145456
2851 3968 751323
2487 1987 164664
2012 1397 492401
1086 730 155990
451 3395 9022
346 2016 411717
1150 237 586838
1322 3728 27621
2298 1720 634261
2766 511 869311
1412 157 10190
2236 3302 324109
3188 766 627736
2336 916 262855
2665 3184 730786
180 561 790693
2058 503 404477
1849 3738 160521
368 1573 274891
2841 1889 289373
3070 3660 904495
3935 1005 362411
2125 351 47347
2251 3982 618155
1933 1904 178872
1572 1888 362985
625 1020 995462
3453 3490 915565
3105 1234 309104
800 3480 43669
3248 187 461814
2799 41 820221
28 3484 73985
1818 3813 364108
1377 3770 82841
3881 1851 401334
3386 2725 412283
1610 2783 436821
1669 3176 562788
663 3635 637436
614 110 586451
1816 3157 77916
1122 1938 812041
1269 3221 81852
3767 1187 974394
2794 2624 643010
2592 1501 182920
2151 1628 837459
627 2635 376921
1346 1139 525128
64 1016 964447
602 3306 354533
3219 216 734326
2328 2934 386921
565 3192 559969
2006 1532 683524
180 2071 493405
139 2913 439160
3958 3588 945336
1236 1449 704856
155 160 177644
1301 2485 882391
1802 3560 909963
147 3342 39500
752 343 803944
2413 1207 818867
848 185 261061
1692 454 975985
1034 3395 242759
3780 3305 671240
1501 4026 270056
2080 3116 11018
758 2913 842624
1884 451 862921
443 3571 823516
172 3317 883656
631 2043 159114
858 280 264629
1523 1372 924639
2287 1679 113605
2969 197 831957
1744 3394 341123
1375 117 765315
2650 4006 562862
4022 1022 648940
2769 3682 390896
194 299 813313
1183 281 931955
2640 3777 158813
1375 1367 350035
24 1473 306680
2246 895 771907
2019 2115 238334
1561 2364 607281
119 1791 116864
2731 12 760659
3063 816 855862
2754 1160 284887
3152 3613 348730
1773 2542 492167
2112 1635 25612
3473 3125 689290
1870 2609 395551
1152 3895 403949
1139 1676 926507
2378 2423 186122
1336 2051 366734
2789 1250 402391
2774 771 547441
71 334 79123
759 2496 539318
3957 2116 942989
3691 1569 642116
3804 3410 961584
3825 1110 651195
1360 1605 230991
1846 602 599826
605 2714 622407
3866 3820 790384
861 2146 85517
3198 2521 689051
3682 1449 781851
2533 3206 492844
3613 2876 408284
2781 3974 55188
2528 713 203258
1634 3840 575604
3924 3800 198890
1805 387 753404
2726 574 846133
2544 3726 628344
2772 1810 547831
861 18 731241
2908 2550 608003
2556 3709 646697
252 1842 199113
3378 962 65637
3731 2411 300941
1253 1749 722842
395 2814 864111
2735 3686 881418
966 612 112595
3834 1561 266862
1171 132 381919
298 2793 611235
3400 1842 933247
1783 1682 384279
3398 1291 708383
544 1497 803251
1908 3879 270919
1749 3269 650605
2758 1947 842256
277 1912 55171
2414 1075 745731
179 2386 85087
2750 1146 341342
1777 770 848864
690 233 88466
779 3101 790320
3079 2959 557309
545 1597 726869
2740 41 854122
313 3859 223228
3641 951 485776
4018 1928 703411
518 734 221636
2602 2037 983934
3983 889 256081
641 2160 359266
2349 2277 471990
426 4025 634315
3647 995 826142
1252 1807 941282
982 1057 138429
2150 3056 365258
2436 850 307723
1597 3153 83664
1888 3474 312356
1658 3912 497888
2368 3680 88085
3913 3868 454544
53 3220 489190
1964 4022 452214
730 1593 991867
2954 350 198092
2252 392 517262
2010 3010 321294
1294 836 800689
1918 2216 178095
2624 2193 644018
1190 3575 252509
111 3642 572598
3291 2677 265884
823 634 945672
1490 1157 160430
1993 2136 908105
3918 3323 302989
3235 3035 275568
141 172 490697
1149 2807 890530
3961 1788 250228
175 1613 409248
1781 4018 220401
2390 3848 706061
2605 1059 36559
3934 2004 397294
58 2419 650195
2066 1517 293390
1684 59 910465
3683 3627 704715
3763 1905 353598
2994 1962 16734
747 562 431099
2775 3081 431311
3374 3610 579217
288 415 140389
3783 1415 164073
256 3155 901206
2578 2568 356080
1186 13 647636
1064 2943 492958
3619 2079 191072
3953 3587 941093
1747 384 691137
3310 1999 254596
3390 3438 998954
2494 3593 426568
2027 2200 837302
4041 2146 356001
2272 1872 18404
497 2215 652715
2772 2692 747542
3639 3768 515360
333 2936 361648
1369 3246 616736
323 1292 444535
124 288 642243
3912 620 845108
995 1632 417197
1510 1238 501736
1419 516 514423
2237 2993 371891
2336 3679 511424
2602 3860 7339
385 852 790141
475 1769 594222
1097 3910 627685
810 3461 935321
2344 66 730519
1372 3915 334236
2025 2034 915845
1772 2996 408981
948 424 496195
792 3890 437486
1590 2956 509323
535 387 670215
2231 3025 897047
346 2074 189783
38 2988 198317
2190 3441 17993
3417 1900 572006
3792 2031 667907
3779 2723 813499
3540 3823 812120
2522 3210 312274
1364 1741 864307
3607 2655 695807
2707 1536 125263
1247 3868 737013
2966 12 615552
3536 2726 497155
3976 2990 140165
120 723 201
2942 1376 585227
3583 3681 408517
1097 773 259247
2501 1997 343730
547 3039 306361
3990 760 334439
1111 222 385538
195 3703 285755
1277 819 157601
2921 2248 697279
2388 300 64341
910 17 431207
80 451 30865
1994 1916 144078
168 3710 477897
2097 325 815373
641 856 599687
3088 2435 421423
3802 3436 555246
2253 540 407408
1790 1304 839707
2603 2831 691599
2808 770 484484
3738 2521 748994
2673 3996 462509
3545 1717 252250
3954 1075 42747
3928 1086 326072
1968 641 245130
628 3425 59052
1633 2109 584532
1671 830 626933
420 744 194980
159 2776 57214
3894 1365 359623
3475 2334 139686
4005 500 848926
2195 1961 566897
585 1090 612983
3199 2643 944217
2844 1814 792838
3664 2421 537313
2070 4010 555316
1217 2515 341689
3203 3708 731211
536 1012 12762
546 2790 513960
2255 1518 369690
2990 2630 273935
3284 1097 280040
0 1 650721
1 2 595625
2 3 984254
3 4 269187
4 5 273937
5 6 859465
6 7 927716
7 8 641302
8 9 461093
9 10 494431
10 11 401654
11 12 173311
12 13 131453
13 14 735741
14 15 925519
15 16 589516
16 17 62904
17 18 608268
18 19 837385
19 20 180082
20 21 509996
21 22 960208
22 23 795636
23 24 614202
24 25 456203
25 26 37522
26 27 48169
27 28 66085
28 29 813858
29 30 773971
30 31 895537
31 32 823188
32 33 9319
33 34 585132
34 35 620487
35 36 732248
36 37 903052
37 38 102720
38 39 995908
39 40 383762
40 41 753919
41 42 716570
42 43 115068
43 44 366490
44 45 549891
45 46 798955
46 47 7543
47 48 804121
48 49 18770
49 50 144472
50 51 700738
51 52 290435
52 53 844273
53 54 574565
54 55 84631
55 56 197832
56 57 766049
57 58 968999
58 59 599982
59 60 692168
60 61 344212
61 62 707057
62 63 116164
63 64 748432
64 65 298405
65 66 316344
66 67 149319
67 68 64701
68 69 800536
69 70 337270
70 71 379801
71 72 660538
72 73 854614
73 74 427036
74 75 413089
75 76 712132
76 77 255604
77 78 733187
78 79 421781
79 80 367287
80 81 423210
81 82 455371
82 83 33164
83 84 839424
84 85 934973
85 86 638584
86 87 242786
87 88 885993
88 89 88138
89 90 831177
90 91 523399
91 92 170958
92 93 353522
93 94 94069
94 95 852381
95 96 122670
96 97 174746
97 98 103878
98 99 78214
99 100 80855
100 101 157125
101 102 181716
102 103 234886
103 104 914968
104 105 676472
105 106 786459
106 107 210735
107 108 690525
108 109 416431
109 110 953415
110 111 832506
111 112 638452
112 113 960748
113 114 195104
114 115 295183
115 116 338579
116 117 303761
117 118 519040
118 119 723015
119 120 693544
120 121 592132
121 122 183356
122 123 51365
123 124 208581
124 125 611855
125 126 455073
126 127 520588
127 128 448506
128 129 121839
129 130 729125
130 131 135995
131 132 458917
132 133 4760
133 134 802662
134 135 192104
135 136 349873
136 137 956813
137 138 770445
138 139 659362
139 140 260625
140 141 322375
141 142 436057
142 143 448973
143 144 224529
144 145 254603
145 146 735722
146 147 399622
147 148 317307
148 149 788413
149 150 817940
150 151 157059
151 152 640560
152 153 937006
153 154 873747
154 155 980125
155 156 952818
156 157 320944
157 158 496494
158 159 604352
159 160 569863
160 161 829444
161 162 951260
162 163 248353
163 164 828146
164 165 966030
165 166 168359
166 167 24730
167 168 602640
168 169 197099
169 170 329513
170 171 270290
171 172 18922
172 173 865094
173 174 802386
174 175 146354
175 176 503206
176 177 339913
177 178 270728
178 179 830961
179 180 51363
180 181 249209
181 182 542895
182 183 726629
183 184 654641
184 185 347940
185 186 264692
186 187 363834
187 188 623552
188 189 26098
189 190 315249
190 191 101605
191 192 950484
192 193 744990
193 194 55504
194 195 440939
195 196 243466
196 197 752083
197 198 54566
198 199 773734
199 200 174826
200 201 76925
201 202 623958
202 203 781968
203 204 141256
204 205 314706
205 206 180188
206 207 297928
207 208 862985
208 209 878716
209 210 991768
210 211 701201
211 212 55133
212 213 632970
213 214 13841
214 215 835259
215 216 665132
216 217 677644
217 218 553571
218 219 291892
219 220 649704
220 221 933765
221 222 997698
222 223 689794
223 224 347852
224 225 494093
225 226 207475
226 227 546296
227 228 765951
228 229 693860
229 230 257037
230 231 162794
231 232 481429
232 233 412637
233 234 96602
234 235 650718
235 236 787087
236 237 804711
237 238 614348
238 239 860361
239 240 309399
240 241 497238
241 242 190406
242 243 561472
243 244 276337
244 245 404309
245 246 647343
246 247 948097
247 248 559204
248 249 130404
249 250 120557
250 251 491915
251 252 374050
252 253 767117
253 254 896835
254 255 33513
255 256 206539
256 257 136714
257 258 741818
258 259 769996
259 260 811575
260 261 107900
261 262 796529
262 263 538337
263 264 325648
264 265 971178
265 266 994533
266 267 118551
267 268 658472
268 269 175552
269 270 679634
270 271 714547
271 272 312912
272 273 294278
273 274 148609
274 275 373950
275 276 418371
276 277 148367
277 278 843712
278 279 391324
279 280 638503
280 281 123041
281 282 910948
282 283 864327
283 284 81977
284 285 971227
285 286 193792
286 287 719266
287 288 410399
288 289 904644
289 290 805345
290 291 397844
291 292 670551
292 293 492701
293 294 4054
294 295 337015
295 296 555057
296 297 53372
297 298 260968
298 299 209494
299 300 866428
300 301 76568
301 302 461147
302 303 63005
303 304 253920
304 305 747190
305 306 888720
306 307 979189
307 308 222419
308 309 817227
309 310 272907
310 311 174574
311 312 431012
312 313 577566
313 314 692302
314 315 300157
315 316 746780
316 317 956561
317 318 434258
318 319 838128
319 320 387533
320 321 939113
321 322 632210
322 323 510887
323 324 607476
324 325 417100
325 326 964431
326 327 388774
327 328 407182
328 329 600820
329 330 108173
330 331 861075
331 332 317408
332 333 846633
333 334 304746
334 335 523995
335 336 318238
336 337 730114
337 338 673891
338 339 182265
339 340 794550
340 341 417118
341 342 766620
342 343 870315
343 344 227476
344 345 571514
345 346 152185
346 347 112515
347 348 949894
348 349 568913
349 350 577167
350 351 44877
351 352 125681
352 353 703277
353 354 113928
354 355 647626
355 356 179796
356 357 503847
357 358 886308
358 359 472311
359 360 736829
360 361 811234
361 362 331247
362 363 450691
363 364 951078
364 365 720454
365 366 765271
366 367 417539
367 368 96439
368 369 982040
369 370 261341
370 371 516963
371 372 655279
372 373 79142
373 374 280096
374 375 357255
375 376 870256
376 377 385169
377 378 502609
378 379 589064
379 380 849893
380 381 907483
381 382 260898
382 383 24708
383 384 605365
384 385 587727
385 386 155815
386 387 663068
387 388 532979
388 389 813887
389 390 298349
390 391 417093
391 392 895417
392 393 959594
393 394 813066
394 395 42948
395 396 623262
396 397 565871
397 398 151670
398 399 198178
399 400 709947
400 401 784827
401 402 255448
402 403 864986
403 404 351850
404 405 981802
405 406 606708
406 407 181452
407 408 182854
408 409 857756
409 410 396607
410 411 803700
411 412 783135
412 413 503321
413 414 127410
414 415 82818
415 416 185804
416 417 36026
417 418 141915
418 419 57697
419 420 464812
420 421 882199
421 422 808175
422 423 502456
423 424 122639
424 425 802427
425 426 591638
426 427 741593
427 428 475498
428 429 673389
429 430 71908
430 431 580889
431 432 794446
432 433 933033
433 434 987572
434 435 592845
435 436 419796
436 437 314191
437 438 596548
438 439 905915
439 440 887235
440 441 698455
441 442 566961
442 443 499420
443 444 156298
444 445 903030
445 446 916048
446 447 715402
447 448 892894
448 449 402340
449 450 522709
450 451 684836
451 452 254488
452 453 568258
453 454 653723
454 455 776921
455 456 230044
456 457 437809
457 458 919897
458 459 34861
459 460 924246
460 461 159554
461 462 844706
462 463 787841
463 464 285362
464 465 862319
465 466 380107
466 467 723122
467 468 830768
468 469 862502
469 470 91102
470 471 214848
471 472 303505
472 473 448407
473 474 502641
474 475 965051
475 476 945447
476 477 860889
477 478 666826
478 479 153152
479 480 744340
480 481 627432
481 482 317120
482 483 766524
483 484 120924
484 485 224826
485 486 42534
486 487 882753
487 488 624999
488 489 794289
489 490 79176
490 491 19102
491 492 634997
492 493 822432
493 494 50696
494 495 959606
495 496 834703
496 497 494088
497 498 223378
498 499 618605
499 500 820783
500 501 567330
501 502 698100
502 503 230138
503 504 118987
504 505 705706
505 506 322724
506 507 464242
507 508 691106
508 509 976539
509 510 187988
510 511 466614
511 512 599987
512 513 331334
513 514 738050
514 515 16385
515 516 923298
516 517 641504
517 518 408391
518 519 645594
519 520 436758
520 521 469158
521 522 172587
522 523 536575
523 524 879918
524 525 704813
525 526 328437
526 527 766091
527 528 860071
528 529 531916
529 530 143163
530 531 985447
531 532 495342
532 533 74531
533 534 241691
534 535 130935
535 536 650758
536 537 370339
537 538 971952
538 539 852863
539 540 585383
540 541 65214
541 542 377067
542 543 969954
543 544 90063
544 545 391739
545 546 119854
546 547 586206
547 548 470340
548 549 348897
549 550 108083
550 551 510804
551 552 741439
552 553 354335
553 554 453557
554 555 684611
555 556 79087
556 557 280066
557 558 630122
558 559 427685
559 560 815073
560 561 572865
561 562 854304
562 563 806723
563 564 106631
564 565 679255
565 566 976334
566 567 488747
567 568 922492
568 569 386948
569 570 709240
570 571 24140
571 572 105568
572 573 149661
573 574 391515
574 575 549145
575 576 281328
576 577 856716
577 578 124564
578 579 195660
579 580 247396
580 581 257316
581 582 325492
582 583 759587
583 584 154341
584 585 346398
585 586 890827
586 587 415798
587 588 407375
588 589 20818
589 590 331394
590 591 994212
591 592 455920
592 593 464512
593 594 402124
594 595 222162
595 596 654673
596 597 74872
597 598 425396
598 599 377217
599 600 847995
600 601 992054
601 602 907439
602 603 302502
603 604 392935
604 605 976849
605 606 585641
606 607 605755
607 608 257306
608 609 708566
609 610 386834
610 611 750541
611 612 294607
612 613 214169
613 614 715545
614 615 412902
615 616 159177
616 617 25392
617 618 162992
618 619 940739
619 620 635389
620 621 221743
621 622 585124
622 623 44777
623 624 738338
624 625 731683
625 626 392618
626 627 796127
627 628 28658
628 629 39272
629 630 137653
630 631 166166
631 632 365230
632 633 301680
633 634 856459
634 635 131432
635 636 808237
636 637 230060
637 638 387498
638 639 263698
639 640 380065
640 641 22104
641 642 695712
642 643 963911
643 644 725572
644 645 234458
645 646 50344
646 647 614929
647 648 585305
648 649 123763
649 650 736433
650 651 927591
651 652 886841
652 653 310455
653 654 126391
654 655 659591
655 656 143218
656 657 31635
657 658 392909
658 659 635911
659 660 431854
660 661 10261
661 662 310494
662 663 694528
663 664 872539
664 665 304009
665 666 26121
666 667 81285
667 668 322889
668 669 561707
669 670 1271
670 671 300893
671 672 914734
672 673 888091
673 674 929418
674 675 749307
675 676 55304
676 677 620633
677 678 513268
678 679 191329
679 680 253413
680 681 138403
681 682 494272
682 683 24195
683 684 440315
684 685 262931
685 686 391535
686 687 637794
687 688 690106
688 689 865762
689 690 20502
690 691 971682
691 692 786383
692 693 883599
693 694 359993
694 695 34861
695 696 10811
696 697 339600
697 698 816043
698 699 435636
699 700 842198
700 701 344519
701 702 891591
702 703 130367
703 704 387634
704 705 91373
705 706 410134
706 707 153350
707 708 338837
708 709 811991
709 710 495074
710 711 877029
711 712 664607
712 713 394047
713 714 598069
714 715 769865
715 716 616324
716 717 967394
717 718 33245
718 719 789021
719 720 102087
720 721 42097
721 722 464892
722 723 80102
723 724 532253
724 725 5707
725 726 954592
726 727 590529
727 728 945583
728 729 976841
729 730 473686
730 731 210487
731 732 953010
732 733 722241
733 734 971573
734 735 639754
735 736 905022
736 737 496981
737 738 562449
738 739 243438
739 740 847241
740 741 7014
741 742 661285
742 743 208629
743 744 651481
744 745 986646
745 746 162974
746 747 689937
747 748 830066
748 749 825895
749 750 975614
750 751 102249
751 752 926191
752 753 601710
753 754 995728
754 755 134113
755 756 741277
756 757 396348
757 758 278998
758 759 948895
759 760 311669
760 761 142653
761 762 925166
762 763 16913
763 764 630759
764 765 101554
765 766 834134
766 767 278315
767 768 602648
768 769 816778
769 770 344845
770 771 395922
771 772 196560
772 773 935518
773 774 848394
774 775 909923
775 776 283722
776 777 842593
777 778 77974
778 779 212033
779 780 335218
780 781 876044
781 782 631035
782 783 758267
783 784 154009
784 785 337695
785 786 688861
786 787 935229
787 788 905510
788 789 51255
789 790 388768
790 791 788599
791 792 49400
792 793 282847
793 794 470349
794 795 253656
795 796 41759
796 797 500833
797 798 473851
798 799 920533
799 800 796237
800 801 162726
801 802 991858
802 803 953100
803 804 570680
804 805 359178
805 806 540055
806 807 71516
807 808 987616
808 809 473092
809 810 354236
810 811 938730
811 812 103436
812 813 840919
813 814 251023
814 815 237209
815 816 972754
816 817 491735
817 818 849548
818 819 380797
819 820 485537
820 821 88623
821 822 97623
822 823 101831
823 824 598438
824 825 250079
825 826 280959
826 827 126494
827 828 679170
828 829 29080
829 830 737122
830 831 411561
831 832 575761
832 833 645140
833 834 236144
834 835 453263
835 836 531321
836 837 588033
837 838 942891
838 839 904723
839 840 64503
840 841 452254
841 842 510608
842 843 538032
843 844 948318
844 845 886774
845 846 422050
846 847 435950
847 848 669812
848 849 927002
849 850 498629
850 851 546317
851 852 510451
852 853 525561
853 854 636724
854 855 247602
855 856 949172
856 857 41338
857 858 768602
858 859 417387
859 860 365924
860 861 232097
861 862 227187
862 863 499805
863 864 330089
864 865 91629
865 866 390470
866 867 318164
867 868 975089
868 869 327286
869 870 36458
870 871 487959
871 872 782585
872 873 195261
873 874 746865
874 875 988164
875 876 488059
876 877 524524
877 878 416602
878 879 111031
879 880 534825
880 881 505973
881 882 43370
882 883 435413
883 884 910066
884 885 345651
885 886 703006
886 887 525004
887 888 273477
888 889 757450
889 890 870519
890 891 487988
891 892 811125
892 893 976554
893 894 458142
894 895 981807
895 896 117381
896 897 319211
897 898 65972
898 899 932809
899 900 115180
900 901 876706
901 902 571781
902 903 695059
903 904 462831
904 905 113041
905 906 477458
906 907 801025
907 908 995953
908 909 656060
909 910 230343
910 911 341257
911 912 514531
912 913 736865
913 914 81711
914 915 444958
915 916 196371
916 917 991481
917 918 517906
918 919 343706
919 920 972134
920 921 378103
921 922 958751
922 923 90490
923 924 972709
924 925 42751
925 926 22221
926 927 479686
927 928 938017
928 929 858611
929 930 348446
930 931 641850
931 932 859613
932 933 290120
933 934 323982
934 935 660814
935 936 172969
936 937 216387
937 938 2081
938 939 155218
939 940 846308
940 941 542013
941 942 756191
942 943 205546
943 944 673425
944 945 646040
945 946 797552
946 947 491689
947 948 47626
948 949 195959
949 950 458761
950 951 476323
951 952 763242
952 953 235089
953 954 358599
954 955 855139
955 956 809750
956 957 13432
957 958 163677
958 959 638722
959 960 887429
960 961 129744
961 962 548279
962 963 375765
963 964 689196
964 965 192932
965 966 284596
966 967 993567
967 968 96628
968 969 686078
969 970 758029
970 971 267691
971 972 936062
972 973 429424
973 974 451734
974 975 912283
975 976 136241
976 977 974121
977 978 505234
978 979 668580
979 980 761579
980 981 826337
981 982 834654
982 983 701318
983 984 623164
984 985 422688
985 986 115356
986 987 977030
987 988 899096
988 989 694604
989 990 957967
990 991 587726
991 992 391153
992 993 450140
993 994 791129
994 995 782432
995 996 135273
996 997 5973
997 998 113205
998 999 477479
999 1000 465770
1000 1001 34573
1001 1002 52923
1002 1003 634986
1003 1004 847574
1004 1005 488370
1005 1006 347644
1006 1007 303007
1007 1008 469942
1008 1009 824993
1009 1010 106705
1010 1011 475290
1011 1012 238556
1012 1013 708980
1013 1014 967509
1014 1015 732712
1015 1016 240646
1016 1017 754401
1017 1018 164618
1018 1019 552474
1019 1020 290179
1020 1021 460508
1021 1022 523659
1022 1023 871124
1023 1024 331443
1024 1025 366031
1025 1026 947645
1026 1027 919002
1027 1028 443109
1028 1029 774934
1029 1030 651981
1030 1031 346258
1031 1032 781060
1032 1033 990194
1033 1034 622896
1034 1035 415637
1035 1036 300783
1036 1037 1087
1037 1038 342858
1038 1039 731347
1039 1040 273393
1040 1041 631436
1041 1042 159914
1042 1043 858794
1043 1044 472992
1044 1045 750924
1045 1046 903350
1046 1047 783691
1047 1048 509633
1048 1049 248136
1049 1050 220554
1050 1051 945162
1051 1052 349022
1052 1053 939675
1053 1054 344709
1054 1055 20809
1055 1056 210718
1056 1057 453873
1057 1058 565934
1058 1059 374024
1059 1060 357690
1060 1061 323436
1061 1062 948179
1062 1063 740310
1063 1064 588602
1064 1065 502563
1065 1066 20126
1066 1067 108398
1067 1068 32139
1068 1069 680363
1069 1070 908060
1070 1071 792164
1071 1072 226766
1072 1073 59236
1073 1074 374397
1074 1075 782349
1075 1076 257823
1076 1077 312524
1077 1078 576521
1078 1079 614849
1079 1080 204339
1080 1081 612319
1081 1082 279555
1082 1083 588000
1083 1084 87594
1084 1085 122325
1085 1086 983365
1086 1087 297100
1087 1088 723559
1088 1089 327616
1089 1090 359630
1090 1091 686861
1091 1092 848408
1092 1093 328432
1093 1094 495770
1094 1095 223855
1095 1096 500701
1096 1097 499991
1097 1098 701318
1098 1099 245259
1099 1100 223299
1100 1101 893326
1101 1102 777010
1102 1103 232492
1103 1104 91405
1104 1105 954378
1105 1106 318226
1106 1107 950865
1107 1108 62796
1108 1109 217719
1109 1110 85305
1110 1111 818019
1111 1112 466019
1112 1113 180441
1113 1114 600105
1114 1115 655198
1115 1116 377454
1116 1117 652785
1117 1118 339117
1118 1119 332900
1119 1120 897729
1120 1121 749235
1121 1122 859972
1122 1123 110352
1123 1124 357687
1124 1125 456741
1125 1126 566925
1126 1127 578282
1127 1128 466556
1128 1129 619957
1129 1130 176428
1130 1131 170102
1131 1132 826059
1132 1133 431015
1133 1134 529183
1134 1135 531279
1135 1136 408030
1136 1137 658499
1137 1138 173256
1138 1139 49383
1139 1140 257673
1140 1141 872467
1141 1142 193130
1142 1143 863825
1143 1144 897725
1144 1145 689417
1145 1146 110082
1146 1147 668194
1147 1148 727736
1148 1149 225926
1149 1150 136013
1150 1151 512943
1151 1152 255929
1152 1153 395647
1153 1154 597150
1154 1155 865997
1155 1156 773321
1156 1157 323862
1157 1158 631102
1158 1159 32854
1159 1160 232946
1160 1161 192593
1161 1162 445465
1162 1163 332567
1163 1164 887564
1164 1165 37393
1165 1166 168216
1166 1167 441192
1167 1168 66592
1168 1169 864681
1169 1170 461403
1170 1171 100746
1171 1172 979559
1172 1173 405122
1173 1174 295418
1174 1175 181922
1175 1176 378587
1176 1177 83151
1177 1178 867159
1178 1179 149320
1179 1180 859020
1180 1181 460228
1181 1182 830965
1182 1183 929677
1183 1184 507620
1184 1185 216942
1185 1186 448607
1186 1187 588033
1187 1188 322073
1188 1189 266796
1189 1190 715315
1190 1191 407012
1191 1192 242656
1192 1193 200670
1193 1194 722340
1194 1195 528610
1195 1196 205445
1196 1197 311402
1197 1198 632896
1198 1199 376227
1199 1200 287551
1200 1201 147311
1201 1202 356061
1202 1203 471699
1203 1204 819412
1204 1205 782918
1205 1206 249542
1206 1207 610215
1207 1208 757334
1208 1209 884909
1209 1210 666112
1210 1211 118591
1211 1212 448986
1212 1213 785533
1213 1214 738939
1214 1215 234680
1215 1216 857304
1216 1217 981519
1217 1218 325048
1218 1219 871389
1219 1220 579377
1220 1221 980239
1221 1222 834110
1222 1223 987898
1223 1224 739078
1224 1225 628894
1225 1226 682318
1226 1227 956648
1227 1228 259722
1228 1229 879533
1229 1230 904283
1230 1231 385242
1231 1232 598433
1232 1233 123343
1233 1234 352520
1234 1235 471994
1235 1236 387186
1236 1237 167589
1237 1238 644875
1238 1239 343199
1239 1240 711073
1240 1241 713794
1241 1242 276298
1242 1243 799170
1243 1244 240854
1244 1245 62072
1245 1246 385017
1246 1247 673527
1247 1248 371213
1248 1249 206976
1249 1250 744857
1250 1251 223019
1251 1252 231532
1252 1253 168406
1253 1254 367832
1254 1255 410006
1255 1256 551498
1256 1257 30558
1257 1258 855465
1258 1259 783467
1259 1260 986316
1260 1261 856618
1261 1262 98895
1262 1263 633240
1263 1264 915853
1264 1265 362895
1265 1266 35079
1266 1267 359831
1267 1268 596572
1268 1269 602372
1269 1270 552320
1270 1271 399900
1271 1272 106210
1272 1273 88515
1273 1274 273648
1274 1275 868715
1275 1276 712682
1276 1277 791415
1277 1278 529155
1278 1279 819788
1279 1280 347760
1280 1281 444896
1281 1282 194836
1282 1283 883373
1283 1284 565630
1284 1285 280031
1285 1286 861271
1286 1287 531866
1287 1288 506040
1288 1289 212827
1289 1290 234350
1290 1291 596357
1291 1292 292966
1292 1293 854302
1293 1294 779138
1294 1295 323824
1295 1296 18054
1296 1297 20187
1297 1298 742414
1298 1299 980160
1299 1300 930385
1300 1301 291218
1301 1302 533149
1302 1303 155932
1303 1304 987616
1304 1305 480303
1305 1306 806859
1306 1307 426784
1307 1308 806714
1308 1309 529272
1309 1310 500360
1310 1311 507917
1311 1312 680326
1312 1313 23116
1313 1314 522621
1314 1315 408817
1315 1316 477779
1316 1317 845874
1317 1318 841360
1318 1319 353712
1319 1320 886139
1320 1321 819361
1321 1322 249824
1322 1323 225390
1323 1324 397724
1324 1325 428282
1325 1326 94377
1326 1327 868007
1327 1328 6270
1328 1329 155563
1329 1330 383526
1330 1331 820795
1331 1332 784606
1332 1333 893921
1333 1334 998163
1334 1335 383007
1335 1336 234066
1336 1337 562335
1337 1338 656407
1338 1339 330351
1339 1340 938625
1340 1341 651915
1341 1342 329316
1342 1343 795601
1343 1344 537263
1344 1345 561611
1345 1346 232212
1346 1347 268974
1347 1348 936734
1348 1349 462700
1349 1350 682085
1350 1351 263734
1351 1352 190968
1352 1353 270671
1353 1354 897172
1354 1355 483895
1355 1356 477275
1356 1357 271090
1357 1358 269726
1358 1359 975421
1359 1360 565908
1360 1361 852114
1361 1362 695690
1362 1363 525842
1363 1364 992714
1364 1365 588236
1365 1366 628366
1366 1367 410924
1367 1368 501055
1368 1369 854308
1369 1370 652966
1370 1371 93627
1371 1372 38394
1372 1373 591593
1373 1374 517914
1374 1375 234918
1375 1376 760923
1376 1377 796019
1377 1378 929483
1378 1379 545627
1379 1380 156196
1380 1381 156085
1381 1382 242159
1382 1383 239212
1383 1384 45290
1384 1385 753654
1385 1386 487147
1386 1387 882393
1387 1388 594957
1388 1389 966536
1389 1390 868315
1390 1391 632586
1391 1392 282400
1392 1393 363405
1393 1394 63899
1394 1395 403379
1395 1396 961818
1396 1397 4610
1397 1398 256160
1398 1399 470818
1399 1400 465711
1400 1401 593880
1401 1402 58509
1402 1403 127997
1403 1404 816709
1404 1405 139335
1405 1406 493113
1406 1407 475077
1407 1408 711700
1408 1409 306347
1409 1410 731165
1410 1411 185111
1411 1412 92249
1412 1413 230167
1413 1414 318737
1414 1415 671165
1415 1416 486488
1416 1417 450042
1417 1418 209022
1418 1419 386715
1419 1420 948853
1420 1421 915646
1421 1422 979354
1422 1423 674534
1423 1424 65091
1424 1425 825864
1425 1426 400773
1426 1427 547404
1427 1428 865820
1428 1429 332750
1429 1430 228944
1430 1431 921687
1431 1432 116183
1432 1433 508179
1433 1434 813366
1434 1435 26064
1435 1436 864158
1436 1437 252293
1437 1438 52419
1438 1439 632831
1439 1440 578303
1440 1441 783873
1441 1442 622541
1442 1443 3541
1443 1444 845945
1444 1445 857576
1445 1446 722463
1446 1447 724937
1447 1448 819290
1448 1449 819082
1449 1450 265228
1450 1451 725973
1451 1452 744077
1452 1453 550739
1453 1454 763132
1454 1455 444988
1455 1456 212683
1456 1457 314561
1457 1458 767555
1458 1459 908346
1459 1460 991551
1460 1461 873983
1461 1462 435752
1462 1463 798655
1463 1464 367052
1464 1465 904312
1465 1466 924849
1466 1467 987503
1467 1468 671754
1468 1469 348404
1469 1470 474323
1470 1471 504006
1471 1472 407541
1472 1473 200580
1473 1474 722768
1474 1475 957781
1475 1476 13057
1476 1477 356961
1477 1478 359330
1478 1479 320049
1479 1480 378296
1480 1481 318944
1481 1482 320119
1482 1483 781591
1483 1484 657151
1484 1485 388720
1485 1486 468892
1486 1487 842461
1487 1488 943370
1488 1489 11536
1489 1490 640073
1490 1491 198191
1491 1492 939517
1492 1493 394489
1493 1494 473263
1494 1495 71668
1495 1496 383336
1496 1497 42088
1497 1498 231632
1498 1499 329932
1499 1500 591533
1500 1501 143867
1501 1502 257349
1502 1503 454161
1503 1504 371014
1504 1505 440598
1505 1506 227316
1506 1507 60227
1507 1508 923270
1508 1509 346804
1509 1510 556295
1510 1511 866223
1511 1512 739758
1512 1513 174058
1513 1514 520870
1514 1515 464223
1515 1516 742546
1516 1517 706323
1517 1518 943810
1518 1519 4117
1519 1520 647914
1520 1521 165508
1521 1522 839496
1522 1523 647903
1523 1524 213585
1524 1525 594731
1525 1526 56369
1526 1527 266105
1527 1528 246972
1528 1529 573896
1529 1530 654574
1530 1531 29745
1531 1532 266678
1532 1533 467341
1533 1534 896945
1534 1535 708181
1535 1536 141818
1536 1537 224507
1537 1538 741129
1538 1539 389510
1539 1540 147232
1540 1541 193782
1541 1542 127192
1542 1543 123545
1543 1544 755220
1544 1545 520724
1545 1546 525749
1546 1547 976511
1547 1548 283403
1548 1549 23656
1549 1550 620372
1550 1551 186205
1551 1552 605147
1552 1553 28428
1553 1554 614928
1554 1555 749247
1555 1556 644455
1556 1557 337309
1557 1558 697777
1558 1559 284082
1559 1560 854266
1560 1561 912708
1561 1562 131989
1562 1563 212603
1563 1564 630914
1564 1565 880684
1565 1566 735584
1566 1567 118733
1567 1568 225278
1568 1569 59663
1569 1570 556144
1570 1571 602667
1571 1572 885048
1572 1573 208995
1573 1574 399406
1574 1575 403545
1575 1576 851442
1576 1577 454747
1577 1578 942026
1578 1579 832035
1579 1580 905672
1580 1581 299625
1581 1582 477660
1582 1583 400281
1583 1584 942138
1584 1585 429733
1585 1586 116974
1586 1587 441912
1587 1588 657007
1588 1589 860962
1589 1590 785759
1590 1591 613095
1591 1592 755998
1592 1593 299725
1593 1594 599797
1594 1595 230379
1595 1596 626596
1596 1597 946130
1597 1598 269417
1598 1599 162195
1599 1600 559119
1600 1601 485139
1601 1602 993388
1602 1603 926093
1603 1604 548869
1604 1605 941107
1605 1606 646893
1606 1607 324267
1607 1608 934437
1608 1609 109905
1609 1610 465190
1610 1611 167532
1611 1612 733492
1612 1613 488272
1613 1614 981375
1614 1615 908481
1615 1616 723801
1616 1617 168659
1617 1618 731828
1618 1619 964249
1619 1620 957538
1620 1621 201425
1621 1622 849932
1622 1623 108481
1623 1624 458811
1624 1625 697594
1625 1626 542373
1626 1627 866243
1627 1628 596119
1628 1629 898180
1629 1630 740768
1630 1631 659406
1631 1632 742508
1632 1633 535762
1633 1634 915035
1634 1635 185968
1635 1636 485398
1636 1637 227993
1637 1638 383885
1638 1639 928616
1639 1640 102804
1640 1641 988223
1641 1642 733527
1642 1643 513359
1643 1644 719271
1644 1645 225404
1645 1646 346176
1646 1647 631825
1647 1648 852572
1648 1649 204528
1649 1650 111992
1650 1651 705403
1651 1652 807329
1652 1653 38445
1653 1654 656499
1654 1655 398279
1655 1656 248622
1656 1657 537708
1657 1658 551636
1658 1659 717688
1659 1660 75327
1660 1661 690347
1661 1662 398618
1662 1663 130833
1663 1664 597756
1664 1665 901724
1665 1666 801863
1666 1667 769121
1667 1668 948436
1668 1669 976515
1669 1670 531804
1670 1671 454502
1671 1672 867587
1672 1673 326156
1673 1674 366923
1674 1675 480
1675 1676 127798
1676 1677 864792
1677 1678 883969
1678 1679 610965
1679 1680 945607
1680 1681 994162
1681 1682 176035
1682 1683 839188
1683 1684 661932
1684 1685 713234
1685 1686 393085
1686 1687 846888
1687 1688 928873
1688 1689 127952
1689 1690 75491
1690 1691 923468
1691 1692 672693
1692 1693 366086
1693 1694 430324
1694 1695 774708
1695 1696 215067
1696 1697 19310
1697 1698 83117
1698 1699 509320
1699 1700 307566
1700 1701 138146
1701 1702 252901
1702 1703 365362
1703 1704 53033
1704 1705 304096
1705 1706 976986
1706 1707 698626
1707 1708 907481
1708 1709 100015
1709 1710 753780
1710 1711 915245
1711 1712 863128
1712 1713 99080
1713 1714 874490
1714 1715 786055
1715 1716 5431
1716 1717 809053
1717 1718 532507
1718 1719 395736
1719 1720 601465
1720 1721 444068
1721 1722 988751
1722 1723 895738
1723 1724 735668
1724 1725 747844
1725 1726 89229
1726 1727 537799
1727 1728 154753
1728 1729 552120
1729 1730 6826
1730 1731 388815
1731 1732 20125
1732 1733 256178
1733 1734 761615
1734 1735 906459
1735 1736 119103
1736 1737 610867
1737 1738 57593
1738 1739 108086
1739 1740 548399
1740 1741 304903
1741 1742 656877
1742 1743 287305
1743 1744 378885
1744 1745 993549
1745 1746 9242
1746 1747 901504
1747 1748 941620
1748 1749 289548
1749 1750 340245
1750 1751 279264
1751 1752 326819
1752 1753 973287
1753 1754 108161
1754 1755 384793
1755 1756 170491
1756 1757 184404
1757 1758 358495
1758 1759 642479
1759 1760 810709
1760 1761 266594
1761 1762 220456
1762 1763 464246
1763 1764 430533
1764 1765 355624
1765 1766 993815
1766 1767 846083
1767 1768 814422
1768 1769 533302
1769 1770 636897
1770 1771 243964
1771 1772 571951
1772 1773 447174
1773 1774 907233
1774 1775 951789
1775 1776 8587
1776 1777 882514
1777 1778 935840
1778 1779 122505
1779 1780 564922
1780 1781 62020
1781 1782 899383
1782 1783 83589
1783 1784 151631
1784 1785 810482
1785 1786 704994
1786 1787 814334
1787 1788 289029
1788 1789 60159
1789 1790 627295
1790 1791 390651
1791 1792 866145
1792 1793 622214
1793 1794 852455
1794 1795 949367
1795 1796 333962
1796 1797 811501
1797 1798 523732
1798 1799 115081
1799 1800 362789
1800 1801 943834
1801 1802 25172
1802 1803 922595
1803 1804 928157
1804 1805 657114
1805 1806 660570
1806 1807 276178
1807 1808 800766
1808 1809 205439
1809 1810 53830
1810 1811 382811
1811 1812 247202
1812 1813 8592
1813 1814 206729
1814 1815 955626
1815 1816 464302
1816 1817 531683
1817 1818 742399
1818 1819 946764
1819 1820 277557
1820 1821 531803
1821 1822 732754
1822 1823 420006
1823 1824 648868
1824 1825 336243
1825 1826 83621
1826 1827 993917
1827 1828 708443
1828 1829 310414
1829 1830 410097
1830 1831 811593
1831 1832 427463
1832 1833 151959
1833 1834 293826
1834 1835 713692
1835 1836 100383
1836 1837 708105
1837 1838 7094
1838 1839 289695
1839 1840 477962
1840 1841 215753
1841 1842 176464
1842 1843 59249
1843 1844 744744
1844 1845 555484
1845 1846 586073
1846 1847 471297
1847 1848 338335
1848 1849 527566
1849 1850 678517
1850 1851 766286
1851 1852 14641
1852 1853 511800
1853 1854 46749
1854 1855 968568
1855 1856 39861
1856 1857 216668
1857 1858 721951
1858 1859 672676
1859 1860 245284
1860 1861 666504
1861 1862 997276
1862 1863 580579
1863 1864 559334
1864 1865 662850
1865 1866 815674
1866 1867 830571
1867 1868 547137
1868 1869 288721
1869 1870 71068
1870 1871 951866
1871 1872 132548
1872 1873 720012
1873 1874 37978
1874 1875 188688
1875 1876 12650
1876 1877 454909
1877 1878 588366
1878 1879 700900
1879 1880 173120
1880 1881 920214
1881 1882 783524
1882 1883 988882
1883 1884 972521
1884 1885 683161
1885 1886 421047
1886 1887 249755
1887 1888 19456
1888 1889 946823
1889 1890 380868
1890 1891 425113
1891 1892 668697
1892 1893 267980
1893 1894 373466
1894 1895 685671
1895 1896 819209
1896 1897 943249
1897 1898 202908
1898 1899 109104
1899 1900 580405
1900 1901 68216
1901 1902 992503
1902 1903 491417
1903 1904 454025
1904 1905 53889
1905 1906 767969
1906 1907 114886
1907 1908 451476
1908 1909 477048
1909 1910 964350
1910 1911 748639
1911 1912 847592
1912 1913 81916
1913 1914 733418
1914 1915 31000
1915 1916 699263
1916 1917 893291
1917 1918 554997
1918 1919 842091
1919 1920 751873
1920 1921 811475
1921 1922 919182
1922 1923 972515
1923 1924 16215
1924 1925 151154
1925 1926 884205
1926 1927 593185
1927 1928 219772
1928 1929 194463
1929 1930 334597
1930 1931 127724
1931 1932 93278
1932 1933 540520
1933 1934 855285
1934 1935 5843
1935 1936 365475
1936 1937 848211
1937 1938 404246
1938 1939 536051
1939 1940 318862
1940 1941 524807
1941 1942 67885
1942 1943 54235
1943 1944 618297
1944 1945 724608
1945 1946 355917
1946 1947 959473
1947 1948 805336
1948 1949 377473
1949 1950 247306
1950 1951 756259
1951 1952 202374
1952 1953 901790
1953 1954 836329
1954 1955 216206
1955 1956 444319
1956 1957 810413
1957 1958 690051
1958 1959 366550
1959 1960 277224
1960 1961 526640
1961 1962 464532
1962 1963 740747
1963 1964 189986
1964 1965 815284
1965 1966 960225
1966 1967 451851
1967 1968 113907
1968 1969 596599
1969 1970 494268
1970 1971 829242
1971 1972 40565
1972 1973 994169
1973 1974 519709
1974 1975 735808
1975 1976 385759
1976 1977 709379
1977 1978 343034
1978 1979 854666
1979 1980 607266
1980 1981 418239
1981 1982 758040
1982 1983 276585
1983 1984 640429
1984 1985 768245
1985 1986 822254
1986 1987 232012
1987 1988 35783
1988 1989 699756
1989 1990 692930
1990 1991 558309
1991 1992 10955
1992 1993 124591
1993 1994 443406
1994 1995 974260
1995 1996 931217
1996 1997 516232
1997 1998 874697
1998 1999 396779
1999 2000 577653
2000 2001 707870
2001 2002 461363
2002 2003 804617
2003 2004 950152
2004 2005 152471
2005 2006 532045
2006 2007 239918
2007 2008 62974
2008 2009 730190
2009 2010 405650
2010 2011 154593
2011 2012 163020
2012 2013 170526
2013 2014 330208
2014 2015 848650
2015 2016 485679
2016 2017 894807
2017 2018 160926
2018 2019 475715
2019 2020 637027
2020 2021 930703
2021 2022 921459
2022 2023 375434
2023 2024 44742
2024 2025 848824
2025 2026 538574
2026 2027 494613
2027 2028 442968
2028 2029 401437
2029 2030 739809
2030 2031 695742
2031 2032 700546
2032 2033 469817
2033 2034 454354
2034 2035 193249
2035 2036 637131
2036 2037 771300
2037 2038 183965
2038 2039 85132
2039 2040 577119
2040 2041 985840
2041 2042 742031
2042 2043 962074
2043 2044 350397
2044 2045 730974
2045 2046 665001
2046 2047 970856
2047 2048 32319
2048 2049 106742
2049 2050 412940
2050 2051 280896
2051 2052 324089
2052 2053 660034
2053 2054 848745
2054 2055 993597
2055 2056 986189
2056 2057 76807
2057 2058 699724
2058 2059 195132
2059 2060 694105
2060 2061 135517
2061 2062 301267
2062 2063 153719
2063 2064 939292
2064 2065 701162
2065 2066 79144
2066 2067 679515
2067 2068 732622
2068 2069 510869
2069 2070 95182
2070 2071 896256
2071 2072 90151
2072 2073 976047
2073 2074 569772
2074 2075 762657
2075 2076 922339
2076 2077 145839
2077 2078 479641
2078 2079 208352
2079 2080 234909
2080 2081 575986
2081 2082 490466
2082 2083 612302
2083 2084 640357
2084 2085 207510
2085 2086 303252
2086 2087 737598
2087 2088 726160
2088 2089 151608
2089 2090 869531
2090 2091 305508
2091 2092 841681
2092 2093 58313
2093 2094 50964
2094 2095 452605
2095 2096 611723
2096 2097 689221
2097 2098 34529
2098 2099 757204
2099 2100 959308
2100 2101 511830
2101 2102 147096
2102 2103 593329
2103 2104 598158
2104 2105 92057
2105 2106 656587
2106 2107 123601
2107 2108 969761
2108 2109 330489
2109 2110 355517
2110 2111 254498
2111 2112 340379
2112 2113 975257
2113 2114 162690
2114 2115 924394
2115 2116 562334
2116 2117 72308
2117 2118 985827
2118 2119 157483
2119 2120 970364
2120 2121 124770
2121 2122 184908
2122 2123 883851
2123 2124 901422
2124 2125 759578
2125 2126 74931
2126 2127 117890
2127 2128 498587
2128 2129 370022
2129 2130 832852
2130 2131 356772
2131 2132 443674
2132 2133 538965
2133 2134 41064
2134 2135 98553
2135 2136 766516
2136 2137 342877
2137 2138 959429
2138 2139 169194
2139 2140 730143
2140 2141 710199
2141 2142 781054
2142 2143 953686
2143 2144 563397
2144 2145 220237
2145 2146 498426
2146 2147 65887
2147 2148 254573
2148 2149 636311
2149 2150 928940
2150 2151 273325
2151 2152 978530
2152 2153 592148
2153 2154 579236
2154 2155 457844
2155 2156 206921
2156 2157 788389
2157 2158 525186
2158 2159 55270
2159 2160 681818
2160 2161 241267
2161 2162 793035
2162 2163 40803
2163 2164 224133
2164 2165 95540
2165 2166 555581
2166 2167 935327
2167 2168 129800
2168 2169 36150
2169 2170 490819
2170 2171 699906
2171 2172 522535
2172 2173 664721
2173 2174 623829
2174 2175 880112
2175 2176 821130
2176 2177 585120
2177 2178 179380
2178 2179 820945
2179 2180 408387
2180 2181 467924
2181 2182 817917
2182 2183 502376
2183 2184 144633
2184 2185 263638
2185 2186 772296
2186 2187 636149
2187 2188 896092
2188 2189 573234
2189 2190 578501
2190 2191 761136
2191 2192 594180
2192 2193 140396
2193 2194 435782
2194 2195 392582
2195 2196 644076
2196 2197 723596
2197 2198 198959
2198 2199 524972
2199 2200 269502
2200 2201 583766
2201 2202 231332
2202 2203 856415
2203 2204 706046
2204 2205 889266
2205 2206 494188
2206 2207 965907
2207 2208 430243
2208 2209 920194
2209 2210 623425
2210 2211 6501
2211 2212 949280
2212 2213 181455
2213 2214 94637
2214 2215 948062
2215 2216 717291
2216 2217 143049
2217 2218 101740
2218 2219 913996
2219 2220 593505
2220 2221 654650
2221 2222 267795
2222 2223 802706
2223 2224 496933
2224 2225 653620
2225 2226 256573
2226 2227 309363
2227 2228 703899
2228 2229 63867
2229 2230 859282
2230 2231 729473
2231 2232 578769
2232 2233 269403
2233 2234 915331
2234 2235 849651
2235 2236 60350
2236 2237 794881
2237 2238 347048
2238 2239 465691
2239 2240 989430
2240 2241 619703
2241 2242 668887
2242 2243 552896
2243 2244 306190
2244 2245 347708
2245 2246 803451
2246 2247 757822
2247 2248 714717
2248 2249 685070
2249 2250 687247
2250 2251 218504
2251 2252 84020
2252 2253 766259
2253 2254 796511
2254 2255 748376
2255 2256 893030
2256 2257 874217
2257 2258 596214
2258 2259 803861
2259 2260 461466
2260 2261 724556
2261 2262 957945
2262 2263 110616
2263 2264 437970
2264 2265 518700
2265 2266 49892
2266 2267 978477
2267 2268 644402
2268 2269 452131
2269 2270 330130
2270 2271 733087
2271 2272 574938
2272 2273 71974
2273 2274 775345
2274 2275 39289
2275 2276 79210
2276 2277 741467
2277 2278 769490
2278 2279 643031
2279 2280 240224
2280 2281 612731
2281 2282 959213
2282 2283 449693
2283 2284 597541
2284 2285 83609
2285 2286 774258
2286 2287 641645
2287 2288 572468
2288 2289 714203
2289 2290 476198
2290 2291 956367
2291 2292 226175
2292 2293 532372
2293 2294 895236
2294 2295 821329
2295 2296 712228
2296 2297 56772
2297 2298 466364
2298 2299 570675
2299 2300 859138
2300 2301 918497
2301 2302 994485
2302 2303 662511
2303 2304 246820
2304 2305 956004
2305 2306 275899
2306 2307 353457
2307 2308 928693
2308 2309 973008
2309 2310 260298
2310 2311 109257
2311 2312 654865
2312 2313 758371
2313 2314 47434
2314 2315 529851
2315 2316 808535
2316 2317 962554
2317 2318 575645
2318 2319 520977
2319 2320 892899
2320 2321 265085
2321 2322 374859
2322 2323 493058
2323 2324 468806
2324 2325 524859
2325 2326 501599
2326 2327 518209
2327 2328 416071
2328 2329 876644
2329 2330 203778
2330 2331 58769
2331 2332 493884
2332 2333 672016
2333 2334 563733
2334 2335 69861
2335 2336 705140
2336 2337 181038
2337 2338 570728
2338 2339 704612
2339 2340 191318
2340 2341 440005
2341 2342 825298
2342 2343 173166
2343 2344 660216
2344 2345 157965
2345 2346 286251
2346 2347 778514
2347 2348 178828
2348 2349 4689
2349 2350 746494
2350 2351 686379
2351 2352 811339
2352 2353 392022
2353 2354 509746
2354 2355 6414
2355 2356 711180
2356 2357 867774
2357 2358 210789
2358 2359 672490
2359 2360 672427
2360 2361 587666
2361 2362 702947
2362 2363 179723
2363 2364 521653
2364 2365 967788
2365 2366 610239
2366 2367 672525
2367 2368 372494
2368 2369 860309
2369 2370 422659
2370 2371 145975
2371 2372 425525
2372 2373 269709
2373 2374 824966
2374 2375 960700
2375 2376 695790
2376 2377 490766
2377 2378 385676
2378 2379 599226
2379 2380 606898
2380 2381 534837
2381 2382 139426
2382 2383 235890
2383 2384 200231
2384 2385 225443
2385 2386 112127
2386 2387 425506
2387 2388 724486
2388 2389 942544
2389 2390 162311
2390 2391 272028
2391 2392 54821
2392 2393 558381
2393 2394 996953
2394 2395 897259
2395 2396 396024
2396 2397 500133
2397 2398 373487
2398 2399 895508
2399 2400 683564
2400 2401 906209
2401 2402 358630
2402 2403 286261
2403 2404 675492
2404 2405 904749
2405 2406 445189
2406 2407 735921
2407 2408 184320
2408 2409 191851
2409 2410 865170
2410 2411 730565
2411 2412 642420
2412 2413 313153
2413 2414 763842
2414 2415 500239
2415 2416 158261
2416 2417 945884
2417 2418 162794
2418 2419 80826
2419 2420 712316
2420 2421 918796
2421 2422 577388
2422 2423 292178
2423 2424 427363
2424 2425 706906
2425 2426 768150
2426 2427 601323
2427 2428 88816
2428 2429 434108
2429 2430 208223
2430 2431 563457
2431 2432 279164
2432 2433 751757
2433 2434 245091
2434 2435 371093
2435 2436 498859
2436 2437 865201
2437 2438 443552
2438 2439 61422
2439 2440 876361
2440 2441 588924
2441 2442 701749
2442 2443 153723
2443 2444 600367
2444 2445 388201
2445 2446 764101
2446 2447 724940
2447 2448 518995
2448 2449 618955
2449 2450 292062
2450 2451 618389
2451 2452 908599
2452 2453 744296
2453 2454 457866
2454 2455 176452
2455 2456 349314
2456 2457 764567
2457 2458 822684
2458 2459 691752
2459 2460 146253
2460 2461 124455
2461 2462 436925
2462 2463 680945
2463 2464 550790
2464 2465 724901
2465 2466 851132
2466 2467 365851
2467 2468 668056
2468 2469 519372
2469 2470 222258
2470 2471 940375
2471 2472 388340
2472 2473 257783
2473 2474 108303
2474 2475 809531
2475 2476 713671
2476 2477 433580
2477 2478 655260
2478 2479 490485
2479 2480 549368
2480 2481 762167
2481 2482 419377
2482 2483 129129
2483 2484 843690
2484 2485 760513
2485 2486 473852
2486 2487 883128
2487 2488 283265
2488 2489 362557
2489 2490 25697
2490 2491 524669
2491 2492 440276
2492 2493 285275
2493 2494 362310
2494 2495 795099
2495 2496 30874
2496 2497 343101
2497 2498 389050
2498 2499 364528
2499 2500 756983
2500 2501 85835
2501 2502 2957
2502 2503 242125
2503 2504 342399
2504 2505 780191
2505 2506 998897
2506 2507 364790
2507 2508 196497
2508 2509 226737
2509 2510 691641
2510 2511 350216
2511 2512 282937
2512 2513 278967
2513 2514 36396
2514 2515 982187
2515 2516 462040
2516 2517 39822
2517 2518 15006
2518 2519 324352
2519 2520 309995
2520 2521 800584
2521 2522 148451
2522 2523 217303
2523 2524 74943
2524 2525 278925
2525 2526 741401
2526 2527 417213
2527 2528 709548
2528 2529 784391
2529 2530 929894
2530 2531 28617
2531 2532 675884
2532 2533 826138
2533 2534 135142
2534 2535 181247
2535 2536 498132
2536 2537 131843
2537 2538 329933
2538 2539 69035
2539 2540 277466
2540 2541 407027
2541 2542 836007
2542 2543 937802
2543 2544 805888
2544 2545 21712
2545 2546 590524
2546 2547 742887
2547 2548 66858
2548 2549 312039
2549 2550 426447
2550 2551 384472
2551 2552 199377
2552 2553 474857
2553 2554 673828
2554 2555 438101
2555 2556 812145
2556 2557 810172
2557 2558 705042
2558 2559 98485
2559 2560 72367
2560 2561 53330
2561 2562 222314
2562 2563 98688
2563 2564 505816
2564 2565 130695
2565 2566 284773
2566 2567 383988
2567 2568 245368
2568 2569 288816
2569 2570 812993
2570 2571 608141
2571 2572 283326
2572 2573 413464
2573 2574 671836
2574 2575 282246
2575 2576 311957
2576 2577 749672
2577 2578 429579
2578 2579 777812
2579 2580 78580
2580 2581 163929
2581 2582 717680
2582 2583 960838
2583 2584 693795
2584 2585 667134
2585 2586 807276
2586 2587 128763
2587 2588 291375
2588 2589 876733
2589 2590 400626
2590 2591 779700
2591 2592 840792
2592 2593 903474
2593 2594 106803
2594 2595 135202
2595 2596 411128
2596 2597 216128
2597 2598 22457
2598 2599 91815
2599 2600 913738
2600 2601 285331
2601 2602 115228
2602 2603 265794
2603 2604 7974
2604 2605 290581
2605 2606 202322
2606 2607 811255
2607 2608 421834
2608 2609 609782
2609 2610 157870
2610 2611 98335
2611 2612 389170
2612 2613 365039
2613 2614 819570
2614 2615 740983
2615 2616 485817
2616 2617 211321
2617 2618 156726
2618 2619 216628
2619 2620 742560
2620 2621 417900
2621 2622 32688
2622 2623 285002
2623 2624 665014
2624 2625 682769
2625 2626 15717
2626 2627 480911
2627 2628 518276
2628 2629 580038
2629 2630 621387
2630 2631 517166
2631 2632 598059
2632 2633 614214
2633 2634 145326
2634 2635 472290
2635 2636 578104
2636 2637 812364
2637 2638 313683
2638 2639 69617
2639 2640 575809
2640 2641 739681
2641 2642 521182
2642 2643 408501
2643 2644 828111
2644 2645 667488
2645 2646 805271
2646 2647 449432
2647 2648 367690
2648 2649 897791
2649 2650 623676
2650 2651 193390
2651 2652 462768
2652 2653 556701
2653 2654 19581
2654 2655 127450
2655 2656 649869
2656 2657 955090
2657 2658 28021
2658 2659 607448
2659 2660 643106
2660 2661 942872
2661 2662 297811
2662 2663 821084
2663 2664 377186
2664 2665 432900
2665 2666 413668
2666 2667 589463
2667 2668 878273
2668 2669 675974
2669 2670 708065
2670 2671 806394
2671 2672 27014
2672 2673 177096
2673 2674 801219
2674 2675 873309
2675 2676 811285
2676 2677 106179
2677 2678 416787
2678 2679 659591
2679 2680 603441
2680 2681 963734
2681 2682 212421
2682 2683 615785
2683 2684 843791
2684 2685 97814
2685 2686 736723
2686 2687 933963
2687 2688 870254
2688 2689 991723
2689 2690 79566
2690 2691 311968
2691 2692 12884
2692 2693 3704
2693 2694 126422
2694 2695 222232
2695 2696 724150
2696 2697 286912
2697 2698 107668
2698 2699 812598
2699 2700 622967
2700 2701 21569
2701 2702 415656
2702 2703 30221
2703 2704 139260
2704 2705 261932
2705 2706 647058
2706 2707 823790
2707 2708 656485
2708 2709 876507
2709 2710 121957
2710 2711 649123
2711 2712 206856
2712 2713 594160
2713 2714 439342
2714 2715 705937
2715 2716 729951
2716 2717 984033
2717 2718 177306
2718 2719 541565
2719 2720 601426
2720 2721 131808
2721 2722 874347
2722 2723 343573
2723 2724 292133
2724 2725 836783
2725 2726 317659
2726 2727 193272
2727 2728 227191
2728 2729 980971
2729 2730 637471
2730 2731 861976
2731 2732 322250
2732 2733 91182
2733 2734 183797
2734 2735 817975
2735 2736 451831
2736 2737 298341
2737 2738 500284
2738 2739 742796
2739 2740 89071
2740 2741 805123
2741 2742 169749
2742 2743 689718
2743 2744 953062
2744 2745 127372
2745 2746 356761
2746 2747 557121
2747 2748 758034
2748 2749 535989
2749 2750 98270
2750 2751 582822
2751 2752 852653
2752 2753 777709
2753 2754 273903
2754 2755 807529
2755 2756 23470
2756 2757 645754
2757 2758 925345
2758 2759 736405
2759 2760 982591
2760 2761 865902
2761 2762 331535
2762 2763 170854
2763 2764 496400
2764 2765 4278
2765 2766 131090
2766 2767 581569
2767 2768 430726
2768 2769 299747
2769 2770 749559
2770 2771 416928
2771 2772 648984
2772 2773 178562
2773 2774 557676
2774 2775 905957
2775 2776 792412
2776 2777 207661
2777 2778 150056
2778 2779 904463
2779 2780 133128
2780 2781 925476
2781 2782 253010
2782 2783 508616
2783 2784 328505
2784 2785 454757
2785 2786 639267
2786 2787 153074
2787 2788 548100
2788 2789 476713
2789 2790 198871
2790 2791 623368
2791 2792 75207
2792 2793 13310
2793 2794 411188
2794 2795 990048
2795 2796 403582
2796 2797 110472
2797 2798 444848
2798 2799 974627
2799 2800 656143
2800 2801 939815
2801 2802 591942
2802 2803 167176
2803 2804 407503
2804 2805 169193
2805 2806 242118
2806 2807 464866
2807 2808 908897
2808 2809 990384
2809 2810 293081
2810 2811 52130
2811 2812 544916
2812 2813 362174
2813 2814 840674
2814 2815 974474
2815 2816 223598
2816 2817 425460
2817 2818 907041
2818 2819 696914
2819 2820 666591
2820 2821 682270
2821 2822 697331
2822 2823 829354
2823 2824 595226
2824 2825 124434
2825 2826 536359
2826 2827 554114
2827 2828 908794
2828 2829 393682
2829 2830 501628
2830 2831 5970
2831 2832 52530
2832 2833 230542
2833 2834 734877
2834 2835 212826
2835 2836 508110
2836 2837 714690
2837 2838 745884
2838 2839 558412
2839 2840 266249
2840 2841 136102
2841 2842 710840
2842 2843 35912
2843 2844 870348
2844 2845 496202
2845 2846 294907
2846 2847 397483
2847 2848 220668
2848 2849 459860
2849 2850 2346
2850 2851 147719
2851 2852 791637
2852 2853 430266
2853 2854 671991
2854 2855 527434
2855 2856 509012
2856 2857 578684
2857 2858 956428
2858 2859 360632
2859 2860 178814
2860 2861 69914
2861 2862 966326
2862 2863 117640
2863 2864 863812
2864 2865 177963
2865 2866 226167
2866 2867 901201
2867 2868 408741
2868 2869 744422
2869 2870 195365
2870 2871 214505
2871 2872 118001
2872 2873 742923
2873 2874 875825
2874 2875 521982
2875 2876 78531
2876 2877 309500
2877 2878 344633
2878 2879 267877
2879 2880 207243
2880 2881 92000
2881 2882 750668
2882 2883 404910
2883 2884 818244
2884 2885 77557
2885 2886 344199
2886 2887 982035
2887 2888 170944
2888 2889 614761
2889 2890 421578
2890 2891 589904
2891 2892 604651
2892 2893 534152
2893 2894 857773
2894 2895 546947
2895 2896 918365
2896 2897 685344
2897 2898 302480
2898 2899 41485
2899 2900 10758
2900 2901 575572
2901 2902 496915
2902 2903 605025
2903 2904 98302
2904 2905 849498
2905 2906 736392
2906 2907 620926
2907 2908 671519
2908 2909 192932
2909 2910 8893
2910 2911 717611
2911 2912 327709
2912 2913 211898
2913 2914 847881
2914 2915 621755
2915 2916 781313
2916 2917 884970
2917 2918 53269
2918 2919 917486
2919 2920 451014
2920 2921 114397
2921 2922 19830
2922 2923 967999
2923 2924 959919
2924 2925 956191
2925 2926 422457
2926 2927 190602
2927 2928 727627
2928 2929 785743
2929 2930 375549
2930 2931 14031
2931 2932 849286
2932 2933 837502
2933 2934 726267
2934 2935 820504
2935 2936 8666
2936 2937 678864
2937 2938 670988
2938 2939 884858
2939 2940 360306
2940 2941 200861
2941 2942 630478
2942 2943 264760
2943 2944 68629
2944 2945 381401
2945 2946 21259
2946 2947 125591
2947 2948 299840
2948 2949 32704
2949 2950 703541
2950 2951 255013
2951 2952 532804
2952 2953 210108
2953 2954 724347
2954 2955 956429
2955 2956 151643
2956 2957 344375
2957 2958 918958
2958 2959 566489
2959 2960 435098
2960 2961 605890
2961 2962 226833
2962 2963 176444
2963 2964 699620
2964 2965 551940
2965 2966 133614
2966 2967 220504
2967 2968 32812
2968 2969 645105
2969 2970 702826
2970 2971 703081
2971 2972 717605
2972 2973 960071
2973 2974 749190
2974 2975 101667
2975 2976 869183
2976 2977 400596
2977 2978 878826
2978 2979 498226
2979 2980 952184
2980 2981 816870
2981 2982 208075
2982 2983 853746
2983 2984 918100
2984 2985 795672
2985 2986 159846
2986 2987 572321
2987 2988 648223
2988 2989 40033
2989 2990 46684
2990 2991 532378
2991 2992 85963
2992 2993 690164
2993 2994 241402
2994 2995 243075
2995 2996 219175
2996 2997 570458
2997 2998 112337
2998 2999 601243
2999 3000 743406
3000 3001 933322
3001 3002 916172
3002 3003 947121
3003 3004 248836
3004 3005 265276
3005 3006 830988
3006 3007 31524
3007 3008 444980
3008 3009 894948
3009 3010 65019
3010 3011 875999
3011 3012 641538
3012 3013 200982
3013 3014 586851
3014 3015 653040
3015 3016 825128
3016 3017 497592
3017 3018 717189
3018 3019 377820
3019 3020 617112
3020 3021 599017
3021 3022 151771
3022 3023 887818
3023 3024 522381
3024 3025 639556
3025 3026 200311
3026 3027 325027
3027 3028 731710
3028 3029 414366
3029 3030 213773
3030 3031 421415
3031 3032 918827
3032 3033 627917
3033 3034 296728
3034 3035 722673
3035 3036 941591
3036 3037 879031
3037 3038 251524
3038 3039 809224
3039 3040 251958
3040 3041 602411
3041 3042 29639
3042 3043 224235
3043 3044 275934
3044 3045 910700
3045 3046 692520
3046 3047 917942
3047 3048 12585
3048 3049 78995
3049 3050 624822
3050 3051 970252
3051 3052 873014
3052 3053 340546
3053 3054 132648
3054 3055 281666
3055 3056 873392
3056 3057 625513
3057 3058 998985
3058 3059 656487
3059 3060 419292
3060 3061 303862
3061 3062 766307
3062 3063 44250
3063 3064 870929
3064 3065 972536
3065 3066 782102
3066 3067 205112
3067 3068 101950
3068 3069 751370
3069 3070 215037
3070 3071 449737
3071 3072 182329
3072 3073 326528
3073 3074 56718
3074 3075 573707
3075 3076 696211
3076 3077 195762
3077 3078 652186
3078 3079 103317
3079 3080 378716
3080 3081 829242
3081 3082 641470
3082 3083 662506
3083 3084 558732
3084 3085 420136
3085 3086 855360
3086 3087 678034
3087 3088 790050
3088 3089 528876
3089 3090 509257
3090 3091 220087
3091 3092 182361
3092 3093 266106
3093 3094 30975
3094 3095 877370
3095 3096 197933
3096 3097 767419
3097 3098 716269
3098 3099 52875
3099 3100 929686
3100 3101 555676
3101 3102 900569
3102 3103 151184
3103 3104 310411
3104 3105 617147
3105 3106 725341
3106 3107 297277
3107 3108 391522
3108 3109 714596
3109 3110 150790
3110 3111 266392
3111 3112 423373
3112 3113 187317
3113 3114 61815
3114 3115 247406
3115 3116 933144
3116 3117 14667
3117 3118 489594
3118 3119 850743
3119 3120 393231
3120 3121 935432
3121 3122 228101
3122 3123 61762
3123 3124 61231
3124 3125 753384
3125 3126 201264
3126 3127 943310
3127 3128 393840
3128 3129 112475
3129 3130 351960
3130 3131 913736
3131 3132 580832
3132 3133 886621
3133 3134 110125
3134 3135 61473
3135 3136 165221
3136 3137 803162
3137 3138 455361
3138 3139 930489
3139 3140 631968
3140 3141 728040
3141 3142 507461
3142 3143 656358
3143 3144 843084
3144 3145 570853
3145 3146 859312
3146 3147 830161
3147 3148 84669
3148 3149 460823
3149 3150 324528
3150 3151 286065
3151 3152 249331
3152 3153 499701
3153 3154 660074
3154 3155 405124
3155 3156 146236
3156 3157 301964
3157 3158 414687
3158 3159 541128
3159 3160 413962
3160 3161 905645
3161 3162 221184
3162 3163 198244
3163 3164 816907
3164 3165 580444
3165 3166 521352
3166 3167 26870
3167 3168 688137
3168 3169 658150
3169 3170 556337
3170 3171 968470
3171 3172 354160
3172 3173 262090
3173 3174 143264
3174 3175 962658
3175 3176 700575
3176 3177 864525
3177 3178 861688
3178 3179 91847
3179 3180 9587
3180 3181 982176
3181 3182 961633
3182 3183 750429
3183 3184 301683
3184 3185 529535
3185 3186 767090
3186 3187 821762
3187 3188 367550
3188 3189 957546
3189 3190 337845
3190 3191 513426
3191 3192 485803
3192 3193 794802
3193 3194 195196
3194 3195 979135
3195 3196 221946
3196 3197 189826
3197 3198 460819
3198 3199 949486
3199 3200 208573
3200 3201 148263
3201 3202 36704
3202 3203 6668
3203 3204 560450
3204 3205 245173
3205 3206 784202
3206 3207 277233
3207 3208 599657
3208 3209 894572
3209 3210 533983
3210 3211 767766
3211 3212 298142
3212 3213 331483
3213 3214 965252
3214 3215 943146
3215 3216 23385
3216 3217 885938
3217 3218 225157
3218 3219 52705
3219 3220 552056
3220 3221 323149
3221 3222 30400
3222 3223 925229
3223 3224 883942
3224 3225 319033
3225 3226 953496
3226 3227 833237
3227 3228 957368
3228 3229 125924
3229 3230 432950
3230 3231 532034
3231 3232 837202
3232 3233 627548
3233 3234 372690
3234 3235 760125
3235 3236 896886
3236 3237 508260
3237 3238 569643
3238 3239 423237
3239 3240 247571
3240 3241 332821
3241 3242 864141
3242 3243 980158
3243 3244 390974
3244 3245 408244
3245 3246 254020
3246 3247 544927
3247 3248 484777
3248 3249 112647
3249 3250 798421
3250 3251 245057
3251 3252 925546
3252 3253 841319
3253 3254 388179
3254 3255 87654
3255 3256 750610
3256 3257 797123
3257 3258 527465
3258 3259 978603
3259 3260 171190
3260 3261 331497
3261 3262 773556
3262 3263 70455
3263 3264 916468
3264 3265 978237
3265 3266 811532
3266 3267 280214
3267 3268 381025
3268 3269 808510
3269 3270 535889
3270 3271 225581
3271 3272 634136
3272 3273 899739
3273 3274 718704
3274 3275 763966
3275 3276 778859
3276 3277 137465
3277 3278 80704
3278 3279 390876
3279 3280 189544
3280 3281 802470
3281 3282 297083
3282 3283 244205
3283 3284 610647
3284 3285 713207
3285 3286 184513
3286 3287 784225
3287 3288 104728
3288 3289 225285
3289 3290 568621
3290 3291 72403
3291 3292 992500
3292 3293 377498
3293 3294 68071
3294 3295 404040
3295 3296 742065
3296 3297 844464
3297 3298 730606
3298 3299 991529
3299 3300 887767
3300 3301 160044
3301 3302 953814
3302 3303 515339
3303 3304 340474
3304 3305 763348
3305 3306 235078
3306 3307 287494
3307 3308 974470
3308 3309 54880
3309 3310 590490
3310 3311 593138
3311 3312 599714
3312 3313 694798
3313 3314 692638
3314 3315 867354
3315 3316 352616
3316 3317 285655
3317 3318 864836
3318 3319 366702
3319 3320 89165
3320 3321 403217
3321 3322 328194
3322 3323 757777
3323 3324 571013
3324 3325 981065
3325 3326 454683
3326 3327 443462
3327 3328 243168
3328 3329 810772
3329 3330 227425
3330 3331 171957
3331 3332 514026
3332 3333 962056
3333 3334 724846
3334 3335 773094
3335 3336 340453
3336 3337 481600
3337 3338 759276
3338 3339 235815
3339 3340 548243
3340 3341 360310
3341 3342 733177
3342 3343 561402
3343 3344 305997
3344 3345 944900
3345 3346 779019
3346 3347 243818
3347 3348 319161
3348 3349 329457
3349 3350 339208
3350 3351 659169
3351 3352 951636
3352 3353 958583
3353 3354 503506
3354 3355 229543
3355 3356 830374
3356 3357 516735
3357 3358 90056
3358 3359 130814
3359 3360 789456
3360 3361 329190
3361 3362 931317
3362 3363 966761
3363 3364 479126
3364 3365 117217
3365 3366 24246
3366 3367 666019
3367 3368 958737
3368 3369 210822
3369 3370 145396
3370 3371 412332
3371 3372 683654
3372 3373 964233
3373 3374 964567
3374 3375 168663
3375 3376 389508
3376 3377 357402
3377 3378 597183
3378 3379 302006
3379 3380 661710
3380 3381 73407
3381 3382 292961
3382 3383 972260
3383 3384 947394
3384 3385 151951
3385 3386 318622
3386 3387 559647
3387 3388 211924
3388 3389 739431
3389 3390 583673
3390 3391 653670
3391 3392 70335
3392 3393 93810
3393 3394 215353
3394 3395 647667
3395 3396 295710
3396 3397 93811
3397 3398 440390
3398 3399 16254
3399 3400 304655
3400 3401 284926
3401 3402 618516
3402 3403 127974
3403 3404 104005
3404 3405 922177
3405 3406 350977
3406 3407 351924
3407 3408 988559
3408 3409 302580
3409 3410 482191
3410 3411 805018
3411 3412 996488
3412 3413 404855
3413 3414 656256
3414 3415 745869
3415 3416 179204
3416 3417 107067
3417 3418 860079
3418 3419 561608
3419 3420 86962
3420 3421 184030
3421 3422 718526
3422 3423 500479
3423 3424 585003
3424 3425 281740
3425 3426 963691
3426 3427 701081
3427 3428 776603
3428 3429 329771
3429 3430 19708
3430 3431 148713
3431 3432 804553
3432 3433 69633
3433 3434 4436
3434 3435 608579
3435 3436 567655
3436 3437 25431
3437 3438 555974
3438 3439 678287
3439 3440 515205
3440 3441 971938
3441 3442 215305
3442 3443 177877
3443 3444 549013
3444 3445 318103
3445 3446 805581
3446 3447 740343
3447 3448 833295
3448 3449 997976
3449 3450 75614
3450 3451 807088
3451 3452 564038
3452 3453 270197
3453 3454 407693
3454 3455 799936
3455 3456 896971
3456 3457 383433
3457 3458 836293
3458 3459 976700
3459 3460 304396
3460 3461 430776
3461 3462 565842
3462 3463 586748
3463 3464 991385
3464 3465 440046
3465 3466 79187
3466 3467 828894
3467 3468 517834
3468 3469 58017
3469 3470 242923
3470 3471 312365
3471 3472 775603
3472 3473 205875
3473 3474 494939
3474 3475 760873
3475 3476 335254
3476 3477 273227
3477 3478 210661
3478 3479 281450
3479 3480 936472
3480 3481 935323
3481 3482 538453
3482 3483 252968
3483 3484 993246
3484 3485 327523
3485 3486 942659
3486 3487 312091
3487 3488 278905
3488 3489 983405
3489 3490 164370
3490 3491 806315
3491 3492 567980
3492 3493 60924
3493 3494 27427
3494 3495 762430
3495 3496 907480
3496 3497 459013
3497 3498 171535
3498 3499 888282
3499 3500 522950
3500 3501 82323
3501 3502 447323
3502 3503 900519
3503 3504 526138
3504 3505 554421
3505 3506 492625
3506 3507 856177
3507 3508 476879
3508 3509 833496
3509 3510 870962
3510 3511 723915
3511 3512 167349
3512 3513 81917
3513 3514 811512
3514 3515 895078
3515 3516 340668
3516 3517 320523
3517 3518 621817
3518 3519 794436
3519 3520 990392
3520 3521 270455
3521 3522 765609
3522 3523 341654
3523 3524 261171
3524 3525 47942
3525 3526 305038
3526 3527 285425
3527 3528 953490
3528 3529 172891
3529 3530 944708
3530 3531 92854
3531 3532 695092
3532 3533 520691
3533 3534 364791
3534 3535 741023
3535 3536 853595
3536 3537 998575
3537 3538 79346
3538 3539 465309
3539 3540 939472
3540 3541 156368
3541 3542 881358
3542 3543 960571
3543 3544 891317
3544 3545 199179
3545 3546 635417
3546 3547 295655
3547 3548 238123
3548 3549 892739
3549 3550 907106
3550 3551 401112
3551 3552 323626
3552 3553 812470
3553 3554 645294
3554 3555 759720
3555 3556 58076
3556 3557 444028
3557 3558 683527
3558 3559 235248
3559 3560 766927
3560 3561 580202
3561 3562 595463
3562 3563 17375
3563 3564 821750
3564 3565 759917
3565 3566 594585
3566 3567 54294
3567 3568 157361
3568 3569 278558
3569 3570 659425
3570 3571 728817
3571 3572 671282
3572 3573 45690
3573 3574 353616
3574 3575 824066
3575 3576 224192
3576 3577 932416
3577 3578 925181
3578 3579 756457
3579 3580 732713
3580 3581 155590
3581 3582 33260
3582 3583 613955
3583 3584 998066
3584 3585 214741
3585 3586 640138
3586 3587 456669
3587 3588 436841
3588 3589 36291
3589 3590 130651
3590 3591 738435
3591 3592 95041
3592 3593 319361
3593 3594 24416
3594 3595 862393
3595 3596 64840
3596 3597 817266
3597 3598 778521
3598 3599 255682
3599 3600 769964
3600 3601 292764
3601 3602 599450
3602 3603 310977
3603 3604 662450
3604 3605 858666
3605 3606 549375
3606 3607 814486
3607 3608 544672
3608 3609 33929
3609 3610 334212
3610 3611 920855
3611 3612 741728
3612 3613 920828
3613 3614 300416
3614 3615 171267
3615 3616 329186
3616 3617 690313
3617 3618 927944
3618 3619 641037
3619 3620 48594
3620 3621 997484
3621 3622 279561
3622 3623 667022
3623 3624 469668
3624 3625 467049
3625 3626 680500
3626 3627 977823
3627 3628 384489
3628 3629 251633
3629 3630 152418
3630 3631 65441
3631 3632 121854
3632 3633 169390
3633 3634 32586
3634 3635 395065
3635 3636 560963
3636 3637 519103
3637 3638 743919
3638 3639 69745
3639 3640 639302
3640 3641 402012
3641 3642 620659
3642 3643 307740
3643 3644 11795
3644 3645 398557
3645 3646 481704
3646 3647 106880
3647 3648 207092
3648 3649 840233
3649 3650 805629
3650 3651 68991
3651 3652 587288
3652 3653 140679
3653 3654 356505
3654 3655 84366
3655 3656 778688
3656 3657 357836
3657 3658 979343
3658 3659 448077
3659 3660 927623
3660 3661 704416
3661 3662 621973
3662 3663 929282
3663 3664 716156
3664 3665 490233
3665 3666 765956
3666 3667 741434
3667 3668 455486
3668 3669 614435
3669 3670 146771
3670 3671 230715
3671 3672 437232
3672 3673 621330
3673 3674 401947
3674 3675 369994
3675 3676 531334
3676 3677 576598
3677 3678 296418
3678 3679 27515
3679 3680 833783
3680 3681 839797
3681 3682 744935
3682 3683 835905
3683 3684 359862
3684 3685 603990
3685 3686 10615
3686 3687 224943
3687 3688 424713
3688 3689 361501
3689 3690 432246
3690 3691 563185
3691 3692 15630
3692 3693 675688
3693 3694 71430
3694 3695 344621
3695 3696 413495
3696 3697 435049
3697 3698 757551
3698 3699 99743
3699 3700 766401
3700 3701 879207
3701 3702 783405
3702 3703 673217
3703 3704 577718
3704 3705 809346
3705 3706 345853
3706 3707 326068
3707 3708 401799
3708 3709 41248
3709 3710 529538
3710 3711 757996
3711 3712 775281
3712 3713 579703
3713 3714 67788
3714 3715 520167
3715 3716 916402
3716 3717 464595
3717 3718 148702
3718 3719 814173
3719 3720 99930
3720 3721 516021
3721 3722 244985
3722 3723 3969
3723 3724 645625
3724 3725 588749
3725 3726 29809
3726 3727 644398
3727 3728 737824
3728 3729 524944
3729 3730 463716
3730 3731 375528
3731 3732 154107
3732 3733 994980
3733 3734 185300
3734 3735 543184
3735 3736 310147
3736 3737 858540
3737 3738 850821
3738 3739 47562
3739 3740 885930
3740 3741 808752
3741 3742 847077
3742 3743 522540
3743 3744 193218
3744 3745 191841
3745 3746 897590
3746 3747 580573
3747 3748 833298
3748 3749 441587
3749 3750 575405
3750 3751 71269
3751 3752 243226
3752 3753 393888
3753 3754 683571
3754 3755 770983
3755 3756 57129
3756 3757 149331
3757 3758 475440
3758 3759 468727
3759 3760 255533
3760 3761 64267
3761 3762 157848
3762 3763 921508
3763 3764 149822
3764 3765 309531
3765 3766 546526
3766 3767 506534
3767 3768 18822
3768 3769 723545
3769 3770 742917
3770 3771 886423
3771 3772 871936
3772 3773 474943
3773 3774 602756
3774 3775 483141
3775 3776 57531
3776 3777 200095
3777 3778 498176
3778 3779 141484
3779 3780 947541
3780 3781 103033
3781 3782 379709
3782 3783 525627
3783 3784 369792
3784 3785 864554
3785 3786 410481
3786 3787 469472
3787 3788 23040
3788 3789 717541
3789 3790 663493
3790 3791 37644
3791 3792 114868
3792 3793 863884
3793 3794 252276
3794 3795 408563
3795 3796 716608
3796 3797 914427
3797 3798 665548
3798 3799 579407
3799 3800 867349
3800 3801 751633
3801 3802 95872
3802 3803 717268
3803 3804 852868
3804 3805 746471
3805 3806 875209
3806 3807 568989
3807 3808 890169
3808 3809 933701
3809 3810 396249
3810 3811 736352
3811 3812 985764
3812 3813 834146
3813 3814 357559
3814 3815 109265
3815 3816 597513
3816 3817 372118
3817 3818 275530
3818 3819 758874
3819 3820 993128
3820 3821 727963
3821 3822 260526
3822 3823 604820
3823 3824 652991
3824 3825 272771
3825 3826 241250
3826 3827 357518
3827 3828 695388
3828 3829 106571
3829 3830 489160
3830 3831 404163
3831 3832 931415
3832 3833 867565
3833 3834 268522
3834 3835 960075
3835 3836 752417
3836 3837 637269
3837 3838 132906
3838 3839 891877
3839 3840 251633
3840 3841 874428
3841 3842 309127
3842 3843 807581
3843 3844 148041
3844 3845 804317
3845 3846 203486
3846 3847 290556
3847 3848 565780
3848 3849 694254
3849 3850 364871
3850 3851 99646
3851 3852 510082
3852 3853 474783
3853 3854 345038
3854 3855 14979
3855 3856 158613
3856 3857 64246
3857 3858 620788
3858 3859 548693
3859 3860 360939
3860 3861 925880
3861 3862 354743
3862 3863 294872
3863 3864 914084
3864 3865 890623
3865 3866 481832
3866 3867 124887
3867 3868 489128
3868 3869 732641
3869 3870 483386
3870 3871 686942
3871 3872 271202
3872 3873 855727
3873 3874 959679
3874 3875 867987
3875 3876 404925
3876 3877 71827
3877 3878 217391
3878 3879 219235
3879 3880 744810
3880 3881 728614
3881 3882 268666
3882 3883 585344
3883 3884 518703
3884 3885 257203
3885 3886 349822
3886 3887 835267
3887 3888 878954
3888 3889 589955
3889 3890 827505
3890 3891 254293
3891 3892 288791
3892 3893 817766
3893 3894 568134
3894 3895 590740
3895 3896 417989
3896 3897 664397
3897 3898 494690
3898 3899 329649
3899 3900 329608
3900 3901 221308
3901 3902 727427
3902 3903 279432
3903 3904 712278
3904 3905 120914
3905 3906 38873
3906 3907 455331
3907 3908 974874
3908 3909 303195
3909 3910 57958
3910 3911 264632
3911 3912 292173
3912 3913 846659
3913 3914 218301
3914 3915 740107
3915 3916 522276
3916 3917 911437
3917 3918 813419
3918 3919 626826
3919 3920 761
3920 3921 152080
3921 3922 670035
3922 3923 168962
3923 3924 880678
3924 3925 370905
3925 3926 299608
3926 3927 119247
3927 3928 23493
3928 3929 561526
3929 3930 551537
3930 3931 95240
3931 3932 60660
3932 3933 230065
3933 3934 459076
3934 3935 543532
3935 3936 988611
3936 3937 493234
3937 3938 386038
3938 3939 929611
3939 3940 82170
3940 3941 812204
3941 3942 303660
3942 3943 214785
3943 3944 437838
3944 3945 565201
3945 3946 708914
3946 3947 882272
3947 3948 707116
3948 3949 643336
3949 3950 692180
3950 3951 681430
3951 3952 246190
3952 3953 495960
3953 3954 359823
3954 3955 207341
3955 3956 29342
3956 3957 759832
3957 3958 819209
3958 3959 603395
3959 3960 570809
3960 3961 839523
3961 3962 283333
3962 3963 667253
3963 3964 709349
3964 3965 794874
3965 3966 126550
3966 3967 475492
3967 3968 257331
3968 3969 399312
3969 3970 333429
3970 3971 634829
3971 3972 956573
3972 3973 205969
3973 3974 725279
3974 3975 84194
3975 3976 948336
3976 3977 493754
3977 3978 93563
3978 3979 105243
3979 3980 648282
3980 3981 646456
3981 3982 416614
3982 3983 579112
3983 3984 669797
3984 3985 560597
3985 3986 290579
3986 3987 39895
3987 3988 440740
3988 3989 769464
3989 3990 884467
3990 3991 587032
3991 3992 811853
3992 3993 732267
3993 3994 623830
3994 3995 965748
3995 3996 978995
3996 3997 235784
3997 3998 72293
3998 3999 322060
3999 4000 676920
4000 4001 603685
4001 4002 618999
4002 4003 119664
4003 4004 172179
4004 4005 280474
4005 4006 443901
4006 4007 91999
4007 4008 573199
4008 4009 668542
4009 4010 119213
4010 4011 477431
4011 4012 117640
4012 4013 336938
4013 4014 597117
4014 4015 129461
4015 4016 790360
4016 4017 2024
4017 4018 249204
4018 4019 279726
4019 4020 365024
4020 4021 763587
4021 4022 842683
4022 4023 808266
4023 4024 113289
4024 4025 763797
4025 4026 776422
4026 4027 411256
4027 4028 87687
4028 4029 293254
4029 4030 846179
4030 4031 6202
4031 4032 762728
4032 4033 467442
4033 4034 647569
4034 4035 451164
4035 4036 751075
4036 4037 935231
4037 4038 873766
4038 4039 925805
4039 4040 230840
4040 4041 842815
4041 4042 693710
