2418 5116
1205 1930 229162
2330 2055 953268
910 1795 517507
1145 724 279330
1307 531 287344
1297 927 458266
1437 2108 562809
916 2223 418448
1626 1943 1872
748 2349 686549
482 1861 426099
2261 554 405122
2337 1666 659036
1672 199 291380
2353 1769 185315
1687 1717 389210
1490 2303 322335
1159 1907 265542
361 875 891741
1672 985 159459
720 286 835321
1100 297 834833
1366 922 551924
1851 518 587909
2412 1878 182446
2327 431 637209
814 2384 681488
2187 1230 755321
247 1977 62044
1841 2384 742972
2200 1037 343522
532 1538 425200
2275 781 261218
988 1755 979807
1134 1440 998551
1074 742 572224
875 1466 641466
2227 1296 544997
2272 926 92680
1043 1472 766115
1644 546 898493
1854 127 35925
1099 57 208132
27 831 769999
1449 865 588170
2362 1842 990118
1510 1743 92553
1825 242 940552
1788 1345 357333
182 1099 819181
168 1103 37095
56 1445 378385
1505 1087 629595
866 1201 735129
1283 1158 636754
532 619 706442
1531 1777 613658
1240 37 769778
664 334 744313
1482 1415 225534
1407 2377 604147
1462 76 406093
1082 1820 554352
1511 857 255666
1784 2032 876767
1112 1159 77146
2122 1246 705773
1961 1969 698612
2107 639 140757
1414 837 560287
970 1496 238182
756 2077 251590
291 1230 50211
1015 50 465301
2247 908 788894
2129 1075 292570
663 371 618802
687 652 461175
195 35 172652
2002 1245 757293
420 834 596563
990 2414 432740
204 2403 861491
1004 1420 200556
165 1899 362907
187 1832 428952
253 970 616105
2167 713 53983
959 148 282109
1057 2166 786299
1108 362 147277
131 1902 178450
1926 2403 403150
2197 1430 584295
2162 1796 794333
144 1520 609486
596 1667 35984
1544 2090 553407
1364 2347 770397
2299 1457 531600
325 1380 383605
80 2160 966492
235 2324 191790
2240 300 746709
546 981 890312
632 1071 66769
1655 1727 637429
1848 1219 361881
2170 27 370302
189 957 906134
1711 460 34510
2296 442 172340
2320 2241 224139
1388 1848 596812
1219 1464 903060
1340 2025 394211
425 1746 987328
1913 2159 790661
891 2032 841589
301 1354 745968
1642 1490 165557
1442 1490 82712
1064 1277 189637
1740 1417 311851
1858 1298 324577
2161 276 153183
11 224 427696
1588 1266 861681
995 551 308802
1245 390 135262
2282 5 778126
922 1867 573653
225 5 31807
1068 1610 984456
856 1734 630321
684 2144 578056
250 2075 47141
892 1603 343786
931 677 808873
1871 60 491858
121 56 594100
356 1535 739483
2315 788 404032
953 629 938555
2175 1192 282964
1338 310 386574
1091 631 724325
620 1910 713243
2098 311 811030
910 427 992138
896 1767 419333
1707 529 644089
1649 588 274179
167 295 800825
1748 2122 797829
94 2199 847953
1147 1858 578162
2377 2211 723860
1358 151 42392
2252 947 646953
1261 1912 930253
2169 1495 139599
151 862 172194
998 1785 264104
1965 1779 231332
687 463 492502
2063 1791 529775
446 1917 534032
933 2397 215242
2379 1199 914215
551 718 604198
1071 420 326424
1393 658 967489
828 1908 876930
2353 2355 764668
1061 1477 402914
1824 124 785919
1294 1775 798600
1103 1673 12928
243 2179 335178
946 2047 784689
1670 1571 711179
1858 16 847302
1779 1251 332080
557 1082 837932
576 634 984397
1757 1691 914970
2227 1678 631185
2107 1137 816765
850 2108 705521
1118 1114 765040
653 1807 459729
1822 1725 797569
1856 2218 642965
644 2076 248472
1118 2038 188345
2024 659 218113
824 552 561947
2231 2388 764225
2298 122 110042
2030 890 504120
800 620 359911
757 1099 752490
861 250 623497
1711 98 135222
1396 2361 536401
1763 1573 263965
916 155 574981
700 1026 966284
863 2339 724507
1504 848 762545
2089 2382 162015
1482 126 39245
1938 1253 410031
545 1726 421540
1574 1022 539307
262 739 475141
2035 1703 75298
1289 489 904513
1203 1968 242164
2146 222 845315
432 2237 36385
573 884 768325
1115 1627 204391
232 2391 707337
1802 1107 929232
1894 1764 350449
1147 509 99745
1670 1410 401324
455 1422 536825
1595 642 91830
2266 316 968433
46 39 775308
419 1183 346137
1270 2026 138994
1980 670 462829
459 109 770497
1718 467 804377
1232 541 396239
2138 75 840063
1991 2172 860750
1986 1644 155689
191 336 663800
1822 1043 633446
1566 711 421237
890 718 522317
768 2232 400381
1941 851 615401
620 462 167729
1609 1193 361878
2096 1496 549375
427 1902 179429
1292 1137 139109
582 1279 911577
1662 1761 224113
909 1048 651142
497 1629 648358
1662 2265 130222
1042 887 322644
1883 2354 757442
1191 950 253782
848 1685 310891
2210 1341 161575
1819 431 212224
251 1827 926403
2308 2294 765419
1913 649 522094
2005 654 91596
566 1159 534037
665 629 368701
365 609 422790
774 1782 181777
1585 610 236165
348 1311 266488
2277 2316 924928
1146 1109 439611
1057 1488 114488
483 310 734760
2316 673 299362
943 429 224320
1668 1873 400559
2345 282 86905
363 2279 637581
1648 1549 503703
2197 1785 398827
1026 369 359910
1836 177 47394
255 1684 828413
1357 908 146773
861 442 666108
734 1245 814602
803 1770 259836
10 354 249483
580 1012 338074
784 705 440444
2272 2046 127069
2209 1091 70530
1358 1451 593415
2299 1924 971496
1646 1539 874017
1709 2401 982004
479 688 126109
1585 372 208807
535 1190 373607
543 392 386605
349 858 302412
1139 2194 507561
1617 598 878534
2059 1850 4755
2352 674 546904
1003 2037 603850
46 100 149280
343 98 302680
1019 238 375739
638 1386 875226
1223 1835 909308
1150 0 864742
1517 979 59203
549 1547 340129
712 1547 213274
653 1542 476338
632 800 44073
1641 409 937766
22 2213 662199
2006 301 60761
1008 1941 856664
1079 1580 519942
783 1 220576
1604 1187 258040
517 1926 466038
1421 1634 15641
1199 863 507733
914 2255 998870
2052 477 761235
1928 1291 302613
57 766 907540
1073 1563 346810
1456 2313 766768
1073 1848 856721
1873 719 513419
1635 450 609159
1204 526 886484
505 980 342967
943 920 85256
2256 182 760662
235 2210 102515
1223 1390 116992
299 314 797490
1570 2236 409674
267 328 607749
2209 1954 562968
2258 1729 640229
642 1456 499055
1730 113 316304
1979 811 308111
1781 96 996135
890 1516 751266
1579 613 476834
2325 974 119047
874 900 514413
1467 498 100212
1182 1687 963813
1125 1102 882681
154 1075 203905
2318 1562 2696
1061 727 848866
130 1888 40760
1725 1650 289669
1662 1847 36287
859 1813 821496
458 1187 16967
463 2281 760087
533 455 933973
2215 108 724743
810 2403 663138
2031 1365 537747
2344 766 462268
2355 195 253540
1881 2003 494127
2388 1588 692560
1983 1412 238758
2307 2322 128774
283 1750 606510
1586 1808 15874
1735 887 223640
2274 1784 842191
485 1474 248246
634 905 54219
139 1236 691198
1169 291 371964
1843 1908 798544
105 2291 714306
954 1795 971507
1150 851 112520
1676 1050 559379
310 1627 468512
1509 1409 720614
845 629 298921
1417 360 473443
1469 341 256834
1294 1037 668554
1916 760 245406
587 770 42437
1838 2370 715987
177 201 405207
1428 2029 779639
1276 1323 92976
1565 1194 727139
1207 78 572502
239 1631 240810
1963 668 427085
760 684 998103
1258 0 101628
785 686 492517
1262 829 9152
1487 226 991283
303 223 307089
2366 1508 129396
1421 509 503424
2158 2124 715889
901 1470 986679
2324 1396 891795
27 1027 32672
1822 1874 733347
224 1631 627592
505 1823 115926
893 2171 556836
1627 1550 731747
1710 77 929935
1998 1362 70052
976 1437 13821
1652 1951 866939
687 1366 874145
1336 417 158619
1479 824 814757
969 551 222765
2298 1346 179470
1437 1608 137120
1479 1497 530903
1900 1755 419016
74 869 566211
2047 116 771183
1202 2151 431953
824 545 376561
689 1781 376429
1543 1170 469481
436 801 166834
1340 568 576330
1380 65 373007
1029 863 526126
519 2288 71686
993 977 439010
183 1120 405997
1324 1656 509988
843 2145 846942
1592 2354 577607
526 1432 163661
1553 1844 186452
2295 362 783708
2190 1802 946364
199 287 3453
390 234 831332
797 788 229902
92 344 432815
1149 2205 404384
699 647 652964
1550 173 111637
788 1491 661786
1695 88 716335
1744 559 662375
764 1099 195532
594 2176 417754
917 192 382350
1001 1998 696693
2006 228 649075
556 1647 317099
510 2112 710832
328 1515 833078
1195 781 218243
2141 1674 794950
1452 1998 849011
1477 2133 671842
322 2022 311290
618 1956 812075
375 1214 322152
817 1211 45206
930 214 462901
1739 1965 398180
784 2335 657728
1796 1935 359894
1315 1989 315771
410 1951 12892
2010 1715 932613
284 1175 884384
1647 783 160565
2205 1744 698110
1610 1578 633859
935 1797 564179
308 430 798852
354 61 798639
551 1378 535221
647 2153 405505
2046 2303 473119
353 1115 636256
352 2195 365457
2235 1661 153921
1206 2164 915565
2038 2178 748533
466 1165 64573
807 568 940941
1682 319 191423
663 1518 868943
1557 125 389859
836 798 185914
1451 624 104776
706 940 17795
2191 2199 541812
2200 1136 524387
1656 2406 830186
2379 179 411651
175 2333 414213
2280 841 124847
293 1654 329798
1655 1769 847758
1061 1383 628130
2040 128 12302
2268 1989 951034
1849 1823 73751
1858 1249 14052
1670 1422 553720
326 652 769890
1941 1459 507031
1332 1393 770239
1346 1432 680426
193 590 33127
1335 358 547016
1430 1424 816175
2046 1647 912757
516 702 664046
2300 2290 575065
20 1662 921920
1603 312 562713
2150 415 197755
1678 669 138260
887 2108 321532
546 2296 324583
1200 1452 182388
998 1770 583481
252 1325 488771
2127 1623 945730
1197 1209 807852
1397 653 395017
1960 1730 652067
719 725 323918
377 382 101427
571 2300 43914
647 564 90650
939 1867 986973
1142 2110 340821
419 1398 575811
2237 755 918854
481 1121 467538
300 1769 834103
1556 1888 41146
2162 825 734498
413 581 627579
1540 2087 22363
1052 2016 93036
868 1599 475686
54 5 682401
648 2029 411675
601 2277 309678
1783 2053 233000
1521 1070 505201
1720 220 562708
568 646 179623
2258 2198 605885
155 1461 424412
1307 1533 968491
2030 311 617626
37 1881 663825
2225 499 186170
447 2049 503992
1209 1181 677898
127 2056 917648
1025 557 618481
2350 1941 878995
343 830 289417
340 2249 191381
1989 335 817026
1387 2148 364903
111 308 912031
12 444 862270
1096 1146 54849
1352 1204 219914
2030 126 257624
1728 1519 40230
166 250 397427
520 1420 931644
2196 2250 782296
2349 776 814604
77 2036 778471
24 641 672932
200 1252 715877
1351 152 639838
1880 565 313014
2092 762 947371
2008 79 633006
223 1767 614046
2258 191 569002
794 237 865358
1379 364 438213
154 412 468930
2367 982 931461
2238 546 28785
1557 2238 685272
259 1349 918463
87 367 89069
2191 1437 641
1521 1226 386885
84 1242 185442
1987 2333 193787
1751 1685 428833
1371 1946 901398
31 33 536864
1121 2155 595044
253 2155 864228
990 2271 441817
1015 1358 637379
2040 298 864195
1934 1757 631944
713 1444 769842
1314 2228 138957
2366 1090 356090
2204 2120 896928
2309 157 148588
1694 1329 560290
1563 783 154095
250 9 43463
110 2280 151337
1242 1172 151948
1282 1622 541621
1232 558 571535
2391 970 462121
1510 1206 506670
679 1673 640686
258 747 318815
2052 364 139099
845 2303 742719
758 857 913966
1341 1217 862667
631 48 170894
1277 1793 553550
1776 1671 591214
352 275 16099
13 2305 590044
2027 164 679921
1890 1656 842905
510 1696 655205
699 307 771997
510 767 930081
531 1924 605410
131 694 341860
870 1233 751819
1303 2358 534434
208 1928 575337
2161 2205 737165
2217 970 406624
1914 514 48618
1115 2110 154191
2331 420 356929
1909 1892 915164
1297 340 709933
1561 2028 754017
1994 1348 893310
398 504 534630
2176 2022 621968
27 1188 546225
170 2259 887663
894 597 75862
1699 806 531468
291 2005 697159
1655 443 255262
1905 2404 171208
2142 1102 95023
1084 785 324179
1212 216 758858
2136 1660 788270
1563 2262 80643
520 303 320101
552 1451 774583
1551 1647 531154
766 1684 431351
842 2354 185951
1592 1174 721762
2289 1477 217037
562 81 429627
1854 2278 493861
1521 1454 350092
2 150 233541
1054 138 119862
1112 2252 162584
862 2018 517191
1789 2381 555920
1743 24 856535
201 1339 788602
737 179 895776
882 2234 663047
1638 1950 784653
1631 35 655731
2085 12 449749
2128 2382 748165
1037 653 824828
1801 250 700738
2264 1763 371837
370 1783 570737
638 1343 841980
2370 1022 449363
1678 1443 986292
995 1431 720453
882 1160 295100
2303 37 367853
1287 952 317540
1887 283 255252
253 2417 40863
1584 1603 273741
81 1491 638290
737 646 60436
2381 2086 580113
419 1355 495946
1259 1121 83058
401 453 472196
1823 918 306279
1179 96 269561
67 92 323127
851 169 903761
20 892 764602
1464 1757 28387
1290 2386 163371
1227 1718 301099
101 582 866646
279 1517 508808
745 1594 184024
749 1351 303891
1009 120 472495
2066 51 690498
1330 644 164817
529 404 635930
109 2299 911121
1973 574 746798
494 1807 454713
2165 1987 513234
2347 710 649046
997 2397 6073
2258 1104 775078
1687 1247 304587
2039 1257 664146
373 1405 619645
1699 1437 920226
1145 1981 73662
46 257 536812
1041 2076 419719
1405 1595 79673
520 87 76852
1778 413 329832
1935 144 575926
1725 1028 658262
1226 691 82584
136 2258 201082
409 1452 347479
781 1137 759363
1208 1200 627501
749 1701 342863
247 462 850142
602 1059 290128
1485 1226 926302
1582 970 989596
667 796 303327
2235 1803 668161
2339 1605 298276
1400 2384 32308
528 2400 712993
518 1973 957280
1518 2180 160421
1297 271 53044
545 1870 467821
90 663 169939
402 43 354593
696 2092 639325
2006 779 338090
2001 645 778859
463 611 539429
2173 262 734047
1207 1706 378323
1214 1521 281628
868 1294 42684
2244 823 916986
2173 2380 598342
1764 1507 335270
2252 1401 158837
629 708 763466
858 1585 372859
813 878 214615
2044 1899 254263
505 1962 94283
1943 1891 948304
828 268 90296
417 1436 872198
1640 1950 773036
916 2310 806626
2009 348 560853
1413 665 64972
1428 835 254688
723 831 802101
1895 2179 45153
1210 384 230945
808 164 820107
2009 1274 330146
2033 857 309102
591 679 204517
569 1392 160139
1313 1077 684197
369 823 409756
395 1302 476715
1599 2006 300645
380 1879 913455
41 1655 563880
2017 2252 351551
1459 673 202399
338 1234 208354
760 2142 605226
38 1479 942977
336 2313 9240
940 1788 286087
1621 2027 796317
1993 1879 430097
52 45 454911
1408 927 330667
1838 632 6398
20 144 180605
239 17 130834
1002 706 914588
448 488 664265
1216 382 334940
1614 1031 819338
1378 531 270748
1979 2065 667435
2174 1604 838821
1530 2013 933307
181 1244 514873
2282 646 254027
557 1301 842379
1666 2102 600581
1937 1048 300385
1152 260 474491
1990 1919 333700
1701 2317 530456
1659 1048 232943
452 606 542006
1446 801 537896
2180 698 135424
1744 1664 618884
2272 960 600519
871 1088 595592
1715 458 168437
41 505 287551
1713 1768 170038
665 278 40446
2368 775 961594
638 1111 20156
1990 2273 979777
367 1397 239455
1903 1344 46324
511 913 340928
896 2002 963373
870 1928 56588
109 1863 263496
1421 86 219527
248 538 627423
631 1728 574044
1931 673 169851
637 696 722831
1113 1707 831749
469 183 877774
164 1327 744586
23 2261 188143
1598 240 920960
662 42 25961
2077 651 108426
1807 2415 608061
1786 86 765754
1291 2004 122858
1735 150 494906
2168 1848 213752
1148 1053 314900
1387 1835 460817
2057 467 113345
667 543 222705
631 455 737640
1083 1368 839024
709 1447 814285
2353 1331 29354
1362 1003 112648
58 1987 381639
347 855 652797
1979 148 309083
2373 1056 462828
1707 217 518510
2394 2392 361958
2287 1363 73398
159 1078 860640
1963 2001 638948
1573 1344 53725
68 112 885971
816 548 117052
808 35 205497
104 914 745184
73 60 73733
1184 1254 74682
2008 1395 365241
63 2062 328675
1461 2285 765035
927 1455 563841
950 951 216880
331 279 76057
1697 1025 365437
2313 701 5614
129 1734 286739
1605 1879 565490
1974 112 998440
1435 668 234198
951 879 551666
1960 828 155
665 923 214730
1984 2041 487032
84 694 599037
557 35 10567
2063 1920 253941
1214 1725 683488
2038 144 461902
408 1460 862214
14 855 371249
549 180 432750
941 921 132201
1846 1152 932639
552 1467 573154
1433 1228 60168
214 1884 627283
1879 1734 200843
402 191 661106
527 1012 226399
1574 1460 170853
1515 1653 666730
880 13 891495
813 1116 837228
1260 1888 439181
1394 1371 237105
2110 2368 471594
2251 379 469959
2049 820 168897
797 1872 405119
2331 1567 596737
479 1110 899836
626 1264 202495
34 1247 76003
1820 1693 857443
1136 1002 799414
1256 2382 470441
911 146 691755
1697 1803 958334
357 1540 134927
1768 1168 425652
1573 1444 565788
2276 1365 104026
714 71 714594
618 956 996228
1621 1849 789852
1404 2360 595868
2319 927 883536
2127 2145 252656
1595 415 636690
957 1212 48338
814 2002 968815
388 1096 698741
192 2338 531006
2110 1966 97481
184 2324 469176
1023 2069 742523
1980 479 556171
2163 1407 663904
2362 1252 721275
217 609 396479
1719 1615 950130
2321 1017 683344
223 1116 93109
150 251 936477
1983 1054 755583
838 624 417448
1976 1115 852625
472 1532 329049
471 2128 870734
1053 1721 642911
380 1877 693633
208 2176 795976
118 454 870367
754 1494 689659
729 1927 42946
142 489 966676
680 195 473775
1378 1320 501074
1165 1797 246802
1469 1471 149635
1405 868 904991
2131 757 204154
763 2211 247909
1138 2063 174867
150 1001 595081
879 1515 271305
731 1484 3642
841 162 799438
2327 1150 559165
2101 624 163686
2131 827 96729
2337 243 517136
436 138 499332
2298 2062 76619
374 974 666037
671 179 755003
1985 329 758841
500 1529 569099
1516 1276 664767
419 1655 642098
1400 1050 42479
44 1104 727885
257 1698 937039
1303 232 88730
1935 1434 982805
926 1487 73494
738 1433 334087
876 1176 635074
1692 2065 810918
134 699 634998
261 198 127138
2326 1366 921584
894 402 87808
1971 617 752379
1602 915 27909
2049 442 749953
2156 1178 952444
1134 576 292261
2322 1780 64389
1039 1138 308422
1668 1708 955072
2183 1432 284697
2350 1598 828557
217 1121 743216
1539 894 168914
1788 1996 298630
2218 2106 335010
490 772 275074
2361 1468 75582
68 211 239093
1806 2057 930408
2134 982 294335
1816 2198 366623
435 1565 87532
877 2318 5524
1472 1098 89700
1981 1018 558735
1772 1686 859815
1449 2323 930834
846 2384 8548
1240 1794 120256
523 206 804038
2248 1492 47083
669 559 705255
1517 1303 643546
1718 410 132220
1905 1833 760335
1282 31 419786
100 1267 688905
271 1549 351414
1106 441 53632
1498 1824 846964
1045 568 365403
9 408 962777
182 874 377768
2140 2049 641266
1117 1949 422444
1206 27 266220
135 1419 624230
2181 194 597866
1100 223 178675
621 652 569313
1551 2088 828167
1566 277 198073
290 610 18687
815 1409 583144
2132 199 844972
1857 551 566102
1836 1144 221990
929 1131 105926
1448 1365 197244
875 2065 526474
2090 1806 566620
1624 498 290350
1617 1572 224847
1266 800 423071
748 1581 87532
2072 358 77767
972 751 621990
1773 1982 10275
2349 206 453061
988 1201 603212
915 483 253385
304 2295 975624
2159 2379 597644
470 2001 642720
504 1138 708911
1130 1788 202998
1530 2160 184139
56 903 720465
274 45 857483
1382 1150 175684
2049 1409 119546
676 1126 17134
208 1897 528255
2094 157 247298
2178 2115 265048
2248 1169 980794
771 33 255460
1937 2016 319113
2077 1746 538137
798 511 935761
52 533 348725
2224 1501 738272
300 1333 437317
1843 239 978994
789 1918 175103
532 764 584245
1653 1883 475245
875 2062 922907
1077 591 569300
2330 854 37556
572 873 503156
1007 1048 776061
1812 224 994606
1173 2059 859135
2315 1080 953806
1113 1586 129483
787 233 230764
2236 827 540267
1869 1980 59781
1454 1890 764709
1402 560 736378
1695 1647 426808
142 730 732760
743 2204 660444
320 1929 44390
1904 1104 260126
987 1196 879974
954 50 70727
1872 323 717552
2147 1619 369679
820 1130 735950
2373 2383 778121
45 1038 755158
980 1451 217877
405 2364 884444
1796 2077 682477
676 1333 493239
2391 1377 210296
1673 2031 127771
1777 1279 381856
1201 396 1852
1202 802 770165
184 320 380468
1498 1339 960045
2408 2385 540467
1214 279 530235
1382 1816 210846
40 246 933128
1857 283 769084
489 977 623351
2346 2155 62260
1697 2132 265030
1506 1831 320771
1526 923 281528
1814 2198 267841
204 2290 309970
2201 2285 362730
1469 1318 179806
1596 107 921629
2337 103 988141
2370 1981 809828
1857 1951 660278
643 1000 86977
1821 1610 107044
507 1189 710486
1805 1303 117896
435 1475 268427
1633 2374 501542
1964 1057 275273
1379 1876 825785
1022 994 982816
1414 1624 211897
1223 880 618638
1105 1137 872676
773 2362 277943
1238 2154 966607
543 2216 638757
2033 435 809866
927 244 619890
367 1264 319264
1225 1499 299707
282 1548 930721
28 1138 385892
175 1632 652284
2378 535 532829
2402 994 622162
580 251 9181
882 2085 995176
736 524 544600
1033 1338 521964
1908 1369 452687
1374 2024 521991
417 1513 150424
932 751 238033
1350 1290 43721
2305 662 600745
2260 609 836742
890 598 667468
2278 848 958890
688 1162 331591
54 86 597992
1602 17 457965
1335 1604 923884
1044 1867 108644
770 2267 37354
112 892 941813
110 737 924090
1165 2199 305033
946 1154 284115
1743 1517 879733
2294 1598 216364
42 1631 695439
424 1998 106686
1463 2340 21899
2134 1471 774610
1292 1014 841909
2374 405 519245
1417 813 905386
555 131 426748
1685 1010 102493
1940 585 600146
415 1418 401204
1890 2228 632480
1485 533 350081
1439 1665 693517
2055 1908 853847
1208 1822 815176
386 1368 12430
475 949 871760
1824 1227 301618
1766 811 75624
2049 1336 353206
2079 981 454972
1825 466 219853
1520 1115 840570
630 690 229524
1976 267 520543
425 8 496776
1184 510 941285
2037 1545 719655
686 2112 618983
502 513 683162
2058 1494 720977
114 1980 515175
1079 1796 646763
1825 281 223735
197 734 25931
1566 769 280789
1441 1457 366842
1172 1171 490320
1688 1528 862027
537 351 116565
1482 258 134051
1015 107 658339
135 1108 529079
1299 2163 408928
1509 1862 147060
2056 1773 624749
160 787 201426
80 619 100797
1423 131 452978
279 86 799407
502 885 645442
1404 702 189569
322 997 74854
622 1836 198223
841 780 843484
1686 370 51494
901 2054 597722
1870 2250 126831
1863 1577 865518
1877 1307 536780
1230 1524 550075
280 1056 892977
2257 2054 811710
590 2183 862884
84 86 877674
1751 1161 193923
1454 1312 247863
115 1753 435526
1715 430 81265
1787 1135 186952
1401 353 597918
441 127 460888
88 1989 398877
1229 2253 40359
1535 1062 962023
242 1292 408955
2146 996 110662
1216 195 394023
1870 1539 340316
316 215 571466
1728 2228 156507
1465 553 367495
424 779 260353
2332 880 515499
2349 1576 661966
2014 211 52308
942 1949 24830
1773 1255 558792
1246 952 712162
313 2173 756532
1231 2139 771169
1774 1326 90845
1916 708 174792
1169 1253 728627
2155 582 82244
1175 1309 463578
188 1841 734156
732 279 841238
1903 1415 933911
1400 656 367939
105 2266 707732
185 240 126117
1068 1473 823665
1409 597 907411
2199 2318 782329
224 704 859674
1494 1750 5058
98 1965 125017
2328 1575 17321
1296 507 46338
1360 152 442478
2081 1510 35898
1212 683 703747
2272 699 349926
356 673 811022
2075 1636 479160
1842 840 534920
606 18 375963
130 988 889998
2017 1093 193009
1006 2124 320179
995 411 603419
1870 2047 24623
437 334 692802
73 663 263213
341 1089 136866
353 1626 854215
1785 1680 233544
1640 164 957661
1044 159 587656
966 2288 259756
357 422 610449
2367 2037 148304
421 649 651147
487 299 93873
1548 1842 785472
1750 192 67228
2149 683 377918
1814 2321 931713
2283 589 574214
21 1491 43672
114 501 784203
1277 459 173853
1212 2081 30428
1310 19 126314
1806 572 162759
622 681 517804
414 1751 506303
1723 1720 212236
691 1399 403950
246 230 981836
1123 1808 731277
142 992 971843
1047 386 902817
1823 620 835290
479 1054 313633
745 104 716401
677 8 866574
1466 1686 266583
761 249 715226
1361 1314 603180
2013 921 241366
265 2150 442768
324 325 724725
1659 963 850013
1804 2381 199359
1593 1981 44941
1700 609 152349
1369 1239 237609
961 510 853362
791 2211 876860
2330 1837 535450
297 12 251067
187 141 85846
1487 184 537948
1404 681 185945
1465 2198 264638
424 2055 249785
1723 1555 428131
1189 1810 476026
1045 1516 394681
1877 1531 413884
1758 182 435864
612 606 36619
2210 1197 558352
478 2003 604476
271 1094 69344
2174 1573 102105
1743 2318 302586
204 2065 61000
1692 1632 939515
1978 1478 888373
2234 1838 730969
2367 880 728539
2203 1626 740282
1548 381 742705
820 661 829373
1173 1316 608349
1019 760 158870
1351 1068 849861
416 848 566919
1325 144 365237
1383 1337 344780
2352 428 486985
1488 567 681491
2047 1275 33908
598 2190 224401
495 2214 435776
2176 1932 79401
117 1569 200907
1217 1026 831808
1927 565 144416
1461 488 454798
2381 100 797168
1189 528 445548
913 1305 286996
933 2189 732531
467 1493 973628
2079 1930 446027
382 2100 60540
2384 671 895348
1799 2263 393255
2073 121 141566
304 377 82095
1706 880 827212
1944 1658 471815
400 1537 800262
961 617 756612
1038 1751 622094
2311 1120 449528
2311 437 910766
1541 388 395867
158 1461 329527
1513 2013 785354
974 1458 691294
1671 1640 164755
1026 2398 151328
747 1072 619892
582 2030 92748
2181 1501 478454
1745 192 243923
486 388 28849
1813 1993 54425
1082 367 686497
764 1958 232773
2014 33 522811
1594 1623 612846
1985 54 857788
230 2187 38288
1206 1575 977414
1452 1688 973949
757 1840 588596
1502 2412 986529
636 1120 242949
669 922 856500
2250 2002 818342
1945 640 216714
532 53 194934
1451 2362 129707
1016 1421 842827
2309 411 212351
4 975 201132
988 264 401888
640 1715 394371
2221 1653 339600
2192 1188 698606
1594 1147 776816
2146 614 429332
209 873 981414
1430 974 820061
343 1401 476610
1562 2240 667430
2288 937 559318
1785 579 569490
2322 1282 285288
1952 1170 985178
198 1992 667842
2289 1503 95822
1079 2162 208142
613 1676 217743
242 1465 627815
51 1580 781174
2191 173 830710
2194 1763 497401
1966 1893 186018
1337 2162 836191
1832 592 970389
1540 2268 795285
1727 674 443245
649 745 332529
2025 95 264155
2159 1081 946703
174 2417 923197
2323 261 917557
943 1065 94527
2282 1434 118520
572 1920 183977
2225 1830 938510
1843 1685 831049
1856 2027 395275
2120 846 731456
902 1604 141480
391 1382 958860
2064 2277 159694
56 1090 277603
1960 2072 877535
1161 1340 885382
1540 943 983817
2214 2137 548430
1955 950 401344
2348 452 393847
1032 2297 25271
887 1859 816396
331 215 891969
1127 1031 987208
1579 2165 971139
2133 323 680927
1286 2191 627876
1146 1590 88447
2338 1815 380673
449 1903 939258
1933 1818 453427
2341 1757 679765
253 1520 168181
199 1985 12022
1510 792 266371
856 1383 996472
1337 1319 149253
522 934 634542
186 445 644058
442 393 985481
1544 2160 334755
2224 279 939310
20 1569 460692
1100 837 149602
2229 1490 830148
1660 1755 386836
379 1973 196303
2035 424 233598
447 746 654209
309 498 162277
311 747 96501
2231 417 879738
1144 227 533828
1178 1546 528527
1578 810 276908
1019 179 135130
730 877 968412
247 473 956121
1995 149 818326
821 705 875192
1346 1153 661540
2282 229 419234
1156 2214 981403
304 1203 370584
1526 2407 616877
1617 1749 749096
2174 1233 42022
2147 1320 951770
2258 1795 542790
792 905 566610
117 1309 44725
2121 1100 860984
1976 819 425708
1388 2174 550960
2029 1470 81142
275 1728 566829
2087 981 356001
214 203 371740
806 242 362896
1674 1086 15926
1898 649 238386
1278 192 774530
1630 268 877761
2146 643 935698
1092 2220 626992
1922 1051 358954
33 575 335168
2062 2032 455642
2248 1279 217129
1745 1078 437575
1284 1244 443130
770 2290 269077
1162 468 994585
1697 695 142800
1435 966 728936
2342 1169 510191
122 2040 389143
1935 334 852047
1948 2020 643274
12 1336 779807
2008 2387 983556
1918 1822 853402
657 653 502279
603 895 695103
472 1924 797608
1238 830 736070
183 1711 462192
73 2008 720000
888 735 111055
950 338 227180
2202 1842 778915
2301 89 834325
208 1756 983160
1884 1751 604013
1861 1142 880020
1726 1692 446621
618 1463 263471
748 2044 47724
1451 1038 852848
2143 1467 37836
1446 319 868257
267 416 659195
1340 1876 243386
2417 700 466326
2044 883 360160
717 2274 80089
613 1085 604996
2281 711 905764
179 1949 511280
1795 350 837869
2138 2063 706128
1216 509 832004
2155 1655 618416
1022 2161 817890
57 1554 942175
1934 713 669478
220 1945 89244
816 773 122826
2251 1329 156046
627 1472 292287
2317 1557 643284
1031 2107 368880
756 1317 566294
2336 1360 313571
854 655 176471
15 1529 553075
928 214 720762
810 1584 499235
991 755 890800
2411 631 71614
122 1097 747124
370 644 767967
1527 1217 666169
975 662 910083
1966 1193 216090
2041 449 724570
1659 72 336861
1517 90 141235
1121 8 481380
2066 2301 70338
564 2121 486862
1649 1094 796737
779 519 616438
278 825 61403
1619 928 763514
1180 1580 130048
1448 758 195380
136 456 804261
414 1763 573936
437 2140 299763
1048 1045 49189
2002 634 23689
1718 180 880486
1713 863 50809
344 1777 564423
848 178 733494
336 1364 606623
535 2034 794912
2378 188 643487
1480 1167 22002
815 2399 560571
1512 1591 769112
425 904 219932
212 1999 825591
972 901 569949
1953 1974 860016
1333 681 532544
2335 1025 53616
753 251 388192
1922 1445 610802
2295 145 551475
1747 2165 307087
2 2145 836252
1541 1328 485800
257 1508 636070
1304 1018 598104
311 437 83447
1379 539 336257
2216 883 571835
956 750 832898
1827 1817 454788
1016 1712 966042
413 656 15508
1184 2110 784360
1098 280 58918
970 809 247110
184 2031 821377
1313 773 602779
2138 1456 825837
918 2038 299282
1757 2019 683524
407 1011 706039
2237 499 304044
1568 506 990080
469 1354 80978
1942 1423 367721
610 517 700745
338 734 559734
409 2356 149362
617 962 329736
687 1856 271540
2062 296 31717
1178 436 592894
1633 591 564275
2361 973 488588
298 1096 948876
2368 1278 120337
49 43 439733
2347 1019 792480
73 1227 627622
524 117 371851
1204 2372 195447
208 356 391254
651 1920 172283
1252 964 472183
1113 1361 27143
1811 2366 102374
516 1479 301986
175 1060 903192
2340 1091 479787
745 1449 479267
1407 277 107290
546 400 696898
1017 424 48240
1192 745 28439
42 1457 465465
793 1119 585290
1631 734 577431
2051 893 927270
1220 764 522135
1737 731 124864
235 2137 645199
2292 1588 384560
2036 1934 465712
926 18 78798
632 816 555073
1372 2355 105618
880 597 787689
1538 1665 811082
1921 1473 995172
2185 2388 178404
1949 812 851907
1513 652 5153
879 1150 53015
728 1146 546540
1310 1984 337323
1943 816 868213
2164 1077 663752
1602 480 247558
67 922 352599
2100 305 338804
389 2107 899208
1102 2173 90893
1712 85 526136
1263 504 18373
619 1922 773022
2240 1610 942229
1281 2118 189346
1985 973 463088
1755 391 84205
1761 2329 440937
2304 2314 989193
360 359 409871
1883 1487 105920
180 1081 788759
888 582 841016
511 848 747858
288 1785 939784
1915 968 827732
1177 66 546515
187 757 582269
289 2348 559897
366 970 873650
892 2369 586020
322 2186 133428
150 2404 775353
973 2301 170935
389 1322 241808
917 1643 224454
581 821 216678
1428 1180 722370
2070 1555 890551
1928 1934 266869
2192 59 189858
2053 2365 495262
505 1469 208524
516 712 203220
1393 849 769893
1073 404 719023
1818 1425 195790
1342 889 353396
1289 1504 555748
1351 2246 68099
2042 1212 385386
976 86 52809
1185 2190 989556
684 1577 382660
303 1937 396954
949 1418 178317
1687 1642 450686
801 1183 813117
1563 2073 339214
2184 1936 302554
963 1255 180408
490 1443 78178
1385 757 996583
709 540 732271
1292 763 856832
1682 194 239209
1450 241 197833
2261 1772 340194
1463 78 894310
1831 879 706384
1188 772 862588
2325 1903 485659
1493 687 802445
1694 1719 566205
108 1116 813729
2275 1789 373722
901 19 190678
70 454 429544
1295 120 744188
2136 2185 153352
1154 1475 96905
723 1725 469173
623 2335 78535
982 1417 133707
2030 1292 933231
1863 795 937918
1857 1226 814295
354 1523 667937
1363 539 990703
757 2 689898
1586 2023 31670
2110 1256 33651
2391 422 476880
1042 118 907408
465 1276 576812
403 973 914112
2277 2142 454561
300 1601 46914
590 1616 20342
1430 719 538679
191 263 685853
913 2305 78521
201 2104 237910
1140 1112 884616
1970 880 427802
2204 1552 384843
1076 423 159674
1971 2403 995729
952 1757 406014
622 2148 656331
1960 2344 962013
2348 2058 307240
174 243 936901
2103 2020 181891
1355 646 128735
2301 633 77652
2329 1298 625331
21 960 343243
1224 1256 772550
1635 1019 539391
1245 1936 296268
463 411 251416
1476 1627 89444
2161 410 374174
1717 912 303200
2252 347 940806
1146 379 294093
655 1146 148746
287 1285 754825
834 1132 612142
33 2370 724045
1618 233 951199
731 410 91133
472 677 779033
496 998 951618
2321 815 956224
1053 2134 21844
2023 1259 463608
1582 697 632486
1063 1459 368005
224 1684 590809
458 2404 734384
1775 1531 3423
2138 1248 635558
358 1533 599457
1309 1198 473945
1855 1227 603667
1842 533 912147
150 771 773309
692 869 3025
925 524 163218
291 2407 529045
1219 2412 916724
1542 997 187620
1691 1521 969931
2104 464 872271
1084 658 438193
1523 1323 656866
1138 570 25932
1648 1305 313240
341 2108 345800
1737 2012 188632
354 2339 335000
2307 2401 742879
302 604 27558
2121 1523 561623
960 2052 491366
163 2266 801423
1932 2256 868413
1206 2000 675836
2416 60 867772
2348 1781 346701
1998 1485 563531
1966 964 429213
721 2071 167091
2243 1918 506854
1625 1804 263185
445 1215 974375
2327 768 358165
806 693 665794
1052 909 168643
1601 1068 188460
36 1804 247818
2397 612 836487
467 787 81561
970 1461 874477
2390 154 426904
1921 899 616804
2253 319 537763
1654 9 668435
545 1470 69157
2266 1572 905368
2125 754 776112
426 157 27769
723 87 589366
1961 2242 737047
672 1853 609802
471 960 77557
1678 654 199515
1260 911 243850
259 94 949488
1285 321 963561
1633 1171 722044
357 2341 771343
630 1580 842393
862 686 135616
2156 347 383259
2396 882 48069
1929 605 145643
2157 178 928152
1813 759 630652
112 1434 230592
431 1885 455567
1532 816 676969
1514 2160 506573
60 1822 896604
1289 47 688462
798 389 178661
452 950 689544
1287 1730 908242
141 1697 939675
1125 2109 438036
1577 658 33668
1005 1502 880767
2079 1691 874029
2129 1493 408060
1589 1237 938748
195 85 312511
1564 1401 439712
730 296 539981
1835 2398 410617
89 1062 244903
1006 405 415163
1573 1256 683915
2154 95 666382
2297 77 298095
1510 1553 983037
1830 1164 432870
1595 1660 99238
889 638 142793
1619 1162 48290
1559 2250 830321
1866 2001 403909
1864 195 906183
1853 371 969155
418 716 958429
2004 1091 528886
63 2059 263482
1666 2261 136338
1333 2187 930304
1719 1624 177251
674 742 908531
1538 1552 740148
236 265 266050
1696 1646 464534
1598 2255 893445
2243 291 3265
1573 199 772231
220 565 739738
139 1261 887690
2198 573 298834
777 1503 584226
556 1085 436878
485 1791 802132
1084 1008 863180
1905 2071 141469
1438 1392 504221
279 1521 919539
5 1767 135383
1300 2136 782957
2180 1458 435444
2274 1081 200083
1631 2031 292332
941 1474 413407
2173 180 80342
81 1637 709356
1953 1324 659760
1414 303 440206
986 1093 425270
2165 1943 885174
997 1599 326480
482 1752 433366
588 1968 932230
1137 1136 589788
876 1823 349864
1546 22 734277
410 590 184734
1521 1478 95570
265 830 140128
539 1613 782744
1081 564 237422
789 601 47419
116 95 354794
803 992 464281
1914 241 295632
2079 2285 808882
609 1876 540019
1339 1571 269697
1884 324 214565
553 1186 622319
1328 1599 76084
1395 205 948000
2185 668 337002
144 1736 187495
2350 2240 443186
1728 1518 316780
1686 785 736676
74 1849 994059
1781 1442 568759
1295 2207 254330
426 2263 653987
2414 2090 210580
340 195 339460
212 201 193806
1533 1563 664882
1443 1197 428756
2396 307 299467
741 25 98803
1659 1805 458425
795 261 801199
895 320 383874
102 2250 298950
712 1996 255815
2105 1721 149535
2004 474 782331
770 1470 816421
706 282 182995
994 255 578858
492 2084 869139
806 1526 189890
2190 45 672339
1928 1449 821962
603 510 340059
26 613 163178
1790 2181 169138
2241 80 159290
1241 323 207739
2401 1333 782302
1265 1408 522620
2050 76 457922
792 1911 191165
1780 1490 487469
1084 1585 470575
1736 1263 439261
796 1408 214574
1851 2103 617571
1779 1206 434635
71 979 627067
1764 641 637752
2106 71 822460
759 279 309271
1261 341 617048
1934 122 760695
476 1028 316936
1982 2097 234863
1639 262 555611
498 620 150766
1668 1517 276666
471 1620 628935
1353 960 281353
420 450 104043
1054 1313 499604
912 1014 637253
795 851 460892
1798 1533 188829
2150 1557 737629
2287 1626 938993
1298 1855 758080
354 1178 707529
829 178 493840
1242 1519 15883
2319 949 553014
543 1618 501272
20 113 429818
1964 444 356496
113 1267 925457
83 144 469429
2218 2325 920867
894 2288 21770
1252 142 486487
88 2064 613567
1097 2163 982880
1207 1948 880595
1050 2404 532108
574 365 590507
150 460 197047
2368 1886 527933
1401 1052 515175
1885 1455 186277
558 1874 785422
1754 852 516562
1530 2415 834228
918 1450 425860
393 1347 613331
1361 1246 721434
639 201 937695
2170 1199 10638
2383 1944 65761
1162 1421 404916
2277 2284 29631
335 706 217817
1174 2383 632553
1804 2025 644531
884 1115 53927
867 950 33418
1447 491 540863
1786 276 629028
1560 1488 74006
978 1975 864763
1013 1778 9849
928 1659 734003
840 1377 17176
638 574 462935
1596 358 759384
2267 924 159138
1254 807 252236
1738 1502 722462
755 482 209424
2304 250 697294
365 2063 694036
969 327 869814
1512 1325 756957
1590 1599 447156
575 1535 247760
633 1310 458593
1184 1267 344714
531 1492 743882
146 1868 872571
982 394 584040
1405 650 645789
278 946 195304
1587 372 889329
2410 1750 792815
2375 2086 524429
459 555 459020
1568 1928 72545
651 1798 249265
2185 1929 832928
814 1386 358910
51 1304 875061
1831 1187 260713
371 540 513298
919 651 114226
2299 278 434569
1952 2280 276685
752 1445 283855
1067 2060 470937
922 1043 892641
1892 2363 514837
1147 181 626692
706 652 828821
1158 1897 754358
565 519 96241
1837 1910 834847
1241 1439 720188
771 1278 440920
1606 1438 900034
2249 1827 856036
1938 1085 93376
198 504 40357
1439 1075 533991
2085 1037 75313
2298 875 274271
348 1261 47520
1598 2132 491451
768 1200 626099
269 2292 609999
763 1314 824828
800 984 398399
1280 1580 95719
574 2414 240665
1615 1035 502580
748 2256 716226
551 1672 384953
2376 1843 901713
1800 2223 900084
301 87 389577
1030 1963 139497
1649 1768 425457
1828 868 307453
711 196 909797
2370 176 671453
606 1099 468626
1464 1323 423077
1618 1789 796186
119 2159 614763
1116 905 394257
1864 455 678640
1971 28 579238
1555 2067 426433
1943 762 73941
2416 1797 472467
261 2398 485991
904 1925 972507
2237 378 693729
1985 871 468750
1010 1632 277234
128 23 88108
2005 2245 712539
337 783 505662
1730 1387 631232
2331 1966 587383
80 367 702446
532 2243 177628
477 1427 642675
2075 2282 51372
681 2368 27835
2117 1970 424190
1591 1730 470904
1300 982 971025
661 819 90805
951 382 199959
671 5 356062
2402 1329 140246
2369 1252 658810
1029 1098 388187
817 2282 116754
1207 1904 396658
1009 166 623541
1258 731 821645
1154 1076 594608
825 1456 983179
667 1574 629369
703 1203 652574
839 1493 486057
196 1342 974987
447 1789 490072
199 1933 185059
1634 225 370930
1975 2214 134268
950 455 589046
278 2309 833490
723 799 114962
47 181 713455
105 871 713306
2028 1017 733858
1229 197 105684
620 51 51573
697 844 227620
2009 1487 640102
558 742 7326
57 1600 176205
1055 2330 992784
742 937 21284
1393 1252 35662
1221 799 146628
1308 965 34330
2256 757 187307
2281 1192 255791
350 2256 971919
1939 743 71106
615 1164 638908
589 182 410191
2233 1518 483182
264 217 813937
1708 492 342969
1958 440 422559
140 788 153250
1732 1404 911015
524 2333 58164
105 58 291572
352 1739 928076
819 124 249339
452 930 640042
1214 409 738995
1036 2003 766178
399 1296 847608
15 1742 764151
1022 1206 294638
350 2142 532499
1275 1872 748330
1670 1042 489584
1770 2035 546158
795 1661 427689
2318 264 827142
719 608 320001
799 1885 505523
461 2341 269657
2269 1653 386644
947 511 337722
1872 93 707078
2185 1928 548543
1382 1002 547725
1453 177 813117
1561 2122 774506
862 1626 664200
2244 604 640750
1170 2070 67152
2021 11 194849
187 188 463420
336 1984 170524
32 1056 3157
473 1379 587980
2357 726 322612
861 1660 202837
95 1272 272336
1086 486 826390
1002 1117 443839
1791 2216 735064
409 2228 945967
1290 571 393571
832 677 230632
705 2026 708196
521 1453 571214
907 1915 78068
706 721 274943
1773 574 810891
1542 1187 679653
722 2212 71615
1130 589 295216
44 1066 689023
740 1821 669662
1024 99 821835
1339 1983 220993
1353 2188 402147
417 434 432760
156 274 183060
816 2405 531090
970 277 228568
1322 1014 417047
356 943 899768
2196 1216 595423
1306 825 476458
1432 1073 600523
1877 1193 646918
6 170 97593
2013 1489 86654
1476 1022 155695
1328 1615 4944
1320 709 129924
2387 386 837146
2097 580 748178
1086 2063 122606
1600 2333 101742
1033 1848 893106
1499 982 766826
85 535 530662
1256 1432 398998
281 1445 729499
1438 91 851666
1969 1582 605620
1816 1010 772619
498 2244 454355
543 1923 156212
1504 793 639629
2321 1379 99430
244 1841 898384
2380 2056 652848
918 1398 442969
753 663 315131
215 1457 954700
2090 1843 521677
1314 2112 270242
620 1875 79499
357 278 104789
1635 2241 238865
1390 1122 710297
2150 479 742772
1009 395 615265
32 2020 65876
100 1391 927541
272 315 248596
1493 785 895664
1498 2043 698054
1144 1155 602790
707 181 841209
2290 2325 255417
792 526 666346
472 1408 257451
1820 1011 6302
131 2043 142996
2061 203 205504
1803 429 118999
1541 2320 639013
2025 2057 191493
2123 2116 526654
839 1157 683488
927 32 607962
763 1502 387372
774 1535 981542
701 317 559696
965 2186 525428
172 924 581309
2062 1170 821913
1283 2004 943808
801 629 534245
2305 1139 2165
1663 1299 351884
1054 704 632378
845 1774 952646
9 1572 991798
2382 895 811852
1613 2013 685065
955 1073 500372
446 386 357354
717 1977 224172
2150 69 946037
1060 6 819860
1234 1399 459621
2129 140 789339
2331 996 626757
2124 973 982836
1762 598 277639
1195 795 732272
1564 578 161439
1356 301 635268
238 221 22955
1254 1455 906227
358 1874 167080
1847 1096 30178
186 2038 887007
1423 487 672217
328 365 782466
1258 1486 713907
2043 2378 70483
2093 374 348883
450 1130 790862
1188 229 271535
96 1818 4604
1141 2320 42612
1967 503 60936
731 936 856372
659 811 601198
1072 1288 942188
135 869 973359
1678 218 154869
115 607 498528
1742 679 38952
1426 1100 342231
1580 493 968325
1496 678 268522
1104 98 808827
2295 914 491553
2345 2052 400896
320 1206 813095
2195 1149 563887
1804 2355 569971
427 2326 350151
326 306 398909
1893 31 216571
999 2413 8081
1734 285 67925
797 706 850007
1861 467 522360
1975 884 826367
1563 189 238311
1387 1446 739209
1264 106 854852
1802 240 787696
865 945 138974
2133 1871 660395
1651 1301 744464
1237 405 504875
1577 809 746215
677 116 602386
2202 463 105377
1734 1882 823636
525 1579 849659
546 921 696096
376 1447 279526
2345 1742 569352
2006 2368 133581
1963 186 971069
261 1140 887260
1177 1716 914560
1058 2281 184963
662 2366 140437
2174 2412 732529
1251 1007 677072
864 2184 655561
1517 1781 603913
2366 2183 309949
1653 1759 989855
789 70 302427
1224 1943 166461
1708 614 846813
1921 1832 203231
1015 2059 169523
740 1051 957325
2104 2326 824689
2284 720 441737
271 2033 470484
884 1954 729471
144 1402 149294
1366 1160 384448
2278 1574 511381
2232 2408 871595
1477 236 697900
876 1164 588683
739 814 221714
1170 2330 698525
1036 844 756519
486 889 61171
212 78 968949
549 1763 757984
2352 912 743741
1933 1852 150506
1479 2037 383315
278 2035 715222
1046 967 85192
1638 545 823286
250 2303 18084
576 690 418141
1388 1276 105144
2292 2396 12603
318 1393 135438
2185 1505 290286
1653 366 772906
1989 803 368973
1622 1626 23779
166 2274 537284
2391 1840 847132
1553 2260 828669
951 1623 98321
1293 1886 750282
377 1408 696903
1991 1482 189366
741 1199 911082
349 2201 239966
1965 19 867268
1993 1872 69849
422 473 423142
2090 1670 224414
2118 2376 89842
1674 245 692488
1829 2114 964118
2 549 632129
1615 684 142383
170 462 420089
2254 387 462085
2225 1818 204275
2121 817 919807
757 666 352049
644 396 804434
1621 2282 147281
1360 2393 795699
385 362 645479
218 1607 980598
2239 266 353653
319 1547 688510
1968 1098 305110
2000 125 517776
1028 431 832091
357 658 25352
310 2340 780682
1732 611 730358
201 1584 747919
728 309 45923
2022 1162 448698
179 40 844476
1843 2253 591675
1966 665 300730
2123 735 184299
488 335 75701
1318 501 597938
454 6 275069
1264 664 121192
1563 263 798502
657 2349 53083
738 1366 710419
1725 561 114476
1379 1787 353958
2265 14 726370
549 883 189695
879 70 408722
1222 1559 933557
2112 906 653106
2340 2407 781890
262 234 507866
962 232 715063
403 652 614431
765 247 709601
1272 1764 228384
436 1974 707707
168 1875 283914
1480 310 412632
1402 2343 975287
2325 648 48269
196 369 440901
1654 1543 340769
818 2062 539902
1766 1482 91390
943 1110 438276
1782 1775 772566
1060 353 762911
685 1726 604624
105 1651 654627
1126 182 327974
323 772 656012
1596 1292 936466
464 1753 998444
1977 953 153391
2176 2116 573650
900 34 943896
72 1188 163833
1229 1206 633003
972 2413 648638
2047 1838 315611
601 2197 246738
0 1 36269
1 2 15948
2 3 394476
3 4 666051
4 5 344085
5 6 705575
6 7 325462
7 8 825520
8 9 386513
9 10 728289
10 11 797122
11 12 588189
12 13 820829
13 14 781264
14 15 945079
15 16 527027
16 17 425583
17 18 110574
18 19 272209
19 20 860288
20 21 854791
21 22 480179
22 23 175960
23 24 154331
24 25 76260
25 26 482317
26 27 123198
27 28 144760
28 29 246116
29 30 206408
30 31 124773
31 32 155995
32 33 595737
33 34 816099
34 35 376199
35 36 500069
36 37 111430
37 38 987642
38 39 848018
39 40 934140
40 41 734032
41 42 958342
42 43 977631
43 44 816343
44 45 329218
45 46 248283
46 47 980118
47 48 309103
48 49 800038
49 50 200061
50 51 362022
51 52 232851
52 53 861973
53 54 797468
54 55 908099
55 56 870045
56 57 104211
57 58 993396
58 59 933892
59 60 128750
60 61 720455
61 62 94395
62 63 828585
63 64 637501
64 65 937487
65 66 738283
66 67 925070
67 68 317290
68 69 118109
69 70 226414
70 71 926188
71 72 396378
72 73 327445
73 74 606245
74 75 304263
75 76 38084
76 77 457300
77 78 352667
78 79 535227
79 80 654963
80 81 552157
81 82 473507
82 83 190930
83 84 924204
84 85 730667
85 86 417175
86 87 326729
87 88 934131
88 89 2709
89 90 694394
90 91 465037
91 92 869077
92 93 388753
93 94 687694
94 95 620261
95 96 455720
96 97 986399
97 98 423835
98 99 934229
99 100 509978
100 101 260878
101 102 674381
102 103 241423
103 104 625497
104 105 70432
105 106 646862
106 107 922221
107 108 413713
108 109 388696
109 110 482191
110 111 599277
111 112 187342
112 113 74779
113 114 428415
114 115 521594
115 116 708984
116 117 136000
117 118 31381
118 119 838024
119 120 794158
120 121 688532
121 122 767997
122 123 938331
123 124 28058
124 125 814614
125 126 332414
126 127 618
127 128 113139
128 129 209187
129 130 73834
130 131 64249
131 132 394530
132 133 271451
133 134 105423
134 135 390146
135 136 120528
136 137 619095
137 138 781217
138 139 704163
139 140 179006
140 141 4113
141 142 232190
142 143 935381
143 144 145599
144 145 648888
145 146 747656
146 147 785816
147 148 100710
148 149 27373
149 150 196934
150 151 174505
151 152 568173
152 153 871561
153 154 806590
154 155 746957
155 156 650165
156 157 830820
157 158 186782
158 159 761511
159 160 557027
160 161 590608
161 162 933680
162 163 695333
163 164 877179
164 165 132173
165 166 684976
166 167 205956
167 168 768493
168 169 967585
169 170 763342
170 171 364235
171 172 284195
172 173 414414
173 174 59083
174 175 829559
175 176 558723
176 177 121500
177 178 603540
178 179 766945
179 180 738990
180 181 659148
181 182 797197
182 183 186251
183 184 448562
184 185 856156
185 186 12179
186 187 195631
188 189 283836
189 190 488371
190 191 868304
191 192 243718
192 193 657069
193 194 511841
194 195 943023
195 196 453125
196 197 119943
197 198 735029
198 199 482807
199 200 854859
200 201 530492
201 202 211094
202 203 89632
203 204 943812
204 205 789316
205 206 356996
206 207 215926
207 208 756299
208 209 466212
209 210 581792
210 211 665195
211 212 894823
212 213 72021
213 214 740908
214 215 870575
215 216 846064
216 217 523893
217 218 219188
218 219 711481
219 220 937855
220 221 610152
221 222 532605
222 223 293032
223 224 31544
224 225 682290
225 226 530674
226 227 76789
227 228 975249
228 229 533529
229 230 262256
230 231 901951
231 232 138988
232 233 56198
233 234 337528
234 235 364001
235 236 660049
236 237 877498
237 238 677158
238 239 272550
239 240 807379
240 241 139724
241 242 221881
242 243 919563
243 244 911696
244 245 562646
245 246 992245
246 247 964068
247 248 971435
248 249 910844
249 250 297276
250 251 199518
251 252 836434
252 253 445949
253 254 351970
254 255 935609
255 256 201977
256 257 950582
257 258 407135
258 259 935793
259 260 895514
260 261 819715
261 262 805689
262 263 559365
263 264 980022
264 265 390534
265 266 426548
266 267 240015
267 268 59775
268 269 356052
269 270 703635
270 271 918944
271 272 197794
272 273 113109
273 274 187394
274 275 945039
275 276 443327
276 277 857425
277 278 936713
278 279 59189
279 280 967930
280 281 547165
281 282 205926
282 283 468347
283 284 358880
284 285 204021
285 286 752628
286 287 758814
287 288 198242
288 289 170520
289 290 940425
290 291 437588
291 292 340812
292 293 631347
293 294 163516
294 295 218481
295 296 756832
296 297 372835
297 298 354844
298 299 248373
299 300 338628
300 301 274224
301 302 541652
302 303 309651
303 304 263773
304 305 849867
305 306 99605
306 307 610277
307 308 828
308 309 809610
309 310 500489
310 311 413425
311 312 701264
312 313 178985
313 314 64137
314 315 147089
315 316 740585
316 317 16805
317 318 251037
318 319 905876
319 320 667732
320 321 801636
321 322 215401
322 323 348518
323 324 831980
325 326 530215
326 327 648721
327 328 489175
328 329 26602
329 330 868705
330 331 708877
331 332 441892
332 333 846039
333 334 57047
334 335 985654
335 336 907250
336 337 474453
337 338 941013
338 339 305615
339 340 622781
340 341 63471
341 342 70823
342 343 85722
343 344 258741
344 345 470183
345 346 163988
346 347 315571
347 348 132565
348 349 790102
349 350 13768
350 351 400772
351 352 120224
352 353 584827
353 354 152321
354 355 905928
355 356 62379
356 357 927989
357 358 221559
358 359 204078
360 361 97178
361 362 836271
362 363 649457
363 364 916163
364 365 896581
365 366 282366
366 367 565827
367 368 980430
368 369 889498
369 370 434
370 371 320769
371 372 369019
372 373 280360
373 374 353905
374 375 776244
375 376 563424
376 377 386863
377 378 242739
378 379 502626
379 380 591228
380 381 253112
381 382 306635
382 383 39776
383 384 474302
384 385 758908
385 386 104510
386 387 887963
387 388 446854
388 389 662004
389 390 841918
390 391 983537
391 392 885781
392 393 217603
393 394 967886
394 395 500040
395 396 924009
396 397 538817
397 398 873193
398 399 457801
399 400 845207
400 401 110985
401 402 2896
402 403 517285
403 404 237193
404 405 827800
405 406 469883
406 407 765402
407 408 101867
408 409 539798
409 410 796874
410 411 962395
411 412 317066
412 413 52838
413 414 444067
414 415 910159
415 416 569039
416 417 768049
417 418 462500
418 419 470407
419 420 712687
420 421 179568
421 422 907209
422 423 363496
423 424 672197
424 425 121938
425 426 104010
426 427 192583
427 428 891934
428 429 790303
429 430 913790
430 431 115346
431 432 627240
432 433 161711
433 434 426313
434 435 524203
435 436 304343
436 437 859237
437 438 268051
438 439 913769
439 440 337064
440 441 489669
441 442 937780
442 443 693285
443 444 511229
444 445 475127
445 446 888916
446 447 837170
447 448 397687
448 449 429276
449 450 41439
450 451 162795
451 452 260191
452 453 667578
453 454 751818
454 455 385876
455 456 632162
456 457 190815
457 458 324011
458 459 538416
459 460 443627
460 461 605557
461 462 93184
462 463 868365
463 464 16308
464 465 777147
465 466 334633
466 467 913351
467 468 996478
468 469 371784
469 470 113277
470 471 22700
471 472 357626
472 473 453723
473 474 339045
474 475 174177
475 476 689246
476 477 347584
477 478 760706
478 479 107301
479 480 977314
480 481 95229
481 482 573270
482 483 44502
483 484 693863
484 485 646825
485 486 81911
486 487 897483
487 488 167328
488 489 631328
489 490 664545
490 491 552870
491 492 783834
492 493 833552
493 494 414142
494 495 263623
495 496 296576
496 497 186384
497 498 773990
498 499 894780
499 500 187001
500 501 52852
501 502 864133
502 503 789949
503 504 353309
504 505 930294
505 506 867447
506 507 509775
507 508 964502
508 509 368406
509 510 253072
510 511 766337
511 512 64569
512 513 570760
513 514 229813
514 515 310533
515 516 696274
516 517 143328
517 518 88856
518 519 661117
519 520 298549
520 521 34724
521 522 396625
522 523 716018
523 524 483319
524 525 564899
525 526 331703
526 527 453768
527 528 409462
528 529 805500
529 530 405157
530 531 380280
531 532 115484
532 533 663266
533 534 407243
534 535 802281
535 536 843573
536 537 703025
537 538 594156
538 539 777426
539 540 792348
540 541 606145
541 542 976600
542 543 993433
543 544 413938
544 545 863743
545 546 384800
546 547 7989
547 548 490728
548 549 682843
549 550 519670
550 551 681415
551 552 854612
552 553 186399
553 554 33305
554 555 72721
555 556 620759
556 557 388715
557 558 701494
558 559 413122
559 560 900950
560 561 17765
561 562 611011
562 563 578165
563 564 533907
564 565 95024
565 566 460917
566 567 17671
567 568 355524
568 569 347970
569 570 944631
570 571 307787
571 572 825946
572 573 726503
573 574 803897
574 575 841873
575 576 533877
576 577 753018
577 578 529921
578 579 430569
579 580 273964
580 581 86203
581 582 272116
582 583 4170
583 584 372617
584 585 681468
585 586 595870
586 587 744557
587 588 837359
588 589 979872
589 590 139418
590 591 90105
591 592 17005
592 593 532574
593 594 975997
594 595 925462
595 596 946392
596 597 718315
597 598 78506
598 599 358464
599 600 352910
600 601 760084
601 602 543064
602 603 35078
603 604 830088
604 605 354149
605 606 794743
606 607 694584
607 608 432726
608 609 398092
609 610 877471
610 611 594780
611 612 594159
612 613 58710
613 614 669259
614 615 642581
615 616 668617
616 617 392986
617 618 791773
618 619 167179
619 620 942310
620 621 430287
621 622 78474
622 623 593247
623 624 720904
624 625 10423
625 626 146876
626 627 744617
627 628 711443
628 629 711379
629 630 25981
630 631 413812
631 632 324142
632 633 52085
633 634 870030
634 635 899226
635 636 500176
636 637 707297
637 638 577856
638 639 65477
639 640 316658
640 641 556317
641 642 244346
642 643 610347
643 644 518268
644 645 474075
645 646 876531
646 647 867625
647 648 775878
648 649 492887
649 650 968289
650 651 508579
651 652 718875
652 653 51556
653 654 158868
654 655 633977
655 656 287028
656 657 863556
657 658 783073
658 659 592135
659 660 533816
660 661 190262
661 662 540696
662 663 649223
663 664 922420
664 665 367730
665 666 301509
666 667 81558
667 668 12737
668 669 2509
669 670 721321
670 671 813685
671 672 623829
672 673 206763
673 674 1254
674 675 951328
675 676 514461
676 677 479688
677 678 984198
678 679 769339
679 680 63228
680 681 256051
681 682 69978
682 683 511115
683 684 196515
684 685 990769
685 686 395895
686 687 183072
687 688 922090
688 689 646714
689 690 88092
690 691 404549
691 692 205081
692 693 311423
693 694 958646
694 695 339648
695 696 115829
696 697 4018
697 698 276780
698 699 173991
699 700 281563
700 701 593055
701 702 7365
702 703 625900
703 704 847038
704 705 414652
705 706 287109
706 707 550028
707 708 831894
708 709 566663
709 710 680918
710 711 438721
711 712 898780
712 713 626153
713 714 541679
714 715 587479
715 716 820634
716 717 29699
717 718 627858
718 719 280777
719 720 813803
720 721 809201
721 722 418778
722 723 487658
723 724 524194
724 725 854298
725 726 816786
726 727 94482
727 728 977019
728 729 32067
729 730 959568
730 731 553413
731 732 181228
732 733 833729
733 734 661370
734 735 720007
735 736 376493
736 737 753573
737 738 547609
738 739 949849
739 740 233719
740 741 764525
741 742 101342
742 743 449412
743 744 676279
744 745 914401
745 746 414883
746 747 17412
747 748 560548
748 749 716325
749 750 796259
750 751 617293
751 752 70277
752 753 630840
753 754 577838
754 755 455774
755 756 1156
756 757 302859
757 758 99662
758 759 876388
759 760 567394
760 761 294122
761 762 424418
762 763 38795
763 764 623059
764 765 436829
765 766 884933
766 767 845078
767 768 399170
768 769 322817
769 770 655924
770 771 974033
771 772 646646
772 773 503010
773 774 651922
774 775 73688
775 776 621033
776 777 336300
777 778 931554
778 779 998720
779 780 441448
780 781 525535
781 782 964714
782 783 976012
783 784 947654
784 785 374895
785 786 959578
786 787 960226
787 788 582554
788 789 79532
789 790 31179
790 791 707571
791 792 449
792 793 530837
793 794 161038
794 795 984719
795 796 421473
796 797 89727
797 798 23248
798 799 167047
799 800 662864
800 801 753396
801 802 394158
802 803 957267
803 804 456819
804 805 182344
805 806 526069
806 807 608771
807 808 102952
808 809 330360
809 810 174523
810 811 289681
811 812 652163
812 813 753714
813 814 561603
814 815 60732
815 816 193350
816 817 576520
817 818 412639
818 819 908064
819 820 609130
820 821 137534
821 822 456816
822 823 421598
823 824 410927
824 825 520499
825 826 897581
826 827 535854
827 828 707408
828 829 15527
829 830 846342
830 831 148048
831 832 47360
832 833 349464
833 834 254182
834 835 946647
835 836 288042
836 837 322336
837 838 861266
838 839 484513
839 840 96722
840 841 191641
841 842 600126
842 843 812125
843 844 291802
844 845 949304
845 846 553095
846 847 84951
847 848 989099
848 849 308116
849 850 307486
850 851 636251
851 852 298513
852 853 322565
853 854 463800
854 855 632263
855 856 829663
856 857 677799
857 858 176015
858 859 368060
859 860 495700
860 861 742190
861 862 874869
862 863 109925
863 864 324341
864 865 227792
865 866 999038
866 867 302337
867 868 94619
868 869 572084
869 870 828642
870 871 320595
871 872 225604
872 873 81047
873 874 212000
874 875 735370
875 876 945502
876 877 967394
877 878 137908
878 879 894702
879 880 980835
880 881 740054
881 882 462655
882 883 326720
883 884 444722
884 885 681132
885 886 730597
886 887 586896
887 888 453815
888 889 477577
889 890 462892
890 891 357019
891 892 884402
892 893 786163
893 894 920796
894 895 222205
895 896 777231
896 897 490314
897 898 524538
898 899 924415
899 900 160125
900 901 22768
901 902 218222
902 903 48368
903 904 665146
904 905 109070
905 906 306872
906 907 762417
907 908 36114
908 909 717509
909 910 339325
910 911 938808
911 912 351366
912 913 517774
913 914 878121
914 915 293834
915 916 910772
916 917 734742
917 918 348388
918 919 22596
919 920 546502
920 921 955785
921 922 328406
922 923 528731
923 924 461482
924 925 908502
925 926 266329
926 927 198576
927 928 437274
928 929 908870
929 930 274000
930 931 289901
931 932 695397
932 933 777655
933 934 729213
934 935 24911
935 936 93131
936 937 792477
937 938 7396
938 939 247788
939 940 518419
940 941 157187
941 942 344153
942 943 535966
943 944 625321
944 945 698762
945 946 708010
946 947 713902
947 948 722298
948 949 675265
949 950 452212
951 952 55312
952 953 800891
953 954 72089
954 955 847613
955 956 457968
956 957 464193
957 958 967320
958 959 66848
959 960 83626
960 961 991667
961 962 243285
962 963 305305
963 964 637986
964 965 489533
965 966 232368
966 967 608104
967 968 697310
968 969 669566
969 970 1537
970 971 416779
971 972 384610
972 973 67224
973 974 208978
974 975 386526
975 976 881801
976 977 735313
977 978 358551
978 979 15057
979 980 443644
980 981 919085
981 982 524815
982 983 937896
983 984 211087
984 985 222545
985 986 266804
986 987 746168
987 988 797327
988 989 171217
989 990 938989
990 991 87481
991 992 157173
992 993 85451
993 994 85294
994 995 483552
995 996 466393
996 997 669128
997 998 656344
998 999 137245
999 1000 156668
1000 1001 791370
1001 1002 273430
1002 1003 6451
1003 1004 760571
1004 1005 751200
1005 1006 569322
1006 1007 609343
1007 1008 629794
1008 1009 288782
1009 1010 565329
1010 1011 237522
1011 1012 890296
1012 1013 328415
1013 1014 500065
1014 1015 368890
1015 1016 667909
1016 1017 662322
1017 1018 637247
1018 1019 952585
1019 1020 10350
1020 1021 602847
1021 1022 804255
1022 1023 86408
1023 1024 888136
1024 1025 211405
1025 1026 212668
1026 1027 541365
1027 1028 521403
1028 1029 944864
1029 1030 572844
1030 1031 950564
1031 1032 72169
1032 1033 605239
1033 1034 362768
1034 1035 854354
1035 1036 923544
1036 1037 920648
1037 1038 335174
1038 1039 297345
1039 1040 795862
1040 1041 643002
1041 1042 372551
1042 1043 30752
1043 1044 552134
1044 1045 254336
1045 1046 977611
1046 1047 766594
1047 1048 505310
1048 1049 608882
1049 1050 342272
1050 1051 440190
1051 1052 673196
1052 1053 545983
1053 1054 40541
1054 1055 213650
1055 1056 164407
1056 1057 407451
1057 1058 608140
1058 1059 890969
1059 1060 261494
1060 1061 997362
1061 1062 874615
1062 1063 986496
1063 1064 494934
1064 1065 786511
1065 1066 845568
1066 1067 279591
1067 1068 218175
1068 1069 605061
1069 1070 91610
1070 1071 30017
1071 1072 750197
1072 1073 923239
1073 1074 676335
1074 1075 357369
1075 1076 447570
1076 1077 865595
1077 1078 79185
1078 1079 120994
1079 1080 435822
1080 1081 537829
1081 1082 16118
1082 1083 399531
1083 1084 364885
1084 1085 628214
1085 1086 505568
1086 1087 421117
1087 1088 725603
1088 1089 178838
1089 1090 139383
1090 1091 39843
1091 1092 841822
1092 1093 502914
1093 1094 830863
1094 1095 173569
1095 1096 41831
1096 1097 210427
1097 1098 405532
1098 1099 515877
1099 1100 869969
1100 1101 226764
1101 1102 654197
1102 1103 976104
1103 1104 875777
1104 1105 471310
1105 1106 716021
1106 1107 46372
1107 1108 100934
1108 1109 718258
1109 1110 826180
1110 1111 146796
1111 1112 955739
1112 1113 572378
1113 1114 503150
1114 1115 692591
1115 1116 953664
1116 1117 738627
1117 1118 338846
1118 1119 450221
1119 1120 525770
1120 1121 237293
1121 1122 190513
1122 1123 210608
1123 1124 95352
1124 1125 331546
1125 1126 500142
1126 1127 129607
1127 1128 388698
1128 1129 885260
1129 1130 742000
1130 1131 651044
1131 1132 141858
1132 1133 951767
1133 1134 399939
1134 1135 132971
1135 1136 340041
1137 1138 371330
1138 1139 626248
1139 1140 443856
1140 1141 578456
1141 1142 156358
1142 1143 513246
1143 1144 324815
1144 1145 210885
1145 1146 239547
1146 1147 221187
1147 1148 243819
1148 1149 114312
1149 1150 506381
1150 1151 500281
1151 1152 822222
1152 1153 822937
1153 1154 469667
1154 1155 921951
1155 1156 78914
1156 1157 345831
1157 1158 360491
1158 1159 820956
1159 1160 489219
1160 1161 816940
1161 1162 319108
1162 1163 268192
1163 1164 756058
1164 1165 10334
1165 1166 198945
1166 1167 618476
1167 1168 128372
1168 1169 852534
1169 1170 317202
1170 1171 705849
1172 1173 165261
1173 1174 698034
1174 1175 912270
1175 1176 452874
1176 1177 50979
1177 1178 123064
1178 1179 998652
1179 1180 682225
1180 1181 229979
1181 1182 297450
1182 1183 133308
1183 1184 327734
1184 1185 886466
1185 1186 862439
1186 1187 713767
1187 1188 308863
1188 1189 426627
1189 1190 869223
1190 1191 219666
1191 1192 851185
1192 1193 725410
1193 1194 931001
1194 1195 488399
1195 1196 641145
1196 1197 1050
1197 1198 605928
1198 1199 21068
1199 1200 830239
1200 1201 497688
1201 1202 915023
1202 1203 201400
1203 1204 826167
1204 1205 203619
1205 1206 143676
1206 1207 880412
1207 1208 22521
1208 1209 376400
1209 1210 246907
1210 1211 487338
1211 1212 255018
1212 1213 24024
1213 1214 721149
1214 1215 490260
1215 1216 740979
1216 1217 351664
1217 1218 974699
1218 1219 334761
1219 1220 299592
1220 1221 57856
1221 1222 931667
1222 1223 326880
1223 1224 824026
1224 1225 398595
1225 1226 743483
1226 1227 334916
1227 1228 914995
1228 1229 679124
1229 1230 220035
1230 1231 236507
1231 1232 323493
1232 1233 792405
1233 1234 493989
1234 1235 986150
1235 1236 921565
1236 1237 21582
1237 1238 194494
1238 1239 516952
1239 1240 889700
1240 1241 255326
1241 1242 246674
1242 1243 275296
1243 1244 659442
1244 1245 471956
1245 1246 589573
1246 1247 491139
1247 1248 838141
1248 1249 613110
1249 1250 197119
1250 1251 164989
1251 1252 822780
1252 1253 835888
1253 1254 764109
1254 1255 629185
1255 1256 143172
1256 1257 712118
1257 1258 249578
1258 1259 295337
1259 1260 267375
1260 1261 129363
1261 1262 486032
1262 1263 686107
1263 1264 170713
1264 1265 574499
1265 1266 88475
1266 1267 696388
1267 1268 953620
1268 1269 422457
1269 1270 603927
1270 1271 917507
1271 1272 574422
1272 1273 789312
1273 1274 963407
1274 1275 803608
1275 1276 462464
1276 1277 212524
1277 1278 639859
1278 1279 932499
1279 1280 131412
1280 1281 398921
1281 1282 81984
1282 1283 417244
1283 1284 575051
1284 1285 156054
1285 1286 556800
1286 1287 246547
1287 1288 166919
1288 1289 22224
1289 1290 560775
1290 1291 408862
1291 1292 603814
1292 1293 495982
1293 1294 722591
1294 1295 871279
1295 1296 352859
1296 1297 881386
1297 1298 276276
1298 1299 441849
1299 1300 834551
1300 1301 443671
1301 1302 929593
1302 1303 808998
1303 1304 590515
1304 1305 65886
1305 1306 631093
1306 1307 583010
1307 1308 710042
1308 1309 904673
1309 1310 774350
1310 1311 145073
1311 1312 683876
1312 1313 28198
1313 1314 835888
1314 1315 400594
1315 1316 512005
1316 1317 743372
1317 1318 618350
1318 1319 901341
1319 1320 749681
1320 1321 600005
1321 1322 334041
1322 1323 326582
1323 1324 973230
1324 1325 195490
1325 1326 515713
1326 1327 217011
1327 1328 319688
1328 1329 180058
1329 1330 740867
1330 1331 732740
1331 1332 388176
1332 1333 351281
1333 1334 299816
1334 1335 563581
1335 1336 789278
1336 1337 964446
1337 1338 345595
1338 1339 306455
1339 1340 193062
1340 1341 124741
1341 1342 584935
1342 1343 264365
1343 1344 674895
1344 1345 502904
1345 1346 537282
1346 1347 539866
1347 1348 42038
1348 1349 96259
1349 1350 440998
1350 1351 350648
1351 1352 951855
1352 1353 179564
1353 1354 818257
1354 1355 737008
1355 1356 902154
1356 1357 801686
1357 1358 540373
1358 1359 899058
1359 1360 814071
1360 1361 176248
1361 1362 684190
1362 1363 105327
1363 1364 340691
1364 1365 662984
1365 1366 351146
1366 1367 382309
1367 1368 409035
1368 1369 839502
1369 1370 987778
1370 1371 531101
1371 1372 481610
1372 1373 243688
1373 1374 815061
1374 1375 628036
1375 1376 920013
1376 1377 678750
1377 1378 783003
1378 1379 739965
1379 1380 438371
1380 1381 902177
1381 1382 542609
1382 1383 605075
1383 1384 238366
1384 1385 367299
1385 1386 760316
1386 1387 597258
1387 1388 652139
1388 1389 846063
1389 1390 211644
1390 1391 973976
1391 1392 878237
1392 1393 2272
1393 1394 791252
1394 1395 4177
1395 1396 732532
1396 1397 715083
1397 1398 137053
1398 1399 861292
1399 1400 748922
1400 1401 603046
1401 1402 29319
1402 1403 552814
1403 1404 579088
1404 1405 584593
1405 1406 793658
1406 1407 261815
1407 1408 462091
1408 1409 303311
1409 1410 982603
1410 1411 181082
1411 1412 34721
1412 1413 102601
1413 1414 123745
1414 1415 302349
1415 1416 947111
1416 1417 37727
1417 1418 997308
1418 1419 478167
1419 1420 385758
1420 1421 599076
1421 1422 247382
1422 1423 767862
1423 1424 126629
1424 1425 400094
1425 1426 845840
1426 1427 175888
1427 1428 113683
1428 1429 127596
1429 1430 814916
1430 1431 58828
1431 1432 502263
1432 1433 484334
1433 1434 975315
1434 1435 195944
1435 1436 535638
1436 1437 976506
1437 1438 123182
1438 1439 745539
1439 1440 117072
1440 1441 188151
1441 1442 39386
1442 1443 33102
1443 1444 509935
1444 1445 199969
1445 1446 471137
1446 1447 936665
1447 1448 542893
1448 1449 749415
1449 1450 979412
1450 1451 508435
1451 1452 876271
1452 1453 323587
1453 1454 462311
1454 1455 646209
1455 1456 819179
1456 1457 943402
1457 1458 245963
1458 1459 530106
1459 1460 99498
1460 1461 292635
1461 1462 231412
1462 1463 890654
1463 1464 112747
1464 1465 12327
1465 1466 433735
1466 1467 598347
1467 1468 797937
1468 1469 30066
1469 1470 493956
1470 1471 70276
1471 1472 311139
1472 1473 147919
1473 1474 849147
1474 1475 311024
1475 1476 61416
1476 1477 799176
1477 1478 419998
1478 1479 325772
1479 1480 905872
1480 1481 362494
1481 1482 598228
1482 1483 638418
1483 1484 369442
1484 1485 119518
1485 1486 513280
1486 1487 715295
1487 1488 763051
1488 1489 465767
1489 1490 628724
1490 1491 646639
1491 1492 483239
1492 1493 916270
1493 1494 15590
1494 1495 746443
1495 1496 440886
1496 1497 354250
1497 1498 362187
1498 1499 734461
1499 1500 730019
1500 1501 475158
1501 1502 24740
1502 1503 520316
1503 1504 650569
1504 1505 280684
1505 1506 520684
1506 1507 651817
1507 1508 57044
1508 1509 237778
1509 1510 677139
1510 1511 95476
1511 1512 744109
1512 1513 527277
1513 1514 484929
1514 1515 351295
1515 1516 198550
1516 1517 426484
1517 1518 604611
1518 1519 890321
1519 1520 345087
1520 1521 504612
1521 1522 342445
1522 1523 619696
1523 1524 902047
1524 1525 146514
1525 1526 929288
1526 1527 655161
1527 1528 483401
1528 1529 355022
1529 1530 609823
1530 1531 683898
1531 1532 85371
1532 1533 523907
1533 1534 921904
1534 1535 604344
1535 1536 507521
1536 1537 121761
1537 1538 101018
1538 1539 524834
1539 1540 538986
1540 1541 802501
1541 1542 793574
1542 1543 51641
1543 1544 2775
1544 1545 953068
1545 1546 688269
1546 1547 713951
1547 1548 923182
1548 1549 238133
1549 1550 336603
1550 1551 229836
1551 1552 746116
1552 1553 587931
1553 1554 816938
1554 1555 308724
1555 1556 483452
1556 1557 458723
1557 1558 953069
1558 1559 279690
1559 1560 277627
1560 1561 22329
1561 1562 47037
1562 1563 423370
1563 1564 129034
1564 1565 116995
1565 1566 797802
1566 1567 838416
1567 1568 654842
1568 1569 176952
1569 1570 32872
1570 1571 361637
1571 1572 91684
1572 1573 51232
1573 1574 398502
1574 1575 166451
1575 1576 185827
1576 1577 581300
1577 1578 696378
1578 1579 177249
1579 1580 190903
1580 1581 985419
1581 1582 767935
1582 1583 665404
1583 1584 835981
1584 1585 853019
1585 1586 303183
1586 1587 274827
1587 1588 622462
1588 1589 420844
1589 1590 581566
1590 1591 884714
1591 1592 286115
1592 1593 541344
1593 1594 286997
1594 1595 230074
1595 1596 4747
1596 1597 867302
1597 1598 117986
1598 1599 476746
1599 1600 34513
1600 1601 201427
1601 1602 833035
1602 1603 93469
1603 1604 625676
1604 1605 488897
1605 1606 105817
1606 1607 447930
1607 1608 202075
1608 1609 941083
1609 1610 715195
1610 1611 886116
1611 1612 718873
1612 1613 310393
1613 1614 209115
1614 1615 894094
1615 1616 209432
1616 1617 502474
1617 1618 51845
1618 1619 547150
1619 1620 294258
1620 1621 650115
1621 1622 913163
1622 1623 489944
1623 1624 949587
1624 1625 788178
1625 1626 882051
1626 1627 335198
1627 1628 41586
1628 1629 983096
1629 1630 895702
1630 1631 745445
1631 1632 840932
1632 1633 939528
1633 1634 592317
1634 1635 61274
1635 1636 118060
1636 1637 553596
1637 1638 88038
1638 1639 867219
1639 1640 196223
1640 1641 791407
1641 1642 23692
1642 1643 956891
1643 1644 979748
1644 1645 698620
1645 1646 490803
1646 1647 735338
1647 1648 59351
1648 1649 649381
1649 1650 838459
1650 1651 361018
1651 1652 661248
1652 1653 354179
1653 1654 511503
1654 1655 225418
1655 1656 261404
1656 1657 765504
1657 1658 122137
1658 1659 871653
1659 1660 709931
1660 1661 679752
1661 1662 969836
1662 1663 353165
1663 1664 3165
1664 1665 437138
1665 1666 851670
1666 1667 78374
1667 1668 319533
1668 1669 812389
1669 1670 968048
1670 1671 645113
1671 1672 69164
1672 1673 674010
1673 1674 879927
1674 1675 564281
1675 1676 100990
1676 1677 309275
1677 1678 107389
1678 1679 688800
1679 1680 199588
1680 1681 339686
1681 1682 800449
1682 1683 643740
1683 1684 915058
1684 1685 832933
1685 1686 536307
1686 1687 250144
1687 1688 66248
1688 1689 346178
1689 1690 343329
1690 1691 290593
1691 1692 651259
1692 1693 358013
1693 1694 665366
1694 1695 982196
1695 1696 962751
1696 1697 14707
1697 1698 198362
1698 1699 938213
1699 1700 356126
1700 1701 167241
1701 1702 499249
1702 1703 884913
1703 1704 853224
1704 1705 313894
1705 1706 436332
1706 1707 85313
1707 1708 583616
1708 1709 640299
1709 1710 113260
1710 1711 573263
1711 1712 628583
1712 1713 522489
1713 1714 967604
1714 1715 563525
1715 1716 682403
1716 1717 543506
1717 1718 936546
1718 1719 676735
1719 1720 413975
1720 1721 71003
1721 1722 397156
1722 1723 849890
1723 1724 98823
1724 1725 398341
1725 1726 6883
1726 1727 160669
1727 1728 116961
1728 1729 842141
1729 1730 843769
1730 1731 328161
1731 1732 430546
1732 1733 861681
1733 1734 353932
1734 1735 444125
1735 1736 348970
1736 1737 126369
1737 1738 161712
1738 1739 520143
1739 1740 613869
1740 1741 870130
1741 1742 252679
1742 1743 343292
1743 1744 747068
1744 1745 904336
1745 1746 920426
1746 1747 458668
1747 1748 106853
1748 1749 918896
1749 1750 566969
1750 1751 216745
1751 1752 561816
1752 1753 495914
1753 1754 510090
1754 1755 672965
1755 1756 487393
1756 1757 842456
1757 1758 643392
1758 1759 789641
1759 1760 91576
1760 1761 397215
1761 1762 62333
1762 1763 954646
1763 1764 523298
1764 1765 336109
1765 1766 550018
1766 1767 345197
1767 1768 362734
1768 1769 45084
1769 1770 132597
1770 1771 315565
1771 1772 450350
1772 1773 606216
1773 1774 733562
1774 1775 396134
1775 1776 147490
1776 1777 352498
1777 1778 914793
1778 1779 922175
1779 1780 641749
1780 1781 241019
1781 1782 560010
1782 1783 116661
1783 1784 314628
1784 1785 813702
1785 1786 478824
1786 1787 821922
1787 1788 28766
1788 1789 809339
1789 1790 772648
1790 1791 556978
1791 1792 824331
1792 1793 108195
1793 1794 515921
1794 1795 452972
1795 1796 14029
1796 1797 359634
1797 1798 260027
1798 1799 209478
1799 1800 734749
1800 1801 240343
1801 1802 93010
1802 1803 358876
1803 1804 454354
1804 1805 510321
1805 1806 841733
1806 1807 413232
1807 1808 793483
1808 1809 764827
1809 1810 18344
1810 1811 482059
1811 1812 762394
1812 1813 723728
1813 1814 142788
1814 1815 794687
1815 1816 456430
1816 1817 906361
1817 1818 397248
1818 1819 591774
1819 1820 407797
1820 1821 829493
1821 1822 699879
1822 1823 398406
1823 1824 647959
1824 1825 88041
1825 1826 506092
1826 1827 856884
1827 1828 157523
1828 1829 735490
1829 1830 62762
1830 1831 640115
1831 1832 529627
1832 1833 150613
1833 1834 650155
1834 1835 947082
1835 1836 388416
1836 1837 753279
1837 1838 418351
1838 1839 611837
1839 1840 747039
1840 1841 952066
1841 1842 462213
1842 1843 165154
1843 1844 677763
1844 1845 45861
1845 1846 206721
1846 1847 883772
1847 1848 341457
1848 1849 739032
1849 1850 726365
1850 1851 324540
1851 1852 248608
1852 1853 991361
1853 1854 988293
1854 1855 124697
1855 1856 98840
1856 1857 823051
1857 1858 303554
1858 1859 985856
1859 1860 965517
1860 1861 837994
1861 1862 618382
1862 1863 218873
1863 1864 963355
1864 1865 357829
1865 1866 475955
1866 1867 72677
1867 1868 990927
1868 1869 350665
1869 1870 961946
1870 1871 812763
1871 1872 266077
1872 1873 918621
1873 1874 49841
1874 1875 863683
1875 1876 490052
1876 1877 722926
1877 1878 914642
1878 1879 373517
1879 1880 765250
1880 1881 653536
1881 1882 767775
1882 1883 409186
1883 1884 145738
1884 1885 559108
1885 1886 516228
1886 1887 741111
1887 1888 178691
1888 1889 870863
1889 1890 801948
1890 1891 618850
1891 1892 989027
1892 1893 715507
1893 1894 900235
1894 1895 838208
1895 1896 443484
1896 1897 76575
1897 1898 254679
1898 1899 840093
1899 1900 583380
1900 1901 592500
1901 1902 900703
1902 1903 589399
1903 1904 453033
1904 1905 673627
1905 1906 476047
1906 1907 14881
1907 1908 907346
1908 1909 675179
1909 1910 547146
1910 1911 281770
1911 1912 863800
1912 1913 596651
1913 1914 409008
1914 1915 313292
1915 1916 264556
1916 1917 903633
1917 1918 350603
1918 1919 760129
1919 1920 845910
1920 1921 999812
1921 1922 697554
1922 1923 71260
1923 1924 566420
1924 1925 57451
1925 1926 467512
1926 1927 532275
1927 1928 417908
1928 1929 204639
1929 1930 882811
1930 1931 387349
1931 1932 307096
1932 1933 585914
1933 1934 429886
1934 1935 760882
1935 1936 768307
1936 1937 826395
1937 1938 765156
1938 1939 837379
1939 1940 794001
1940 1941 752880
1941 1942 157216
1942 1943 388763
1943 1944 748142
1944 1945 384201
1945 1946 193427
1946 1947 885434
1947 1948 530767
1948 1949 403657
1949 1950 662101
1950 1951 551500
1951 1952 598893
1952 1953 629520
1953 1954 711135
1954 1955 673489
1955 1956 737021
1956 1957 530168
1957 1958 49196
1958 1959 802462
1959 1960 890998
1960 1961 667727
1961 1962 653252
1962 1963 585717
1963 1964 345169
1964 1965 256147
1965 1966 141985
1966 1967 108400
1967 1968 75718
1968 1969 172366
1969 1970 575653
1970 1971 206357
1971 1972 51140
1972 1973 42587
1973 1974 517092
1974 1975 441549
1975 1976 806583
1976 1977 443408
1977 1978 412680
1978 1979 427498
1979 1980 512754
1980 1981 236424
1981 1982 923200
1982 1983 342557
1983 1984 666929
1984 1985 650914
1985 1986 973565
1986 1987 250229
1987 1988 767431
1988 1989 132633
1989 1990 869770
1990 1991 951095
1991 1992 883509
1992 1993 945187
1993 1994 926571
1994 1995 649168
1995 1996 135443
1996 1997 842943
1997 1998 61137
1998 1999 301359
1999 2000 481915
2000 2001 720360
2001 2002 129490
2002 2003 912069
2003 2004 751839
2004 2005 74923
2005 2006 748925
2006 2007 848066
2007 2008 965232
2008 2009 432617
2009 2010 82048
2010 2011 804390
2011 2012 93656
2012 2013 480435
2013 2014 406671
2014 2015 699937
2015 2016 575115
2016 2017 81007
2017 2018 724030
2018 2019 601885
2019 2020 210160
2020 2021 959172
2021 2022 716376
2022 2023 301651
2023 2024 109971
2024 2025 739347
2025 2026 763012
2026 2027 143171
2027 2028 601719
2028 2029 225497
2029 2030 980260
2030 2031 448360
2031 2032 88790
2032 2033 857531
2033 2034 112410
2034 2035 826296
2035 2036 517825
2036 2037 111963
2037 2038 244066
2038 2039 620462
2039 2040 423526
2040 2041 645782
2041 2042 93246
2042 2043 836555
2043 2044 593857
2044 2045 934896
2045 2046 622995
2046 2047 998191
2047 2048 156084
2048 2049 759610
2049 2050 971300
2050 2051 389282
2051 2052 9413
2052 2053 302884
2053 2054 713259
2054 2055 244157
2055 2056 480594
2056 2057 65007
2057 2058 110665
2058 2059 235323
2059 2060 385574
2060 2061 565239
2061 2062 687902
2062 2063 622213
2063 2064 616892
2064 2065 597860
2065 2066 314257
2066 2067 933387
2067 2068 686812
2068 2069 65045
2069 2070 472268
2070 2071 89822
2071 2072 430457
2072 2073 836507
2073 2074 952811
2074 2075 953451
2075 2076 169229
2076 2077 359039
2077 2078 879388
2078 2079 100405
2079 2080 33101
2080 2081 142076
2081 2082 848371
2082 2083 64004
2083 2084 316823
2084 2085 273732
2085 2086 588406
2086 2087 949748
2087 2088 757723
2088 2089 397356
2089 2090 918634
2090 2091 849494
2091 2092 201348
2092 2093 639598
2093 2094 746711
2094 2095 810216
2095 2096 344777
2096 2097 34252
2097 2098 876194
2098 2099 595230
2099 2100 528227
2100 2101 412829
2101 2102 309747
2102 2103 814730
2103 2104 344582
2104 2105 355948
2105 2106 783616
2106 2107 213221
2107 2108 299972
2108 2109 859823
2109 2110 126670
2110 2111 307603
2111 2112 402922
2112 2113 678133
2113 2114 675901
2114 2115 749811
2115 2116 78808
2116 2117 531867
2117 2118 494303
2118 2119 675323
2119 2120 167903
2120 2121 777283
2121 2122 448835
2122 2123 109027
2123 2124 524463
2124 2125 698785
2125 2126 293161
2126 2127 106671
2127 2128 157286
2128 2129 368184
2129 2130 746744
2130 2131 891514
2131 2132 618573
2132 2133 840414
2133 2134 595049
2134 2135 436109
2135 2136 327483
2136 2137 883670
2137 2138 501816
2138 2139 21373
2139 2140 781620
2140 2141 900774
2141 2142 649126
2142 2143 487910
2143 2144 807438
2144 2145 783090
2145 2146 981346
2146 2147 772628
2147 2148 892725
2148 2149 896876
2149 2150 497217
2150 2151 875095
2151 2152 899474
2152 2153 413694
2153 2154 983928
2154 2155 125353
2155 2156 112189
2156 2157 207256
2157 2158 50219
2158 2159 171942
2159 2160 3992
2160 2161 315333
2161 2162 508556
2162 2163 171786
2163 2164 893350
2164 2165 133116
2165 2166 280541
2166 2167 456072
2167 2168 521302
2168 2169 294344
2169 2170 207558
2170 2171 138328
2171 2172 930927
2172 2173 238959
2173 2174 336624
2174 2175 915597
2175 2176 26808
2176 2177 662301
2177 2178 400508
2178 2179 857341
2179 2180 980328
2180 2181 3703
2181 2182 203463
2182 2183 521186
2183 2184 359179
2184 2185 301382
2185 2186 514471
2186 2187 203458
2187 2188 744766
2188 2189 201566
2189 2190 311490
2190 2191 174725
2191 2192 890726
2192 2193 700612
2193 2194 302355
2194 2195 755327
2195 2196 605398
2196 2197 594916
2197 2198 268216
2198 2199 18231
2199 2200 31828
2200 2201 662327
2201 2202 380469
2202 2203 449193
2203 2204 491560
2204 2205 635933
2205 2206 476446
2206 2207 152959
2207 2208 12446
2208 2209 358547
2209 2210 229751
2210 2211 419622
2211 2212 659409
2212 2213 761636
2213 2214 103543
2214 2215 976145
2215 2216 527794
2216 2217 505055
2217 2218 724079
2218 2219 552471
2219 2220 796481
2220 2221 904350
2221 2222 186422
2222 2223 653692
2223 2224 326160
2224 2225 275135
2225 2226 39644
2226 2227 829645
2227 2228 264950
2228 2229 483073
2229 2230 459184
2230 2231 647916
2231 2232 10605
2232 2233 266601
2233 2234 443966
2234 2235 96944
2235 2236 68997
2236 2237 939888
2237 2238 349004
2238 2239 329578
2239 2240 880498
2240 2241 252393
2241 2242 544075
2242 2243 901979
2243 2244 144569
2244 2245 635098
2245 2246 721355
2246 2247 761865
2247 2248 682063
2248 2249 87800
2249 2250 682054
2250 2251 802716
2251 2252 505058
2252 2253 268016
2253 2254 353170
2254 2255 792041
2255 2256 904041
2256 2257 413255
2257 2258 905539
2258 2259 705333
2259 2260 468438
2260 2261 118115
2261 2262 786650
2262 2263 722201
2263 2264 822895
2264 2265 127782
2265 2266 645584
2266 2267 684538
2267 2268 998176
2268 2269 971853
2269 2270 808114
2270 2271 669294
2271 2272 812700
2272 2273 174375
2273 2274 125422
2274 2275 707284
2275 2276 584298
2276 2277 150822
2277 2278 893759
2278 2279 843560
2279 2280 85747
2280 2281 141855
2281 2282 929164
2282 2283 646196
2283 2284 422749
2284 2285 573867
2285 2286 216801
2286 2287 258424
2287 2288 705568
2288 2289 382877
2289 2290 557265
2290 2291 158183
2291 2292 328692
2292 2293 705261
2293 2294 472520
2294 2295 21155
2295 2296 206538
2296 2297 222929
2297 2298 630774
2298 2299 669406
2299 2300 431757
2300 2301 988567
2301 2302 684229
2302 2303 491262
2303 2304 819904
2304 2305 30493
2305 2306 355369
2306 2307 958547
2307 2308 228869
2308 2309 101008
2309 2310 763491
2310 2311 881166
2311 2312 38556
2312 2313 633950
2313 2314 236489
2314 2315 637427
2315 2316 720036
2316 2317 747627
2317 2318 884855
2318 2319 489127
2319 2320 343130
2320 2321 564963
2321 2322 362723
2322 2323 868738
2323 2324 392032
2324 2325 658884
2325 2326 332372
2326 2327 350819
2327 2328 136428
2328 2329 538420
2329 2330 612433
2330 2331 172803
2331 2332 173233
2332 2333 609217
2333 2334 653940
2334 2335 65696
2335 2336 159200
2336 2337 923036
2337 2338 861320
2338 2339 845660
2339 2340 732652
2340 2341 337156
2341 2342 880375
2342 2343 306315
2343 2344 913367
2344 2345 149966
2345 2346 658771
2346 2347 448095
2347 2348 844675
2348 2349 823249
2349 2350 444492
2350 2351 374453
2351 2352 517954
2352 2353 621891
2353 2354 495748
2354 2355 301430
2355 2356 849920
2356 2357 12458
2357 2358 588894
2358 2359 296878
2359 2360 105720
2360 2361 13328
2361 2362 153583
2362 2363 85552
2363 2364 754042
2364 2365 374228
2365 2366 296457
2366 2367 313321
2367 2368 470694
2368 2369 100370
2369 2370 622484
2370 2371 557747
2371 2372 899914
2372 2373 820769
2373 2374 900472
2374 2375 917198
2375 2376 358529
2376 2377 944790
2377 2378 396405
2378 2379 798571
2379 2380 11086
2380 2381 91437
2381 2382 280864
2382 2383 374022
2383 2384 91890
2384 2385 106078
2385 2386 581395
2386 2387 317712
2387 2388 524308
2388 2389 809952
2389 2390 411110
2390 2391 268721
2391 2392 714502
2392 2393 548491
2393 2394 715986
2394 2395 68558
2395 2396 388028
2396 2397 864388
2397 2398 877624
2398 2399 572611
2399 2400 63771
2400 2401 965048
2401 2402 935436
2402 2403 383023
2403 2404 570983
2404 2405 541014
2405 2406 441030
2406 2407 133352
2407 2408 736487
2408 2409 442098
2409 2410 615808
2410 2411 925041
2411 2412 558553
2412 2413 306868
2413 2414 285840
2414 2415 922988
2415 2416 683208
2416 2417 234333
