1693 880
103 1231 835607
18 16 661446
821 833 255426
1570 294 80231
92 1271 936821
9 1039 958282
1242 995 980074
1353 1297 944577
462 1016 443417
185 1678 746430
337 465 967359
1558 563 302717
872 1527 198773
266 739 906591
1413 418 462322
590 591 229319
625 1675 347647
1359 115 635154
1394 469 195055
363 817 685681
607 128 473256
632 495 497089
868 216 488227
79 188 15423
886 487 5794
1386 1054 467109
156 865 403117
1326 1312 122598
442 1504 261721
596 693 23940
946 1266 338190
1346 1568 441188
851 837 179551
795 565 699752
519 481 341593
917 396 805038
1546 1131 822592
454 202 300260
784 1183 663709
389 1061 644893
15 1112 532599
1008 432 651238
214 744 209783
121 1097 47820
779 1503 455558
613 586 798087
1141 1043 581656
137 17 299275
993 1588 448461
1148 898 160200
1602 96 2831
875 777 341756
1355 174 119951
65 933 796554
1657 1446 646544
1060 607 60284
1226 1242 191728
367 1587 421828
107 837 114110
1401 482 953125
366 1590 588048
74 1580 624526
1205 1611 615155
894 1009 373863
998 1691 714097
487 1597 938133
146 1482 918879
1600 50 22063
1125 1417 673871
1124 186 431262
611 1167 656296
541 1354 98213
604 1271 969512
1111 1544 861347
1078 1620 896303
670 611 727771
41 709 496587
139 1335 83631
645 844 770685
1208 352 726765
563 1681 453851
1257 1471 46774
674 1535 451336
1495 1379 550438
696 1195 195207
503 231 862751
331 1035 333529
1297 1178 655690
646 773 155082
26 1664 954087
1583 996 349714
115 489 631681
1215 584 606343
441 1402 582423
868 8 457090
1586 1222 882123
791 1541 584324
1006 601 103436
545 1550 930006
402 539 926425
1454 488 43771
1039 1251 831819
248 981 668515
261 495 537553
1284 355 561055
44 1376 53653
1189 602 891669
1398 983 532472
46 105 429414
1041 1252 68604
290 1467 508448
548 1345 713914
1345 3 301785
1233 875 283688
554 930 582603
815 1279 620782
1135 813 509608
1056 283 716130
863 1643 395940
461 1135 257456
1153 846 94221
1062 1448 159833
1171 349 452993
1127 372 765944
1648 739 301398
1146 556 414683
1389 50 737523
57 1604 666725
1273 821 934702
364 1264 392906
1620 1580 788031
1165 962 33914
180 1542 361645
340 189 688183
715 825 850963
1014 1344 445511
243 520 188227
447 1340 957721
1558 1556 244279
340 1216 115353
1574 1231 796077
1256 1119 18108
474 1205 251227
1611 57 118590
1195 1531 746075
1680 863 96899
372 496 599328
1362 1058 968789
381 1275 101447
337 660 395423
521 467 674057
655 1159 46051
1120 315 214341
775 650 521739
161 194 636793
1127 1103 197878
720 149 854808
1674 364 385690
545 556 772807
378 842 344334
331 616 134283
72 855 978570
433 468 500608
229 152 476177
75 1195 823528
914 1216 389841
1485 594 749775
1029 351 217403
1396 633 19662
3 1264 105142
1531 706 593211
1050 233 14388
5 895 883390
1474 1083 818343
1040 521 730880
1556 392 617298
139 51 169919
113 1658 126805
1093 363 565194
477 1544 820223
367 958 946653
397 284 6983
844 908 124421
718 68 814108
283 333 898275
652 887 838164
478 193 126190
1159 920 228224
1315 620 125847
933 1569 630595
106 595 434296
119 667 373066
367 177 330320
1364 1595 898736
530 915 354916
275 674 119477
1546 810 243263
1534 266 490695
472 1282 596217
140 1222 301537
117 1531 559575
983 405 97495
1681 766 788238
1539 1587 815224
260 1544 451554
1640 1574 251657
356 1289 466252
336 1621 659327
481 1657 1233
1276 1211 60066
1005 1048 320243
249 22 491339
196 1211 95078
1487 1180 133504
1563 239 568855
657 1010 721737
1210 779 917687
990 980 865601
1104 1461 787143
1604 952 819480
1369 132 788704
1053 1510 338417
285 1032 573410
1207 737 938104
1460 604 397436
687 263 986313
1565 29 338060
146 646 708900
1602 774 530988
1031 727 506400
1241 74 212319
128 463 934228
1370 35 103837
687 1110 344400
1073 516 933201
746 1283 604396
1658 57 92176
1484 1082 152187
1647 1178 693122
524 1261 411132
1266 1363 700754
1607 1385 304282
701 992 126773
789 265 668960
151 1651 497704
217 272 805524
1349 63 182816
673 1304 806041
1418 1221 272986
1194 667 894853
1578 713 533336
1457 1300 108439
1199 1308 991612
587 110 924378
121 1501 103772
945 1278 608016
93 1617 161650
1486 1059 779778
650 1507 546565
624 276 908092
1569 1275 296578
346 109 502731
449 315 238149
1301 21 293483
812 1603 215358
1304 617 312813
930 280 564351
192 731 701553
1459 294 805020
377 16 636857
488 1499 853991
1357 633 982136
801 701 644539
312 1188 992106
847 729 566996
182 619 15987
362 785 591733
269 1115 535489
1548 820 590185
989 192 11559
360 822 130603
293 1015 54873
89 1464 317176
839 379 66744
1376 1408 205519
765 195 645246
649 27 569200
1060 330 219395
1651 362 571332
1526 433 499753
419 1045 172246
520 540 231409
1367 1186 87837
48 282 966979
1473 1555 333062
622 1093 526594
527 384 700438
1067 1217 739130
1223 230 113547
1109 887 592961
509 1018 140167
1666 697 523791
798 1282 696973
254 280 730440
953 125 541370
1078 1450 848484
1174 1350 215596
1497 1305 77929
1134 1377 75423
591 209 269939
1635 1258 325520
1132 81 112796
1434 1512 807545
1021 599 150327
1098 174 744942
1530 1004 572016
1200 1520 529160
444 1456 899059
1417 1672 39173
1570 904 310830
749 937 669758
1236 1286 20010
1125 1414 419175
839 898 747741
1510 16 405936
490 616 93060
1617 245 461725
633 860 182919
465 342 959672
1157 596 672787
1055 1317 975967
1475 760 433401
1194 658 324005
1626 1297 185146
923 1296 339025
47 863 100419
1616 772 21096
977 1085 841971
952 600 482069
1022 1301 189978
1611 714 234370
717 1363 448578
844 74 470511
721 66 423343
1658 916 538781
725 943 803847
828 1487 405886
722 446 416646
99 1627 182045
615 258 571037
480 207 353576
474 115 122215
1549 1175 372480
1642 431 382985
459 1585 797465
1323 195 651500
1497 1121 621338
218 1306 519524
1242 1620 844578
466 1045 472512
1405 488 868512
1332 1247 750103
322 1457 77467
684 1526 462428
428 1396 416463
247 818 38432
1196 273 325326
1410 1671 278433
253 146 57145
876 603 517293
412 74 296189
938 1658 332209
1275 901 696338
1556 1570 244455
1213 1610 217199
974 319 862653
503 1493 694853
490 1388 14423
727 1580 266743
900 1004 989396
1601 1438 860287
166 1303 200884
1127 1464 669020
650 383 276431
477 733 385526
1402 1524 426910
1417 1288 23891
740 586 270381
601 842 634342
176 1279 548339
909 1683 907260
752 677 646197
82 152 979729
532 1366 88139
1294 607 592210
1219 461 733163
720 1039 804426
540 1590 877769
1171 726 73575
1060 1265 726858
924 1351 231815
69 1017 622551
212 542 78248
1395 178 192886
961 296 365791
598 1531 881168
1228 747 256571
797 1594 435795
615 303 679286
307 1006 353102
66 1488 691968
1177 1669 271099
704 553 573952
379 923 368307
36 795 520489
623 839 847480
1306 505 143945
772 1517 603686
1040 1664 627208
1555 1368 752562
1577 1678 961855
135 1073 671475
1013 24 940545
1515 1392 281173
1574 259 772323
591 493 934735
705 79 591487
250 1618 195737
274 916 175027
75 171 381482
156 845 939080
619 307 197589
272 1615 204360
241 602 593152
703 1189 14748
901 930 325308
1010 1290 124808
551 501 64891
455 1170 444504
538 751 626602
754 1299 470693
333 1087 791421
142 729 282188
717 1446 584156
1651 933 498599
869 713 529386
205 595 354473
491 63 408393
212 176 733618
113 889 908596
1302 845 341626
528 1481 406503
204 148 383079
135 608 79119
1526 1315 25997
1095 1008 898197
898 220 319586
35 284 569123
36 910 62929
1438 43 590813
60 950 934967
66 56 111049
733 734 397660
1395 415 349290
1123 753 202906
1341 773 914947
1653 396 874770
578 1332 853168
1014 609 361053
1332 419 920415
3 721 226492
1397 585 119455
1065 555 209559
1265 1532 46424
1512 917 992881
1242 783 578778
615 949 625494
1387 670 941612
360 1315 122510
656 1062 257134
1426 1570 884540
1004 558 912532
1096 1565 984193
937 1179 329822
971 993 933432
81 274 247893
446 456 526237
1618 204 148155
681 74 228214
141 1202 404280
109 583 418243
354 403 801967
1413 1370 205862
116 1539 93726
495 376 254988
1001 1321 881681
522 498 8792
267 334 446477
1450 271 751073
1144 1218 251857
567 1372 901077
1401 680 363815
501 567 270862
236 570 557039
1042 798 49556
1434 241 279138
1074 626 665671
633 155 663881
891 129 597503
187 175 854110
573 1056 498720
661 1234 959725
112 161 89678
381 249 120258
1500 949 300954
113 1470 271443
952 1581 735493
346 461 209764
399 1319 115255
702 703 605755
442 402 363136
1004 1132 391831
294 236 289148
902 1443 392229
45 719 307070
1070 1120 880460
1556 505 580284
1506 481 474746
782 61 330781
1286 873 296885
337 1489 174745
419 1188 16852
1055 1285 254778
608 1156 418689
111 406 188414
1609 894 750500
56 1358 769143
448 524 393239
1328 1194 682803
1216 1072 41766
1182 1375 464605
712 12 157968
593 1332 325905
1066 1109 741667
580 1390 450528
1134 147 909277
1624 867 219348
1475 166 887704
97 826 231585
1439 1000 752466
146 158 466789
239 397 264641
277 1009 676777
1617 9 555325
883 557 75196
79 1296 387706
1593 664 518572
1273 1389 667035
349 881 29230
1056 72 309394
214 122 303397
931 743 354686
903 385 915476
292 1319 129149
1401 1062 396338
427 1194 83456
1420 1657 718373
863 1552 343722
463 994 647551
131 934 265436
1555 976 498018
7 1266 86404
1384 128 264325
1185 699 257934
1467 1108 406096
873 1686 236244
220 1680 332827
1215 1507 864085
912 1251 215145
1310 1378 142109
91 1491 970037
1628 391 11469
1004 697 733400
445 1297 956261
706 1299 383696
1597 266 456438
738 424 303264
547 1689 921683
945 1367 884732
956 776 768997
10 1482 770301
1465 1162 507842
815 1079 289466
781 1418 787756
1189 744 250231
667 1043 541348
906 1195 203883
783 104 386033
168 1018 154444
976 107 144833
380 829 474094
144 611 68138
509 984 750711
249 547 951154
1026 915 408148
993 448 564527
884 583 694398
954 30 632312
1251 1210 974372
406 1649 907762
312 148 574253
643 248 827113
290 1574 113562
376 1392 712276
1551 744 779590
680 251 16389
585 701 967944
460 770 37000
1375 864 564001
732 11 761467
1293 837 226394
1235 1550 558497
1517 425 56177
196 443 255939
547 825 605948
269 671 653003
867 1341 996034
47 321 250294
134 120 771963
538 124 797283
965 967 194261
1244 254 503246
630 611 938405
1220 1158 987068
1000 853 903166
56 1357 217407
1188 32 558513
1306 725 237546
87 114 830282
1011 895 68704
1521 1662 833006
1482 1010 737738
565 1256 701422
867 1213 244560
6 770 787296
1519 113 264876
1643 115 761747
146 1248 260420
1164 1331 335949
1328 219 541688
907 1311 962395
56 610 920534
290 738 225207
1382 985 521132
705 479 671238
216 709 13050
1428 591 361778
17 628 322010
1685 811 137553
737 43 580938
1596 1222 849014
600 1264 516247
1238 558 843702
348 513 836227
340 1444 331372
219 1631 428169
471 1102 650618
1590 371 685373
1652 1017 404915
1237 529 966297
1125 1043 31782
596 1218 705739
437 1418 114325
588 209 994212
665 604 514732
180 1278 74230
420 458 797895
676 1570 119044
753 958 103698
292 938 858838
538 1457 352007
450 1436 113267
219 1119 588057
438 737 47385
665 446 201173
632 1164 635792
1272 442 285149
777 1315 713976
120 186 38589
876 1338 715143
225 1026 279877
1584 1662 969989
384 1371 107278
982 1647 897285
676 543 534966
603 169 424683
1012 612 241022
712 403 904121
1080 1416 724995
1086 1186 453162
1068 1030 216775
1541 274 501582
1003 1401 795660
1691 1048 306684
997 1576 321196
263 788 869859
73 1078 108928
468 1124 667341
717 983 687458
868 611 936631
1620 1196 301924
109 1241 76098
665 488 219059
182 752 458160
952 292 58257
205 229 943977
1536 535 24724
1063 861 571288
1241 711 631266
1449 447 406537
14 82 301662
1676 1003 236915
162 1093 913300
419 948 594044
561 956 981996
688 1356 823671
1561 296 515327
960 392 609390
213 1217 599787
402 199 966856
876 153 683858
572 1487 908339
696 70 126745
561 1665 317318
1598 508 927722
1127 566 292402
264 1067 978560
146 779 39165
69 711 652191
305 952 202846
55 904 520882
1580 940 239629
1251 323 880906
1555 1594 538833
1115 732 951644
796 1520 685311
712 878 518542
164 1342 799724
1010 597 708579
1620 1073 284234
1349 840 249907
588 1031 160279
127 451 631902
1069 889 465813
1594 1057 657390
868 1192 928420
1527 165 449853
1329 554 221080
541 101 481882
1430 286 47694
1338 1624 221872
1645 1518 444396
348 671 998333
407 167 880977
1127 1668 47347
305 1069 841984
417 306 777699
1344 113 867951
1440 1577 81083
218 1240 289238
996 542 809489
1382 1243 232671
110 1597 226124
434 663 77610
1368 861 256812
658 1477 460462
53 1547 69663
1264 1262 281048
511 1482 862993
1525 594 384914
1006 1198 157504
246 1535 391960
244 1342 382991
305 871 44040
453 1375 177448
1128 750 575971
538 1649 606525
328 1196 392341
510 1377 817766
1550 479 929141
1163 450 853123
1187 697 99820
1118 100 153631
956 463 523286
452 199 805337
687 1601 355102
375 689 928625
197 303 643337
801 642 907267
665 1620 584257
1147 712 871275
1121 425 638311
1076 304 853150
886 323 209133
248 1024 746638
143 609 669039
1325 105 231335
862 1588 682843
581 1561 31048
76 1456 693085
365 1439 309559
814 958 471619
764 305 555240
50 510 358787
473 63 968884
475 1566 551509
604 705 296207
779 662 319806
1430 1070 654951
108 73 491818
518 792 606414
586 1384 709060
1490 1110 433333
97 616 884762
1655 314 827653
1565 842 674133
1351 1389 706606
1649 1510 550920
326 335 348699
1627 1010 615212
1076 251 115474
505 205 568004
107 493 570622
1038 577 204749
689 776 873966
841 1120 896844
1252 593 989781
1564 1331 98883
738 1460 534889
466 316 916114
881 1523 826737
3 133 281884
593 768 723549
1172 345 407547
1047 566 772142
0 96 59331
825 1569 792489
545 914 523728
1219 1688 143442
1290 453 219886
265 1304 391272
1264 301 17590
113 1182 514168
640 1238 343238
87 1440 212078
832 130 430589
1090 814 58281
1297 1119 340216
465 364 384740
195 1662 730345
463 250 917300
1132 670 434889
1324 1569 894598
430 1184 682786
292 1311 287822
1437 238 238391
495 1378 487059
604 178 29129
540 409 884278
1609 725 84539
194 437 74796
1634 428 607598
1351 839 687515
857 149 593524
1180 935 406104
1496 599 222047
1093 1680 802366
366 180 823919
558 511 915601
1336 1054 86800
