245 5368
160 156 678173
103 226 95886
67 138 427368
0 160 626639
58 170 502484
104 84 117702
167 152 398963
197 226 368328
171 108 7542
226 130 558530
198 62 160056
116 233 985588
215 183 275428
218 104 733878
187 81 596892
230 143 486625
185 65 151660
193 32 706186
178 158 903025
153 225 944865
106 224 603659
45 153 355744
218 122 663613
135 226 840905
155 197 690485
186 65 473871
58 83 666025
0 106 655948
192 111 943356
64 32 529974
124 145 251595
136 165 871581
48 2 682708
171 157 397642
113 130 63216
184 171 123233
197 164 776619
217 102 332405
243 32 919718
66 124 772328
49 90 440752
68 59 176917
213 224 562698
151 225 386977
120 110 819254
64 42 906550
56 169 115019
196 97 80444
239 222 491794
55 36 762390
210 176 713028
181 97 581048
48 105 147051
213 181 402545
130 187 704857
66 60 275635
185 48 599392
102 69 315061
167 86 486652
41 183 106520
90 144 259183
54 242 799514
115 227 183201
43 188 937187
75 36 601282
165 35 30284
120 130 608448
59 236 931606
163 161 73899
21 151 405463
193 150 890210
178 116 419305
66 179 609389
177 191 345426
178 166 993961
23 88 68126
167 94 190193
154 76 285364
7 6 345298
193 108 534322
78 90 857986
17 70 765634
118 134 333160
100 182 592541
236 224 304281
166 93 165753
28 68 842963
81 73 587397
32 56 576227
155 116 320250
51 144 397843
29 126 873956
40 103 656320
221 153 332590
55 24 376450
73 4 837235
121 232 24596
100 85 671544
37 42 130971
180 134 140418
161 202 586886
182 95 684773
48 25 134038
149 51 705281
12 180 791908
39 191 170160
77 162 765908
107 81 236559
167 140 467892
244 143 987921
178 9 723144
61 48 568101
193 75 74807
153 179 414179
98 156 238727
33 66 945152
220 75 477800
26 95 113416
219 11 146513
95 117 646211
92 185 92512
155 9 117056
93 212 587654
73 75 621133
192 32 37837
138 197 485777
183 126 978045
194 133 252399
174 188 291602
140 166 155505
197 182 715899
196 111 543966
167 175 335262
47 105 427956
168 213 253360
168 25 721870
46 64 765843
136 159 82835
26 46 954941
113 199 353235
228 72 818065
9 80 563370
81 172 114129
40 64 61839
127 208 729771
169 68 756459
214 165 728188
229 16 554039
26 4 625560
145 161 973773
58 22 857156
9 10 26627
241 1 199606
191 88 205835
148 110 269993
189 86 146707
16 166 990644
73 161 359181
154 139 324183
231 235 798569
43 34 809765
51 234 715942
59 191 437369
180 65 940530
21 65 448155
50 222 705450
117 206 493190
65 227 839161
226 9 28873
52 225 71978
38 151 738790
10 90 184318
147 44 918582
84 69 353074
156 78 320477
230 67 319538
189 199 351738
205 110 663331
65 94 393170
137 54 748682
80 5 145846
9 168 367561
216 92 452007
236 77 505934
151 65 443505
202 34 192939
90 206 885800
234 88 482799
150 201 183220
82 153 168697
239 107 781138
32 211 417038
63 107 380527
41 124 631424
66 176 49651
185 207 868596
227 235 27854
39 182 232295
196 244 78679
43 147 318719
160 20 647465
149 163 748171
28 62 197546
126 156 32901
147 157 461326
113 77 103831
221 210 738016
150 33 135736
9 177 932579
126 25 703178
105 146 366493
96 167 79340
111 100 864439
244 4 6862
38 14 862525
133 147 535369
185 241 481162
96 224 656797
18 74 436558
69 73 601870
193 205 256330
185 89 561340
222 128 504372
56 226 508966
85 150 49408
56 106 349281
94 114 592
82 21 570932
85 236 292574
156 97 439497
84 88 832555
36 12 438122
59 95 245450
144 37 42698
238 193 399350
52 67 843155
138 77 878219
172 3 249723
55 159 996996
137 240 396612
83 65 276930
230 181 237419
176 231 938684
73 206 652040
211 86 24612
2 14 104370
38 166 233478
85 215 579304
37 99 163252
52 203 300322
16 36 383886
49 69 742238
187 241 610012
0 3 369871
72 59 396795
175 86 121272
46 19 437901
149 148 456716
184 48 401599
60 37 639222
242 39 734379
175 70 100553
9 104 838017
11 158 534757
143 174 27474
77 81 360928
14 51 896779
189 130 191160
182 149 868638
223 105 868903
114 173 245188
74 182 795214
127 19 471269
242 73 829398
200 175 177079
19 151 463153
227 20 1665
42 187 209581
109 149 936111
66 53 98371
90 66 451423
126 204 227062
87 31 392909
182 93 378011
200 30 908099
236 71 349013
151 215 680220
150 93 437994
127 137 904479
28 160 276012
93 37 583876
217 203 916962
225 16 28004
76 206 919686
25 205 799619
132 152 424908
237 217 723881
45 158 213450
105 191 913090
3 44 343854
136 183 645034
57 96 197733
101 10 961956
189 111 918817
44 137 944453
201 69 734753
213 153 906399
193 136 910470
175 46 117428
150 17 2381
170 199 464954
12 9 614656
150 80 434954
57 27 637672
82 105 835720
228 230 387659
106 11 506287
152 44 120911
132 193 218533
69 32 616242
188 46 492282
130 170 942349
99 68 136391
210 127 933732
59 7 838086
6 148 128573
145 10 881421
95 241 795454
133 212 571280
6 101 737738
11 79 206375
93 14 791817
0 49 356791
8 105 46106
128 217 671044
145 202 541725
98 192 81569
194 55 914282
179 60 326560
172 9 199258
15 72 84410
103 73 135028
244 205 221538
230 204 173542
78 215 135707
169 130 13701
55 30 798885
38 229 930356
217 10 317509
190 94 885373
74 9 763150
189 22 206960
195 95 645683
83 93 543104
187 40 929461
12 31 331995
121 62 137633
91 207 693631
215 198 287019
160 92 197062
4 129 493845
132 72 557867
164 4 204543
8 130 732843
161 233 398728
50 228 2447
68 40 99806
72 145 643365
82 49 826123
72 77 822269
228 155 602956
143 45 414344
66 134 433138
32 202 154049
18 48 758960
53 16 814227
5 59 299089
156 69 585071
68 236 198099
52 137 884481
99 5 52713
215 200 727785
96 22 698586
187 57 381020
187 96 691442
107 30 984882
159 63 30760
221 186 118606
107 187 234161
101 127 990755
28 106 498786
143 14 363350
202 39 90602
0 71 97752
180 58 348860
92 89 23053
227 121 391776
20 85 151607
178 45 698713
80 107 810426
203 156 383302
74 25 454892
11 121 792955
114 207 652075
30 13 137992
195 237 942341
183 70 331731
110 222 763739
169 129 379190
220 146 212843
11 227 698396
3 178 646041
52 219 330202
24 203 108749
232 26 303419
171 175 798740
25 121 894883
108 23 109670
232 109 931411
115 62 149579
232 51 903879
57 88 762561
188 234 594248
76 113 914111
124 140 671252
181 33 236785
0 196 695633
89 122 478818
97 2 776513
22 44 234264
150 90 362937
55 129 565845
229 243 992787
215 161 690032
13 213 688512
132 153 453153
179 9 600102
169 24 680754
92 56 50033
57 1 820458
182 183 628275
224 34 721131
78 79 106543
92 12 992439
85 168 34009
17 157 155260
209 180 172522
115 232 623089
32 159 450940
243 167 730883
194 140 949739
176 142 341278
238 72 669142
132 126 619609
229 144 849703
175 234 836791
216 17 196105
189 164 622450
132 204 588125
203 54 391039
36 177 259738
220 77 839526
127 209 635228
192 33 207741
83 80 398327
97 195 470658
145 50 977742
132 11 478626
111 224 835293
210 121 702500
44 12 737478
54 106 458424
123 117 189687
11 220 500355
229 146 531594
188 229 220476
168 135 930942
46 225 343434
101 1 512135
38 68 296810
165 32 630359
124 183 191391
243 67 858147
133 16 246066
61 181 805848
2 223 996521
228 234 912652
128 163 789621
46 139 143173
36 226 511064
150 203 734691
193 198 340616
117 6 894282
156 216 806686
150 19 843106
217 231 886009
129 97 111762
47 133 627672
95 74 52664
70 6 596286
208 44 749034
147 181 853498
153 20 792921
28 38 808832
56 48 964434
23 221 228670
232 75 632251
143 154 629733
207 30 844186
26 203 728002
103 83 47796
237 168 924030
207 111 795478
123 11 209839
150 168 308096
155 167 276965
3 66 494996
4 173 951452
19 180 399962
208 139 912715
4 98 135786
138 15 138243
244 69 610882
111 1 914747
196 55 156671
63 235 667299
110 244 96843
46 108 211742
22 5 329490
159 90 301004
231 72 414928
171 223 93507
175 201 174699
221 91 437791
140 139 470142
217 108 523649
46 164 719637
208 51 889638
42 28 739772
13 227 468650
153 130 789563
91 230 673394
104 37 941689
91 95 848378
23 175 148087
90 48 270231
65 190 497358
154 55 66620
145 119 73747
139 74 293702
126 224 158046
145 101 3670
219 237 245850
134 108 997552
38 164 321961
206 51 256710
120 226 710502
161 19 962887
237 92 776111
206 223 752516
30 108 409988
85 67 322434
54 168 251290
28 84 768881
72 103 954938
231 122 311697
88 44 953856
77 168 373305
125 131 898834
93 179 817905
34 117 218246
129 111 694254
11 36 21728
141 127 483783
10 214 512398
63 62 523796
16 235 617665
210 214 812445
122 100 582357
42 179 131971
48 225 710213
1 89 707806
213 172 842113
55 38 839896
175 159 998989
16 96 210723
70 141 207669
145 137 634252
47 210 936464
127 222 187582
218 140 374970
73 39 392716
104 194 556031
69 110 372021
29 195 119174
95 144 386189
214 216 142581
123 19 95069
49 156 782762
122 8 765867
204 109 738705
103 25 372051
220 10 612635
40 176 548516
237 105 194629
108 225 646918
95 9 773871
157 142 342294
207 98 953874
151 84 753643
113 181 69422
222 236 679386
113 34 419680
37 217 683239
104 38 39364
6 115 753069
179 28 237785
22 35 614044
0 162 945986
86 238 601924
203 3 986672
27 152 946178
237 53 795880
162 135 130991
236 220 438329
92 86 909541
68 165 726730
93 1 358117
212 73 819774
50 149 958407
140 168 292028
152 12 653358
21 58 935425
2 199 43003
138 114 248107
92 25 28153
113 234 921089
83 124 238153
89 197 160284
175 121 386871
202 69 488766
149 134 951295
29 19 184191
103 189 904046
79 200 163435
152 20 837297
85 192 462342
56 211 776833
37 204 794340
189 232 903585
82 114 197058
185 128 864713
216 14 222992
228 90 68294
192 100 555934
2 200 856461
28 46 121111
133 24 470465
201 182 400004
219 232 188449
222 77 111288
63 70 419014
168 22 123140
87 185 869445
91 206 865717
153 85 768336
46 5 461311
84 113 592769
101 16 590213
182 13 4870
215 12 381936
14 40 37895
62 241 867327
68 124 579062
89 215 215255
160 236 170058
216 184 928927
54 66 745442
44 149 545863
71 115 430573
194 243 660622
50 217 77383
21 235 191351
192 92 344610
207 122 436281
10 154 358885
94 2 850677
197 158 223232
133 90 393605
78 102 231015
194 239 15399
151 195 984881
209 217 833299
97 4 87603
207 99 226036
207 77 106683
167 32 6533
3 74 444961
59 43 847685
204 59 278269
70 34 843618
30 136 781157
106 197 735096
9 122 460876
191 128 254376
172 163 886781
99 103 359024
201 111 75376
105 49 559761
102 110 633158
27 185 819149
216 74 426364
27 108 401622
42 101 60918
12 11 551311
34 176 959491
180 215 907901
117 129 913537
227 157 176157
9 103 530387
173 87 527165
176 101 420151
21 199 579283
202 95 789486
5 236 701465
51 91 671709
180 143 958246
163 35 665941
43 208 10041
131 4 185811
174 164 542261
0 182 995859
126 122 688273
205 100 60763
67 25 249403
2 32 588428
58 112 254415
6 14 360287
190 7 548429
182 219 761016
131 208 328150
199 165 169208
181 164 540335
11 73 45415
55 34 30914
63 41 56597
217 126 348227
149 131 558123
23 214 52915
138 16 558099
18 176 505606
23 48 427224
28 77 663454
165 171 578535
201 71 602649
6 149 253111
240 139 30136
228 93 763675
218 202 58203
202 78 105504
111 223 132581
76 144 750455
152 23 327068
199 7 450497
81 30 777593
85 131 474465
231 18 182324
152 84 753819
101 44 407943
221 158 825276
54 97 212998
222 91 510738
242 162 910598
11 23 240564
78 124 29957
98 84 913935
135 64 390158
65 118 975643
131 142 166192
151 117 352904
167 8 298570
91 170 533604
196 138 699902
110 64 356653
58 125 701199
146 192 301373
141 189 668452
164 52 989337
107 220 387330
21 93 177262
224 19 893986
175 75 584503
150 22 598420
150 227 308767
75 40 13937
18 172 275408
204 213 51845
181 225 331829
95 150 527092
234 135 580331
185 143 470560
56 23 821628
153 0 701883
29 169 432767
231 36 666204
148 86 488105
74 178 446441
129 8 325131
56 147 767562
221 21 507851
21 219 754123
134 51 733270
155 13 775746
191 175 43902
126 144 45855
24 112 320442
99 54 984346
199 233 172030
142 118 476074
69 123 274144
84 157 210246
200 173 44027
175 240 422951
20 74 689739
59 196 192747
130 4 631013
226 107 335425
79 35 666864
68 109 151808
49 41 152643
33 229 178481
36 74 407155
140 202 224189
64 187 440869
159 22 283797
124 158 472659
135 112 670242
125 179 689631
116 127 402644
165 142 631382
185 136 667017
115 165 822051
58 18 65898
171 19 883683
68 42 147964
219 13 360292
76 61 415534
13 116 553521
227 114 574626
127 177 384894
233 230 794083
107 99 853822
118 111 557058
102 224 285661
35 230 155159
152 243 31463
49 95 710761
204 113 535247
6 228 808894
178 27 901148
244 78 34859
151 113 282823
52 42 480519
64 239 243138
6 65 127907
219 193 913838
195 127 425840
6 34 400841
120 215 5446
20 223 341775
141 45 962148
148 201 167579
25 223 53845
36 84 965606
219 53 886998
24 127 789945
69 20 325292
16 21 404173
77 104 78207
58 80 673373
102 128 688333
224 28 881507
154 197 463854
32 224 459001
20 215 838713
17 204 661718
34 12 94402
119 36 781170
225 234 663064
209 30 568961
0 185 619476
166 45 408605
136 163 337502
59 37 942509
240 85 873369
230 80 572596
234 131 744949
235 56 707529
14 175 163436
234 35 618222
92 150 479674
165 118 378681
155 44 387918
231 167 548290
75 45 320336
236 203 686186
94 186 61441
141 197 715477
33 44 159727
79 13 605723
51 105 146564
33 162 541254
110 51 650789
9 18 814593
180 15 656128
143 238 930266
59 202 134132
228 71 700458
232 231 821771
214 130 765846
150 81 983465
48 192 752589
37 95 202691
49 231 745540
184 0 156212
74 227 539476
198 67 130309
27 109 609073
218 203 748630
235 148 197935
41 166 223196
153 173 613978
0 215 204024
242 74 236794
202 3 392652
93 170 262929
146 145 992721
190 133 963214
51 2 55782
184 155 321457
181 167 347740
48 237 911219
225 172 359812
183 43 488717
3 177 885291
138 37 385249
203 157 484130
191 61 842871
213 239 66339
27 199 352487
98 19 615945
104 81 271282
143 201 988686
47 201 897689
127 242 770218
163 40 183469
42 91 665333
52 46 158715
113 40 420052
99 42 417677
60 125 347861
30 205 295139
222 92 131663
133 146 464671
234 108 138151
173 229 625531
139 167 317692
177 75 762511
92 234 124023
169 44 100426
38 236 378674
94 64 376411
200 15 940091
40 216 688180
161 98 947887
238 123 325937
57 62 259012
158 67 382450
238 215 3203
63 192 413457
81 82 729796
27 103 258970
126 178 853913
71 120 658857
40 32 346897
158 116 314706
160 102 647689
89 82 602534
112 198 321621
53 177 716782
118 28 129467
205 17 709080
221 106 586516
204 193 66163
238 7 416812
176 203 838088
142 1 24868
21 202 155197
145 168 270341
232 86 886864
68 122 842127
35 206 762818
122 3 698760
198 188 332690
50 235 631150
70 234 481097
46 109 832426
139 50 610069
225 193 792047
224 197 37998
65 58 986711
31 151 277353
90 73 215361
85 91 164085
131 67 575040
5 133 849609
135 215 952573
15 37 636608
177 78 897176
92 156 817535
161 175 752132
47 198 838574
167 123 418522
216 61 954089
186 136 259065
228 144 719389
148 33 972800
60 189 979544
33 201 679303
186 62 513011
18 43 308977
138 200 861596
60 141 713964
33 163 40150
49 190 319916
152 160 586019
21 187 636954
212 162 812658
179 76 384788
229 166 19576
24 146 309732
209 242 943168
95 61 56162
144 61 1994
18 196 351993
46 153 94358
1 60 623318
195 94 259959
209 170 97753
117 12 291695
229 17 630544
221 177 753209
17 111 506453
157 243 75171
175 36 786536
214 103 691502
18 212 121469
31 23 840325
23 127 307005
169 4 285100
67 218 276679
50 167 334500
152 181 180616
135 5 384315
192 171 268730
91 5 798286
176 28 751381
132 241 778844
162 145 893249
7 66 396347
167 219 168845
236 117 836355
229 9 934701
87 15 159218
103 64 378129
146 65 418718
227 89 446567
144 175 942311
185 106 598179
3 5 609233
227 230 638310
70 30 223649
165 227 705331
96 117 247827
83 123 406910
201 13 637082
129 220 574407
41 109 798652
147 213 441087
22 204 909420
202 67 248438
58 215 207332
230 155 126148
18 237 840426
176 212 443454
127 53 52192
130 14 893809
243 30 28262
60 163 993286
38 228 869333
73 38 396120
98 14 110902
218 207 873114
118 166 478884
155 39 293622
202 239 212812
115 113 548495
210 41 489393
242 51 728799
146 31 297664
183 40 887788
179 55 548844
26 136 952858
78 223 64742
174 134 750461
202 22 888025
241 40 825576
137 76 556558
32 48 773461
207 178 636035
55 111 124071
171 191 617088
191 19 429337
48 97 900826
106 59 576898
125 120 60233
154 159 736702
164 63 862831
120 63 595602
174 135 514288
24 209 391810
151 37 933512
145 237 232900
22 158 614302
75 189 900504
24 87 620780
54 36 598693
108 119 408579
5 215 816945
109 183 383897
172 151 69612
62 220 409047
52 149 256079
142 5 705037
27 93 826048
85 36 180581
164 23 593556
36 218 382609
111 145 389807
118 70 856522
23 193 628088
49 97 555572
201 215 897054
206 89 775698
51 142 939447
184 103 491341
55 81 824259
208 6 498379
3 26 915415
217 138 899247
182 192 692849
35 131 102828
27 63 175012
135 87 504813
182 230 122623
9 86 566306
143 156 846033
26 122 16818
158 242 382807
222 183 186764
0 169 36246
139 184 877708
166 231 668817
8 194 759098
64 243 15502
142 32 511906
235 196 840526
226 143 657736
180 113 562157
48 15 329415
209 195 993719
238 111 777730
144 63 402029
202 216 576604
35 77 241497
2 190 619891
37 111 624984
71 155 698659
149 116 666659
244 130 963864
106 49 27631
155 242 414134
111 13 280264
179 13 650146
48 154 157497
244 68 746630
244 1 869380
172 149 406203
219 209 567703
160 94 637809
184 219 306962
152 241 852590
60 131 392906
226 213 32854
10 120 828567
54 80 441328
91 61 303687
189 117 956107
90 207 466171
80 69 194382
63 134 196218
62 147 479332
114 181 891830
25 200 850619
69 134 155774
41 235 636272
146 97 755272
142 98 867597
33 241 627010
164 68 879642
114 27 583681
37 210 320691
225 44 591052
110 111 558139
59 114 980317
241 12 217516
64 204 641000
64 179 343785
30 39 935388
152 73 218837
16 63 575609
96 63 922568
101 166 275279
35 151 114231
89 222 311878
135 122 185284
61 172 737613
99 104 529726
26 194 131779
189 196 475343
184 59 471560
202 178 870500
216 231 627232
135 176 976284
16 151 643046
104 166 187834
133 74 617082
76 199 290977
238 161 31193
6 62 802873
145 125 321436
50 37 673251
211 150 202717
188 75 145829
17 147 407301
224 50 322197
114 125 241482
224 86 298753
187 165 647187
189 14 744405
59 179 188388
116 91 576856
121 109 227739
106 179 499889
164 84 741942
35 95 985815
64 192 638700
64 90 977827
36 123 71109
41 7 481483
85 211 247999
36 62 162019
175 186 880291
237 136 456613
71 176 43063
203 190 701411
178 57 257448
24 79 996577
16 93 832066
213 64 882339
89 56 157961
9 204 780967
63 167 718362
113 91 664215
128 219 424598
141 90 454380
143 142 765950
180 84 192791
188 218 864607
6 147 714224
51 69 738241
125 163 6106
196 12 738128
55 228 319394
40 134 168534
213 16 188405
37 168 13872
102 9 136186
58 29 589617
60 120 377537
85 232 740448
198 229 702457
97 100 454466
65 172 540595
141 179 169824
59 162 797087
20 199 776329
165 140 610228
177 240 791158
65 123 282947
188 80 810523
77 167 238996
183 154 910208
63 3 807451
55 23 318943
192 137 163599
163 220 102450
73 121 752135
181 180 22465
197 23 327736
177 231 805614
121 105 663004
108 99 400963
162 71 590109
212 140 776579
210 26 984733
187 12 109137
205 196 717115
216 174 230302
48 233 436537
146 86 247543
7 56 887896
132 162 140716
76 243 657085
124 50 827189
108 79 388288
143 188 584081
21 141 952866
122 132 308522
131 227 969608
8 96 725168
158 241 635837
184 58 311496
208 229 102833
188 72 190038
46 63 922260
139 212 524567
138 40 193267
52 66 79580
20 240 259854
18 173 620231
187 85 532458
69 204 205951
81 155 846509
30 147 221658
163 109 469483
49 76 765442
77 143 369900
6 82 628398
16 94 951332
156 240 398891
159 180 583033
180 95 855146
39 81 251654
216 137 419005
39 153 948187
111 9 495048
235 225 166637
238 5 124051
41 175 480977
219 40 243120
69 242 865125
210 81 447526
171 7 270407
139 132 505475
192 220 479311
202 188 584042
14 83 90912
240 43 446502
183 100 31016
24 52 91241
142 182 842418
186 97 736560
165 235 611048
61 231 737211
38 91 891050
2 193 921175
63 145 637456
39 151 353305
32 166 949919
192 23 196800
143 60 907341
150 36 699685
75 104 346524
21 33 175866
36 199 725141
237 231 242213
131 204 439122
181 136 37252
143 133 952389
35 92 230668
209 113 176245
221 129 305342
37 3 379858
74 77 518593
147 215 522149
242 100 471422
12 109 527741
8 132 795511
106 213 723423
226 54 424453
181 146 674788
88 24 199221
88 53 942435
127 232 613901
89 179 930483
113 62 116186
240 84 860865
209 89 618580
101 137 962636
35 66 950837
94 45 699587
133 235 131866
140 131 276425
55 109 85089
137 221 942898
98 213 535148
172 197 949931
52 235 601863
159 51 95111
154 18 420713
63 215 963254
128 48 76399
21 165 569773
192 228 279574
216 76 343960
164 18 555229
206 157 865380
134 225 87413
116 84 266356
153 180 883008
109 190 15950
22 37 327941
55 9 194838
84 201 306930
89 184 42633
67 208 442612
114 163 179314
12 72 859580
5 180 279069
79 158 232657
12 123 497913
51 155 197457
22 195 686451
239 231 410484
199 174 42812
204 99 213373
19 70 129109
35 208 993494
240 191 970031
214 173 80722
193 72 82788
71 219 38052
10 175 177084
159 185 434752
65 233 573836
244 232 562571
175 57 398629
4 121 638301
96 151 412470
104 36 133429
116 114 801046
224 205 318775
165 41 242762
21 19 905266
172 94 395112
96 221 845347
5 131 951842
80 67 782017
174 73 600829
36 168 870606
130 186 283861
54 73 44401
87 80 690735
71 198 291665
227 176 96201
95 34 12242
142 65 644603
20 138 321011
19 61 747449
33 55 878951
182 41 482760
233 205 622268
21 207 159564
57 221 617780
175 72 904093
231 3 874269
236 101 423596
207 154 379677
32 123 357186
73 133 64962
177 117 985075
157 44 213607
58 120 500012
63 99 634769
206 165 114615
103 77 387309
50 97 245177
191 181 653543
223 195 328371
109 142 741076
68 87 520547
241 2 700659
58 45 271613
159 64 803938
197 37 855912
20 112 477393
124 226 300185
47 108 682502
219 32 680570
155 77 178190
114 140 569329
70 103 868132
174 195 319570
19 165 311339
70 54 200324
142 27 416158
173 168 183990
54 7 921176
83 57 294179
58 129 386167
211 206 511380
234 160 597579
133 129 385320
138 2 725332
142 104 236714
194 62 323745
20 210 458471
152 218 891719
71 86 117808
72 106 553230
152 226 552324
66 105 766742
213 39 810889
61 201 490038
170 145 783924
15 82 712792
216 81 131801
14 244 914821
14 125 440928
157 22 96094
217 191 941590
25 146 480954
173 165 218998
145 221 555199
142 48 359048
190 163 924961
66 19 294376
158 152 639563
106 13 389718
233 195 272860
239 27 560170
50 113 658731
30 150 699953
64 93 202163
212 151 268297
109 88 430831
200 27 833004
183 24 153240
114 231 86473
29 163 297645
181 117 952754
142 224 621757
191 159 493537
29 4 418444
165 224 364241
27 73 566271
5 167 83536
25 142 797642
36 163 729035
1 43 225743
146 143 205685
95 14 630803
161 199 695511
178 121 161662
83 111 519524
116 65 647836
101 157 17385
227 80 848309
99 236 614960
141 8 459031
179 7 959189
45 228 745078
238 39 220194
189 240 768250
118 55 482903
85 184 18370
189 197 913266
106 163 640149
69 34 248856
219 123 574934
218 68 408067
170 150 237124
18 39 627340
236 150 277862
78 222 308043
69 185 546438
112 83 793070
119 13 705963
54 85 576935
47 209 963423
228 76 821228
212 42 334580
116 163 135327
200 87 692689
24 111 611792
112 116 623332
124 86 644264
183 219 816904
181 206 304554
23 18 611222
56 135 307949
54 139 176435
26 154 224097
0 18 341877
161 15 305426
76 229 399035
201 80 854298
8 98 446602
92 48 116356
196 39 910490
16 22 96329
84 210 380185
227 170 260960
169 237 589922
107 45 828220
185 214 28362
16 77 967261
170 117 925486
213 5 925169
59 164 128770
187 220 273253
27 222 678682
120 123 699959
164 153 201057
235 169 704547
88 107 802837
206 28 998158
192 152 14928
100 199 747698
206 169 52888
130 210 239004
65 232 832620
174 25 142265
178 12 301322
33 72 490029
111 54 434077
127 106 616248
123 89 907870
95 12 333421
233 91 422635
86 192 812749
146 34 752679
208 120 535604
196 180 2919
49 51 272892
178 179 734509
100 164 855438
114 46 479477
93 155 868949
60 176 58978
202 109 469651
48 99 301631
200 48 960461
111 113 34205
142 99 565408
5 130 20674
70 177 675869
179 218 448557
19 179 574678
160 226 137488
102 201 745086
93 29 822323
49 174 624795
28 40 676227
31 205 69544
154 135 599254
151 80 407451
43 115 594037
120 209 219810
126 181 47973
130 217 636019
169 87 965088
209 5 326982
79 14 671510
175 99 399731
118 72 763652
148 205 630274
224 4 199860
38 199 341541
128 214 129172
82 191 200234
112 192 907927
125 98 150828
149 8 79532
159 242 301165
116 227 837201
64 96 682994
196 93 754679
32 242 73108
97 31 519839
212 26 521740
183 147 515213
191 67 98985
90 23 404947
98 200 496684
178 193 337643
43 102 977099
46 18 315404
22 7 309377
17 211 500361
15 114 126575
172 155 273422
190 222 551638
68 131 531652
201 95 274457
185 47 270761
176 50 774397
8 106 590967
83 241 638907
132 66 382192
5 165 528479
75 204 885958
61 175 739631
85 142 201
52 86 102372
232 52 247648
25 135 752706
211 170 308419
119 33 201228
19 10 89835
122 91 187905
235 47 42004
44 58 604096
244 30 956168
72 140 764189
108 71 410045
23 176 458146
41 91 504507
57 200 427818
37 102 772847
242 176 780382
107 196 916288
53 242 735230
15 127 594128
120 74 638457
137 195 162620
159 121 321647
140 228 497150
85 216 831873
219 9 535066
185 45 409724
122 186 44151
59 194 850830
27 150 641956
244 185 850122
112 35 942408
221 30 31278
129 125 783906
238 118 209387
235 128 134878
116 24 827002
74 70 489537
221 15 287227
168 137 450301
151 231 782336
11 20 487826
230 81 994569
133 18 22714
203 13 402224
98 233 701439
23 171 656527
233 68 401792
90 190 512397
37 8 295309
82 208 275957
100 187 576449
44 230 852117
65 18 37757
16 238 979867
30 161 891276
184 95 433739
236 196 157091
110 121 225045
116 61 590011
114 136 79271
211 2 597944
0 89 494607
118 29 631361
13 104 383861
138 85 820338
10 179 317939
67 23 903158
225 28 246973
72 58 319896
101 66 530098
99 162 938982
15 178 77361
40 135 395680
186 54 135799
236 83 630995
124 184 378086
151 86 928733
22 153 585996
112 80 569208
154 141 283116
205 98 721637
100 227 118067
234 237 582787
229 73 433002
231 243 399191
181 46 21803
244 40 319339
100 194 580506
161 74 13451
135 73 201460
24 38 670311
163 113 477396
200 190 360810
151 83 737023
234 56 265063
235 119 733194
165 107 627641
157 241 345500
6 142 881106
10 164 297261
162 144 181638
76 124 902101
29 69 958572
42 208 887385
158 129 749430
113 138 138031
142 105 779788
71 239 923163
82 126 243088
64 60 367352
30 174 389199
117 228 60218
107 176 389258
216 162 382666
141 103 992432
236 63 128108
243 0 258968
128 84 691924
3 41 900254
32 228 668159
182 216 594584
240 176 610680
141 93 426745
84 0 736825
219 56 956070
231 75 59645
121 70 290567
10 158 14675
67 36 693667
111 136 182596
229 44 762084
187 239 239195
239 214 174713
121 177 534645
155 42 127775
125 23 616556
49 107 480692
94 223 827848
236 228 940492
48 86 499951
114 188 362174
165 36 12372
194 94 504889
237 205 7518
125 37 662175
157 14 565355
171 141 914073
165 202 14268
177 8 680588
4 220 151254
211 212 62674
149 153 874277
112 45 46348
158 200 602395
120 183 335614
76 28 997006
49 170 639344
68 112 711166
135 181 86222
236 192 857571
65 143 145368
42 244 971406
82 167 2602
189 41 247415
24 32 348007
87 168 55485
43 22 825700
230 232 304053
82 190 444614
107 150 586572
145 102 840944
157 190 736311
66 144 907491
190 225 838683
180 108 535035
185 81 562673
187 37 167831
109 65 803158
222 97 741205
56 51 474002
121 63 330390
118 76 852716
124 67 540322
9 203 153044
234 118 842700
105 203 695462
102 19 649286
189 53 313897
217 220 230772
239 90 992907
38 98 224190
196 94 435574
40 149 604416
136 77 163638
87 146 553881
107 55 761192
242 28 801665
115 140 944405
97 119 695631
240 77 302010
216 16 696409
204 161 299947
29 131 866413
143 108 206514
177 38 301351
155 145 257917
166 82 15444
102 174 129012
25 20 866187
93 23 721534
152 29 728179
200 117 633142
106 199 959669
83 177 299867
192 229 579969
60 6 22652
231 84 517440
86 207 721479
139 188 760363
80 109 878727
40 119 108406
17 88 102774
35 37 243418
52 132 391142
206 19 477935
171 125 470268
130 109 592011
85 72 399647
79 23 806995
1 85 81890
140 243 844090
60 3 555138
207 101 897883
227 39 788138
164 237 586077
30 223 249938
21 64 196000
175 182 511293
65 5 935344
137 35 826719
172 154 927625
193 145 732086
225 79 365780
81 72 464845
101 39 690864
105 74 168395
13 168 789146
21 240 70784
104 39 112456
190 201 185608
8 202 636869
194 179 291802
123 164 454679
149 210 981983
28 121 330470
223 116 721808
151 236 864091
169 85 245257
230 9 83843
118 171 632126
55 70 951957
87 180 823862
46 16 140945
159 184 960844
238 45 427388
115 23 109199
80 17 591597
233 94 183359
210 178 282535
243 1 84974
117 60 341793
87 155 901685
37 140 281602
221 52 978830
187 123 849719
227 55 888960
221 66 473762
98 10 301066
169 17 856322
129 130 191954
65 46 296653
80 66 203609
232 72 908941
106 183 102157
209 32 843423
159 82 41035
126 2 494860
243 83 184931
237 93 18664
121 231 842430
240 0 679952
99 136 124714
146 228 689347
168 42 621504
115 126 572248
72 30 961613
125 4 90710
102 112 958610
40 185 275102
35 52 346682
6 21 606917
236 13 700412
210 0 802407
91 237 166107
22 161 736290
232 224 596093
76 194 79668
111 32 789298
14 29 697217
42 234 483494
16 112 512529
208 54 930985
145 185 553247
126 176 719118
34 132 875433
201 88 393219
204 71 569813
201 82 485006
74 82 127011
25 34 929824
72 226 601494
106 82 224958
183 90 721522
169 194 637530
126 14 819516
178 4 484036
194 7 292849
102 87 34955
236 64 77111
223 79 746713
158 50 476692
42 77 488618
170 2 406577
71 231 191828
55 177 690684
46 23 239095
154 12 420487
186 228 725644
85 46 291845
107 118 63181
31 8 403434
237 150 50925
112 81 332912
135 190 429654
36 227 784837
36 127 617681
3 119 862355
50 135 520196
176 151 881313
187 116 903432
46 92 327137
137 49 634358
7 118 917694
71 75 318947
164 51 978583
30 80 488941
51 87 232007
157 143 191007
157 16 547366
116 6 483300
19 17 957108
19 199 541117
152 100 166174
166 126 549
22 219 7389
176 52 829990
6 88 564290
227 214 708151
197 127 439845
99 133 598936
124 113 184199
228 193 72124
155 235 673510
133 114 20930
1 4 134158
98 197 116648
129 9 512502
39 86 529980
54 235 922246
237 101 984869
0 24 330741
23 106 291463
217 77 841270
75 113 842203
184 70 27861
213 200 235294
193 15 873382
8 175 253882
82 122 922748
226 61 450480
43 99 471875
162 226 884114
243 85 76316
188 4 133006
126 100 836722
88 130 647207
73 128 254315
205 111 613442
69 85 973104
98 186 746378
40 44 131232
233 83 981553
157 120 87834
85 3 946288
4 158 959924
63 226 28288
231 205 224112
142 243 656224
185 82 161352
115 178 716706
136 206 983525
154 31 365055
235 221 385962
80 53 150777
235 88 108591
222 217 410907
37 177 120585
167 31 814962
198 185 760066
197 28 120388
48 20 137983
139 102 928776
110 63 739839
79 179 92234
130 212 359969
240 206 770338
156 135 320742
49 160 334929
32 53 796532
71 132 569540
12 86 886922
58 130 169980
149 17 406238
49 208 824516
77 214 817076
232 33 915728
213 140 469217
177 224 922762
47 17 584257
79 169 517989
25 55 768306
157 220 562562
205 65 416380
227 166 188255
156 39 850547
77 48 303887
164 217 851717
96 105 287302
86 29 33873
188 170 451276
99 69 955304
157 186 985942
152 184 924359
135 124 794459
143 189 915573
87 67 499872
115 173 690572
148 171 553493
182 106 284940
233 80 309658
105 54 301680
115 238 182086
125 156 11839
135 169 325417
125 96 757357
40 125 304357
6 200 175239
98 183 667402
129 83 420360
237 56 617950
25 110 798821
202 220 882594
119 218 888707
78 226 890224
159 237 579984
130 236 454465
199 116 484011
136 192 45395
65 69 999846
208 7 309444
18 49 868212
106 147 233986
221 34 379645
134 16 583429
115 167 58018
183 20 481739
86 120 61228
123 74 342685
100 125 691162
243 175 724385
152 133 646579
99 172 356354
153 14 372491
145 114 60731
109 222 474963
110 203 208688
226 0 124207
72 222 610423
141 218 657682
20 159 466633
129 222 575221
70 158 607587
6 9 828474
96 42 246635
25 15 196765
16 147 818950
189 126 170882
174 119 888364
173 107 513652
137 6 718791
8 120 142405
45 72 3836
130 100 160931
216 109 325405
3 111 657033
42 72 895667
172 233 701762
28 223 204495
135 186 668920
159 53 483041
196 243 18415
224 122 61913
82 69 815243
20 103 243615
123 15 873266
191 200 154792
203 4 140346
129 235 557950
100 2 214459
123 112 552797
132 109 582910
35 211 690038
219 5 337940
105 126 170944
4 78 720891
188 97 718608
168 44 622547
155 103 327577
184 208 223524
221 104 595826
49 74 291929
89 125 631373
69 72 880826
17 86 64806
57 210 358025
202 94 352165
163 201 137020
197 241 976088
141 244 15019
99 151 596630
48 14 995573
168 148 907491
6 192 902894
168 215 356939
174 23 969208
54 107 772226
89 207 518653
0 149 34161
84 154 514876
139 13 419684
179 226 558889
45 36 199444
230 168 531102
117 144 873899
102 103 842762
44 241 655762
38 203 384746
175 143 424348
202 68 507905
126 92 231174
226 3 443530
4 60 155408
114 103 191903
213 149 988376
68 14 102210
166 107 261948
71 196 694009
101 106 800685
93 114 998128
129 47 627431
238 30 518979
5 50 378656
56 156 113272
222 0 64997
217 183 512531
126 192 378029
141 41 19923
202 89 180374
100 78 999597
195 72 564807
88 195 770512
114 89 78010
123 180 116626
191 182 670480
154 110 930390
125 79 278284
147 37 437172
148 82 706580
141 47 417208
219 173 527420
16 7 631433
192 26 827585
83 51 350885
17 7 428101
103 55 614625
132 195 450902
81 153 578154
160 24 703477
44 51 435148
87 182 39072
237 126 249560
78 42 805743
225 116 50563
70 238 463312
20 194 982379
137 18 294102
9 91 17567
127 187 212817
207 50 384887
188 74 484017
82 53 40147
241 52 269974
150 133 873321
6 61 917159
3 65 168666
104 86 505706
171 67 643867
45 44 204864
116 151 689532
161 189 774509
131 53 413257
64 80 60920
135 39 114435
117 140 697070
179 39 691511
7 1 602382
63 8 418619
33 191 368204
197 237 417364
118 30 105554
101 124 88486
82 83 448997
180 54 458819
43 82 933636
104 175 297123
53 119 782139
6 174 909453
243 165 846287
217 6 74754
131 91 382311
64 85 160459
223 70 738707
9 166 550912
152 64 161720
97 178 284499
217 180 224150
128 20 633219
67 210 613799
160 85 741348
190 38 258045
55 134 11268
176 157 512921
86 7 111422
145 14 437417
179 63 813998
54 122 38458
126 17 887288
173 182 564485
112 232 334901
102 104 664996
120 162 401188
134 236 190364
195 193 22937
31 43 80473
43 4 394315
197 205 176282
26 113 896032
138 45 46244
220 244 705185
30 175 641559
85 147 656957
148 62 269470
58 211 458452
1 234 210738
107 193 589511
51 197 360791
46 182 705927
55 20 873540
46 149 180187
35 180 520873
11 124 685341
95 210 515576
153 147 463930
175 45 569240
66 103 929318
67 174 335771
62 120 314748
223 117 994420
146 104 72406
89 69 168455
156 201 379733
114 119 551876
121 82 291874
46 61 107081
8 219 297627
78 31 304365
235 82 649922
179 180 657051
5 89 238963
230 207 798926
93 105 216520
74 26 265642
237 115 401627
141 215 596610
22 67 932494
10 200 423066
35 179 981996
73 109 873764
178 185 88915
181 185 825995
16 62 814778
218 120 866911
121 132 72107
142 123 206090
24 7 925291
195 160 992202
176 209 572606
149 24 853478
158 136 956109
22 218 481645
109 230 332094
70 129 962370
185 46 885989
202 213 815876
141 186 597557
179 21 800031
7 98 294779
158 40 248730
123 116 570862
27 224 134378
212 43 78053
73 233 453635
92 121 247176
213 190 446576
115 90 762662
70 165 234028
4 57 66736
96 47 364562
55 35 201700
187 183 720717
31 113 409922
7 146 732755
171 152 94625
65 230 513652
128 132 512099
196 103 517450
34 116 232300
58 182 650386
132 59 27109
22 9 7435
44 95 673129
104 35 714219
240 214 512111
80 176 215091
75 186 626975
19 86 806647
187 120 680568
186 239 822901
68 120 877765
47 189 839792
84 58 48722
178 122 183967
241 105 338925
218 79 888591
216 215 878121
76 127 545348
13 209 749676
214 141 455336
130 131 199280
125 123 341350
204 138 25663
241 141 920560
61 41 205677
49 153 793599
213 209 771696
100 14 603595
131 144 66574
82 196 462546
194 9 407952
164 204 481350
52 84 838498
165 169 557605
120 1 495954
121 101 611767
50 65 696083
11 17 750964
233 181 772598
50 9 320236
113 93 836386
97 166 497660
100 176 199642
119 90 306529
112 140 374926
109 174 616729
83 41 797080
173 44 313759
17 161 912100
38 192 171788
229 233 769776
84 223 615077
75 181 537210
52 178 293730
123 136 947407
183 141 580324
231 194 693717
76 0 260615
72 202 811618
118 11 822251
133 175 502705
178 130 246936
109 81 209038
183 227 411591
73 86 760205
14 198 467335
170 213 199991
44 11 14776
242 57 439459
238 73 19876
179 169 95826
1 82 288184
77 194 682087
128 194 279886
196 99 754802
35 203 331919
236 142 450493
208 166 394795
173 189 243536
29 8 66610
71 47 335785
158 151 219247
113 3 482815
107 39 855230
171 95 566150
160 172 946760
142 61 292333
116 194 294193
10 192 226459
103 45 917378
55 195 218344
2 19 259712
167 106 657960
225 0 51702
159 14 17372
173 17 117546
119 224 955892
8 238 634220
57 21 806090
239 228 480101
30 94 84345
12 96 610731
126 34 509797
176 115 130491
70 21 574914
126 188 977384
163 71 970745
177 227 581198
199 166 34127
149 202 675440
117 108 606642
122 45 194844
219 108 409456
6 153 440103
43 53 625206
116 87 249808
78 204 46060
134 209 530022
51 213 224504
44 63 19498
16 197 907671
213 36 809467
40 200 546888
201 108 445232
168 100 454262
75 183 716460
188 11 659024
39 69 343830
106 175 723504
128 210 184756
178 170 953041
146 15 301688
229 93 640370
141 185 968942
47 147 772047
226 212 101966
188 69 755382
187 58 870753
93 36 507129
196 24 325461
4 14 95581
87 235 737573
213 196 674001
143 9 171118
207 72 341383
56 88 327361
194 160 485278
110 145 997392
214 124 885505
77 147 810658
98 89 499760
141 46 800838
225 113 512053
217 197 143786
197 55 425276
40 226 163001
153 215 592087
87 56 469404
205 83 358811
120 73 804839
11 112 280319
77 126 876728
197 66 843149
27 41 674764
55 139 882408
2 84 663935
103 147 907295
170 44 45849
82 174 385030
65 43 360184
132 244 128531
209 100 969269
173 160 359025
187 93 379597
174 26 95732
193 89 290332
233 240 987284
156 176 664521
98 87 777209
214 212 759110
167 28 165603
173 235 932268
133 11 594839
62 27 642458
111 134 136747
192 153 400736
10 205 893229
150 83 590381
159 155 899456
42 172 940543
143 160 819291
184 121 262702
67 225 315454
77 86 87427
91 242 813035
236 82 341183
102 175 437362
46 195 869628
60 203 69298
205 42 669097
101 156 576574
123 71 721155
43 86 427090
128 21 875915
106 219 504944
198 65 105164
178 208 728599
144 237 675589
225 90 568370
204 231 787006
241 208 851299
197 94 265973
217 21 244159
210 107 92852
40 1 306272
225 8 638460
220 27 637759
0 192 597339
166 182 788935
20 58 498679
221 79 658947
118 236 859146
182 132 294620
191 116 351864
120 164 820165
217 127 463745
99 217 472792
135 144 705746
46 117 909646
44 235 926312
11 5 980594
156 33 693330
196 8 987337
28 9 736662
29 143 118587
196 19 926795
186 8 134236
118 87 704531
193 35 68054
110 185 377561
131 171 719510
237 208 677737
102 1 877680
87 70 231954
0 152 435646
33 22 199126
4 117 609885
71 121 197462
127 169 170192
41 198 505869
10 162 87865
117 234 540215
239 178 931538
117 133 239118
109 194 730183
67 31 107907
167 192 229320
130 200 167210
209 191 379406
12 235 839810
30 217 705829
18 221 456073
49 103 92050
60 95 734013
126 56 637524
152 140 481849
27 54 197613
224 60 916264
224 61 41269
143 128 336999
156 47 222303
143 58 239577
122 20 832513
107 72 100642
22 118 827293
127 131 249791
58 199 581527
80 128 595565
224 29 264236
94 99 365564
159 195 447111
172 215 153338
225 167 692161
0 237 618439
87 231 452454
163 24 633302
220 131 541165
96 149 436458
47 223 747023
102 47 75035
132 2 983503
39 38 743504
13 48 632368
220 101 748350
136 83 715506
142 187 232117
18 109 802826
136 168 178843
91 80 422140
114 10 441330
58 85 636130
142 208 651859
26 131 397383
229 51 757862
161 110 709590
80 33 812285
101 132 915222
60 205 445775
111 115 887476
100 146 486894
79 210 8395
76 178 63603
80 181 370427
95 54 528047
59 176 562318
69 43 456100
162 221 895033
225 160 949157
183 14 993798
143 76 745299
199 196 581755
34 37 559405
105 95 447170
204 174 249443
101 129 876089
154 217 100839
138 36 858768
235 92 888720
76 45 548908
12 111 397887
232 96 462182
34 42 908710
145 177 786404
143 17 421106
166 151 81906
186 46 5874
121 88 56644
41 93 811318
215 230 633295
193 237 395308
42 39 936832
187 59 164079
52 103 442481
210 132 982542
135 2 496157
57 89 929670
168 103 108960
70 161 911904
149 48 382723
62 143 361892
127 189 197783
114 91 595558
96 228 738929
37 199 825636
143 96 371331
243 129 958985
140 74 127637
149 143 806877
131 223 241707
184 134 127121
154 225 444673
179 176 445409
111 31 777014
32 220 759960
27 46 51527
53 200 680533
15 222 660097
188 213 425296
39 7 87120
14 165 84668
114 13 661793
155 57 708192
210 69 409380
160 72 964533
164 182 907005
55 122 127793
238 91 768531
189 120 262175
185 51 882196
231 124 855072
122 202 332238
14 31 678122
103 234 849691
230 195 367013
61 47 335294
236 184 848709
29 42 866235
120 195 324245
45 84 844534
151 156 585427
98 232 548440
89 49 451701
119 60 692765
218 204 783914
85 75 39131
73 117 957409
71 137 588721
194 164 77350
136 49 63139
244 23 443207
13 45 571606
150 45 174545
160 59 286104
130 136 80236
32 203 837627
93 171 118528
1 108 496062
132 237 99253
230 71 490832
14 209 611636
234 210 547298
144 108 758815
171 137 198303
68 3 930489
233 166 60228
207 140 860172
144 7 871639
200 7 13279
158 64 905754
206 119 420061
43 145 507583
234 50 195177
80 62 321062
214 88 866853
223 119 887277
58 74 56752
10 60 356054
26 164 986789
170 243 232153
151 102 470142
89 216 259577
192 159 294929
10 210 183684
6 35 832922
117 226 102234
60 44 820329
221 115 49203
236 139 506646
41 233 699578
48 223 156127
77 15 181349
188 148 430503
45 198 158172
13 90 784154
129 12 14848
68 183 715087
30 219 375065
224 49 566745
197 46 638976
7 53 659166
76 3 358695
81 220 595972
19 51 674229
191 204 185947
60 144 782674
22 134 542100
227 168 84446
129 124 233391
191 54 528358
11 224 917808
81 128 421155
74 168 74260
203 223 639837
150 165 78076
89 160 458108
237 117 399228
32 107 239772
159 1 271245
1 62 681323
139 141 743978
189 135 814351
47 115 58148
125 193 984352
55 237 194157
170 8 2181
208 13 260285
71 177 50968
8 67 248508
27 225 782842
177 158 305047
87 131 854717
227 123 309426
68 237 750130
86 88 570092
53 38 52259
36 129 917005
107 34 517406
114 4 213505
89 117 987234
28 95 321607
51 24 43767
168 26 53569
159 241 734723
172 74 444852
84 10 863726
149 227 475009
19 220 779661
40 227 207057
228 2 373597
110 126 378607
221 16 11846
148 32 965594
221 47 721268
129 232 13486
216 77 483486
224 146 160681
62 189 467498
120 39 759719
5 57 306583
5 138 46852
1 215 345981
211 191 425649
87 189 659462
111 23 311483
237 212 576292
53 1 283597
92 102 444176
104 113 225346
12 183 787608
174 154 912674
175 37 714599
93 173 967982
118 81 652559
18 123 776573
145 95 766094
63 228 284414
124 152 614060
125 223 484581
31 89 416102
48 51 73083
158 148 95464
148 7 706388
111 81 695282
44 205 450123
82 37 894082
87 110 130262
225 11 232125
137 196 557843
166 47 391135
87 176 97056
65 136 446000
1 211 975415
30 185 922458
59 243 379003
68 147 458411
113 217 24633
137 222 383795
154 25 874207
91 160 656505
139 238 89053
4 106 939593
66 123 377376
120 53 183036
90 54 627610
190 165 160696
18 10 954281
65 64 306867
142 112 705620
85 78 37202
6 190 332954
194 44 866433
225 97 425305
35 101 274404
159 100 328743
118 86 2072
30 149 389809
204 117 271284
16 92 466784
54 150 478221
223 89 974648
110 220 690604
235 60 920938
216 107 927584
47 167 907084
185 79 663527
158 75 787538
92 116 88871
224 21 441341
11 201 440635
163 89 679055
51 9 83828
42 114 513728
174 88 443551
38 36 44895
9 99 937243
20 161 713944
134 82 533033
220 91 565614
192 22 871251
77 228 534126
77 181 946691
172 48 24078
34 104 402490
131 106 252021
198 165 543003
101 178 465288
188 201 324271
62 117 592886
156 148 35544
78 106 83576
12 142 427767
181 106 772025
215 146 275260
172 138 136437
52 135 764472
92 24 353271
37 30 115181
24 60 228522
153 70 793348
171 91 878067
165 20 354581
184 61 47231
168 118 534634
75 74 585173
154 13 736107
26 53 838636
54 216 392954
65 71 975806
36 135 436947
94 62 371354
155 222 490094
101 51 521286
118 155 692187
147 57 976366
181 19 866379
215 124 176713
7 30 403366
52 123 847507
236 200 740748
243 216 270840
173 171 884082
47 3 565969
234 2 194837
192 187 503912
53 148 549864
236 27 212419
13 82 660401
116 126 300625
154 190 78582
128 119 425603
131 33 599382
146 98 78537
76 218 732769
242 147 999262
22 148 630282
178 224 77696
52 20 43568
173 77 542390
212 101 250379
131 155 205461
240 149 687434
52 196 577707
44 202 591287
27 211 774880
64 68 600757
89 159 882022
213 156 467510
38 17 755688
122 70 411819
128 116 57410
161 205 326767
218 72 947649
153 211 80509
9 142 948142
60 80 773531
149 221 985217
193 233 257841
82 58 453273
49 8 662854
198 114 597548
166 116 81018
115 99 949969
95 179 955894
221 83 101843
230 128 84320
232 138 534857
128 86 154999
197 52 457057
86 93 784798
51 115 768312
155 166 831676
101 61 358806
227 155 606445
158 230 49623
20 184 563464
128 151 747705
145 182 670681
154 216 910180
111 45 747437
186 202 975068
71 241 116464
151 44 625872
121 91 611305
162 177 523238
163 165 166790
91 149 339975
95 7 656104
213 10 480056
55 102 265042
7 74 587852
218 113 948409
11 202 282561
83 147 350674
232 38 739033
225 50 488605
13 162 693808
204 49 564499
108 16 118377
177 65 332903
197 97 245876
129 210 590630
84 75 122826
235 193 104543
61 50 328225
50 114 836047
86 115 787965
23 201 983130
28 129 244494
223 8 448385
85 212 511143
152 138 656956
17 92 406139
113 112 305823
159 7 79849
208 100 356085
14 75 41656
186 193 217714
230 0 821932
88 10 694396
21 20 768063
26 55 917241
166 92 830647
30 140 851486
97 19 532318
73 13 111641
71 133 789477
18 27 499161
214 174 845906
215 241 711253
9 16 737714
150 28 974115
171 41 529401
76 35 619855
192 142 318986
180 213 469562
137 98 747873
146 108 234653
116 219 65910
60 187 931458
62 107 827877
8 226 199828
168 183 347167
212 80 463615
94 116 494874
144 197 273516
180 89 78927
35 146 430359
15 94 503056
64 146 918121
61 156 391974
200 109 284745
203 166 950104
44 10 57013
125 194 552417
161 85 105444
86 30 580711
226 192 259199
164 90 146703
36 130 298923
30 60 664753
28 64 726212
218 213 334279
191 130 791895
128 177 444978
79 57 12046
4 123 615564
109 17 755743
243 193 423733
118 61 896149
3 208 849030
160 14 710202
13 51 3413
214 244 778422
79 186 997049
115 108 64411
166 95 518461
215 243 735035
61 18 821029
163 242 254633
224 65 953986
227 108 426471
36 41 150251
89 84 555427
239 200 924230
159 129 914146
171 136 880224
89 87 109022
55 229 100798
6 110 449887
35 184 30019
123 235 746351
57 44 937694
89 165 198786
75 242 366907
93 97 664956
127 96 970479
10 123 423685
140 95 825896
227 232 110999
201 57 323156
83 228 189463
20 147 459635
219 4 715449
136 137 255885
100 202 299215
161 53 506601
86 18 599337
82 233 204889
5 166 122701
152 198 439845
197 92 338120
177 49 750782
33 219 576055
144 113 380966
23 242 549533
134 155 803966
225 202 970056
215 171 942121
50 143 168696
126 54 771649
217 214 756119
109 37 474303
63 22 989048
210 34 335789
163 25 282111
170 195 654970
217 85 307476
173 240 302761
194 73 341335
114 62 295578
243 68 805945
125 46 879147
185 105 669052
30 27 497920
223 34 143569
106 171 517509
214 4 372985
73 77 889526
236 94 612709
238 170 422298
235 49 571425
31 186 341830
216 188 992790
50 243 803768
227 193 290555
10 187 994314
99 47 72636
233 183 98574
9 41 653648
135 149 54505
2 52 160852
27 124 891483
79 91 473996
184 158 637365
211 16 861701
116 164 531692
93 75 47347
105 148 944479
116 8 148224
173 161 821761
243 72 145098
87 30 598118
26 34 692016
109 111 277270
216 51 5176
137 189 281908
201 158 425255
216 7 688436
188 167 680792
13 129 804899
52 108 559327
30 32 750041
35 111 582217
29 2 908936
154 16 958400
74 63 616163
189 159 603336
106 108 165977
139 203 855817
50 155 607476
73 148 703837
11 209 394318
59 230 600373
239 205 99694
211 99 910669
193 66 561588
159 49 234127
53 136 479946
99 233 410781
93 154 734901
226 26 71517
79 104 132237
195 149 499441
210 217 112546
193 129 366977
156 243 181577
32 141 764759
116 169 692604
181 42 440007
72 5 206986
111 67 768459
215 143 944759
72 139 98236
95 240 107655
175 202 901011
122 10 257879
218 110 127910
145 189 887173
99 222 465010
234 242 352570
61 121 506084
112 238 288649
147 52 408054
7 149 41994
224 52 50348
45 25 197285
228 240 720194
127 151 496548
2 184 840004
235 156 948822
95 63 177951
146 231 724986
232 150 181268
144 157 923851
155 240 444730
83 135 900550
59 19 408678
202 76 742451
173 122 203446
14 190 630273
195 58 358735
24 205 207022
201 72 737477
124 182 386081
77 17 875050
39 201 930976
88 237 430405
97 158 870203
136 78 669733
43 214 296318
144 216 220103
65 17 620434
111 191 522012
33 174 476071
30 121 692319
41 100 607559
0 122 984429
226 153 607887
206 52 316205
76 75 517195
219 217 170677
224 117 260471
37 90 747449
113 23 190296
60 118 282633
28 170 48661
119 160 86719
123 178 98057
98 208 861390
165 3 854923
24 217 793095
62 38 636833
150 235 31312
100 43 562860
121 33 132941
166 86 502288
194 54 491726
81 157 955878
236 171 750187
147 166 432012
125 36 937357
135 55 871812
197 151 245622
15 220 28589
140 97 653920
59 218 938558
147 50 375779
119 51 193801
60 173 871918
209 169 54790
126 123 276764
234 216 409093
85 224 332780
129 39 903017
70 188 122437
140 79 25467
97 71 216787
158 198 47582
153 75 504485
75 122 447102
31 157 261380
51 225 211124
1 233 398082
149 122 387545
24 46 248849
120 177 533769
118 48 198704
149 34 702068
52 33 891554
237 78 933192
179 164 323432
169 164 568903
100 102 566718
180 141 160508
222 63 70763
197 71 598097
39 70 605355
49 53 115727
23 118 580321
102 146 501953
73 45 476879
138 108 400933
163 237 763364
71 52 312523
164 187 405950
191 113 328297
212 53 149338
112 187 987198
160 131 263450
170 54 16846
100 119 641533
186 192 40435
192 194 973160
19 3 63104
26 9 262895
167 27 487734
220 125 341249
19 108 476663
1 172 648216
82 232 235862
110 242 539934
195 114 838101
199 115 272032
109 95 864220
31 172 786012
143 173 664146
145 206 580788
132 53 663059
149 173 945506
62 240 70639
232 78 223788
205 14 503250
199 82 226581
3 88 135232
98 158 635545
24 74 472342
85 133 188146
34 3 548326
79 54 329070
238 63 474919
58 94 673197
227 186 546012
207 161 521918
39 117 165895
231 208 930715
221 100 832081
11 242 186889
206 111 579541
216 58 80397
180 27 543129
63 210 514384
17 5 747639
190 223 470982
57 179 607928
21 75 236736
5 202 334118
186 132 904204
232 195 219496
173 181 239694
83 118 744287
22 209 909371
62 221 980625
215 136 609084
44 188 326752
108 214 555363
204 165 979155
34 218 209089
213 121 432227
205 168 496524
62 226 760934
221 222 826622
84 26 482246
164 211 67464
96 3 217331
233 142 887293
36 124 490945
23 216 648481
3 187 326226
211 102 570968
14 207 21890
105 124 494446
19 153 174675
150 57 481718
67 133 966937
198 35 362326
170 83 961680
82 120 947474
11 86 676626
25 91 960620
214 232 604744
197 15 196543
189 142 733047
4 58 181678
210 235 595766
164 113 287521
233 32 867032
133 125 742197
204 159 659700
99 123 615142
69 115 785542
207 126 944191
13 94 530077
97 14 569706
110 179 539539
150 99 112631
189 95 515830
61 87 139560
50 16 960213
0 50 360922
24 102 974647
152 41 967413
4 37 202493
6 212 815693
55 213 5606
31 138 787056
35 40 690512
97 26 929406
15 230 399251
50 160 105247
153 118 152556
156 177 688754
78 154 897497
189 49 133182
72 19 141630
161 3 908834
42 166 149850
74 232 750548
88 173 915360
233 62 170903
210 92 208202
133 1 182798
118 67 341477
109 150 552497
179 112 372038
105 176 407234
178 43 255436
40 11 353468
116 214 761968
208 134 287679
130 13 748398
204 74 655365
143 190 654136
155 60 493099
34 93 787556
95 6 328902
215 125 34093
103 146 848428
151 203 315136
6 104 872626
21 203 31027
203 199 409344
172 196 348097
179 147 985958
24 147 268553
169 5 275331
93 146 196859
228 136 305002
195 183 208444
143 101 800264
205 158 387695
84 66 81907
97 41 171533
163 30 381448
26 128 431554
209 241 11605
161 105 557038
33 169 248638
23 53 547323
176 225 293737
67 209 923672
61 163 453130
7 226 933375
6 163 734473
58 54 478489
98 34 242153
171 79 368688
53 42 665357
16 146 948101
216 32 235190
118 211 100294
25 167 443834
57 119 775171
111 124 33672
106 150 499174
75 165 9459
128 239 123981
228 8 183403
55 67 694604
54 231 930172
25 190 348148
230 176 99661
63 208 325374
90 196 515176
23 162 541944
109 210 405492
147 117 640859
15 209 747316
181 37 967641
78 121 131898
10 181 49824
217 109 542697
98 97 804307
153 12 496947
46 73 351755
233 139 319484
124 7 304490
105 215 550961
202 211 942939
230 244 863652
128 96 773519
189 212 905626
20 110 19854
110 137 288795
123 173 9948
175 33 795795
53 156 491022
228 64 938737
193 7 108405
10 99 145381
71 190 852186
112 241 337133
85 219 191773
179 114 206181
156 20 825268
91 109 467823
238 57 319588
136 74 285979
40 232 791147
97 164 312427
10 73 972804
123 103 587971
198 74 566936
158 21 462149
71 235 919672
223 212 423868
149 207 631640
174 38 844649
190 230 887324
134 132 734185
150 13 852972
205 6 163254
94 192 96685
36 69 677068
126 63 890413
146 234 101680
160 141 865513
89 43 115759
208 20 541129
103 236 500644
108 169 158619
105 167 966242
218 15 70292
135 109 570371
187 226 940732
153 125 590450
178 220 749785
62 49 656779
2 41 187691
108 21 497822
194 70 4904
147 60 841738
28 78 362655
139 52 711974
222 213 954447
195 186 240370
229 10 168237
48 191 409635
104 73 998619
191 43 821764
221 204 82845
42 194 702025
189 239 728999
85 205 707411
91 18 639939
66 92 390386
116 117 994160
36 178 595184
39 61 835261
151 121 15556
48 71 5630
209 123 873891
1 15 172451
109 220 478742
240 38 255510
227 82 524874
43 127 103914
165 26 419316
165 189 990981
60 145 303492
115 112 565333
191 89 985826
100 154 741196
203 174 482946
81 14 217701
104 65 70546
65 175 90422
96 0 146665
155 179 953985
59 80 293514
6 152 209719
204 224 383518
206 64 657465
233 53 141973
216 183 745126
182 144 425168
34 200 360741
131 43 443548
168 108 78177
132 165 848931
229 202 71054
87 145 166939
104 205 831167
16 125 14499
36 2 337837
44 193 116486
147 11 819232
178 149 393089
2 78 925873
89 16 381292
42 27 76299
200 89 934800
131 151 416834
125 189 324960
128 204 683971
221 182 589563
181 141 212186
11 166 939651
140 175 892250
28 107 976453
27 55 179450
181 148 483878
39 142 802654
238 65 856892
190 51 788962
87 18 862441
109 89 50050
192 196 725727
64 9 585451
224 35 328643
1 73 768778
80 235 488492
92 47 351836
85 21 441808
15 179 785305
62 10 773565
45 67 256715
81 21 247207
207 18 545797
183 214 571256
32 39 273404
237 34 590498
180 221 135604
160 169 550164
80 238 889450
222 130 200487
85 124 590082
101 204 264244
94 117 600480
168 63 148604
218 242 440552
198 122 309466
116 244 768053
68 127 691540
225 158 664341
232 131 780969
125 110 902271
102 4 149085
12 112 604760
225 63 60208
213 57 933586
52 12 976690
155 69 457538
187 155 859495
42 175 861731
112 171 421002
70 95 670450
222 124 251977
190 68 726989
81 139 718161
96 184 972186
208 156 774053
178 108 292166
159 97 855926
227 169 940928
192 15 245698
35 175 22007
180 55 828303
51 168 451787
9 124 834323
44 78 400485
99 170 848474
177 189 13300
234 23 289774
225 34 92694
131 152 308875
4 105 542826
37 135 26357
181 129 916680
68 16 680973
6 41 640504
236 241 330402
142 166 228900
168 182 510046
226 177 889665
123 68 954218
48 91 845145
49 211 759753
44 120 367672
72 162 917754
204 90 421539
180 36 566296
25 212 85049
198 232 666820
142 218 40277
0 54 889063
222 191 62880
97 58 302738
73 68 131755
124 79 63020
231 230 836720
162 37 703150
70 130 68911
209 199 344700
11 131 655055
154 4 581181
9 157 883024
40 83 751545
69 11 330770
216 165 478933
42 229 726097
120 137 762269
227 163 481522
66 99 424414
59 33 604670
124 164 580968
33 53 685448
198 70 551394
207 144 145794
176 72 47559
163 51 151425
38 13 757476
49 20 411705
125 66 438600
194 46 462661
158 120 304104
115 236 25512
136 167 566988
228 35 442292
108 135 467654
81 131 146862
137 209 72114
221 59 568700
244 41 902165
59 213 202670
75 205 766761
229 119 323759
104 67 370295
40 221 701355
11 4 647304
117 54 18459
194 25 916652
7 217 812972
224 88 376085
48 26 270017
231 77 535337
163 99 108190
134 218 844073
101 163 487906
222 148 285521
183 57 508384
152 221 172550
56 201 909048
37 167 469601
105 110 534051
153 196 955363
135 12 819804
45 183 98348
130 176 894857
107 181 334049
20 125 843441
209 81 225728
39 85 792780
62 234 271644
97 176 66386
127 190 29675
29 121 230531
210 1 309407
181 78 606162
192 45 321287
188 173 73007
198 5 801461
165 65 319246
7 43 77279
124 172 726221
14 123 182362
56 130 4555
188 21 989632
79 130 129775
10 243 952935
230 37 951749
179 88 709668
31 7 387222
171 51 179097
181 120 31723
241 14 683146
21 198 370369
166 108 861260
164 67 22297
154 219 119721
157 204 38355
40 37 79410
158 134 181162
111 217 640964
94 6 2417
233 157 371551
22 107 351662
3 143 668937
15 90 739540
170 240 681225
9 58 744830
127 46 611785
238 156 191563
117 205 739192
21 69 638032
129 215 924999
12 201 712302
197 203 944976
14 56 702655
77 212 993556
202 143 835241
102 26 215480
67 5 606659
171 107 652182
212 199 709855
131 120 569720
95 131 95462
166 186 833760
237 106 86067
37 85 278421
45 68 220584
148 77 263001
126 219 676931
235 152 313566
136 157 315757
19 187 831836
143 57 734691
83 146 300316
123 129 170447
240 86 570594
144 206 140223
29 181 394796
33 160 554507
148 134 622345
80 210 6017
48 244 458036
38 183 834292
210 139 539713
192 39 270415
53 122 720734
214 189 794864
38 114 973287
218 123 297669
218 99 971015
127 179 278072
67 93 44618
118 31 472445
92 240 649390
204 122 502182
32 52 375563
142 108 762823
185 206 311597
144 21 143152
99 241 828452
229 125 658206
113 63 586046
102 207 468133
193 58 809039
148 52 203748
214 95 345670
176 237 542615
110 170 651389
110 53 520611
82 163 480500
159 99 601476
116 211 938071
198 189 827996
170 118 933970
7 120 998144
82 102 950603
187 102 685743
217 119 638004
46 211 276754
243 11 388192
91 186 994379
101 102 495048
7 196 911222
138 126 589604
105 140 361702
223 142 199512
26 166 788407
54 46 321689
66 72 797982
143 168 757409
76 104 132655
91 158 528181
190 156 119951
70 142 248642
109 176 93199
109 138 241075
30 114 532074
85 151 975463
138 6 866608
198 10 307751
132 4 65444
53 85 268143
73 166 648680
139 123 27866
55 151 38497
99 93 362128
28 234 975764
151 161 934061
14 176 827733
97 112 862368
108 137 540175
160 121 307985
11 49 722419
19 55 403933
239 70 314900
34 32 710361
12 76 975774
5 206 254134
239 52 327039
3 209 530766
168 41 635508
155 181 348896
99 15 981124
36 117 337892
222 181 459005
241 108 325951
12 204 720085
127 136 811054
206 8 604079
32 173 978879
136 27 235341
144 200 547195
37 119 996114
146 190 18404
0 128 150573
32 23 840211
206 29 417906
241 90 522958
217 115 304134
99 102 700143
68 72 844246
17 231 507336
168 72 911022
190 80 403395
55 133 628886
74 10 237162
173 53 704580
45 33 135815
20 219 531010
154 209 99683
133 91 449449
174 94 509864
43 197 686257
183 2 759996
115 21 615558
166 213 694881
159 225 374419
208 9 346904
5 24 634904
226 51 805307
233 121 816782
219 127 916394
13 86 464990
43 95 584593
13 186 584531
1 63 144900
154 27 896527
134 117 755104
36 147 857870
99 240 976317
208 221 293429
202 87 705157
6 54 914902
72 121 302937
9 184 712831
236 199 522614
17 156 298514
170 5 315680
4 118 369263
141 94 167809
62 177 95780
208 230 736375
25 111 316150
156 146 266856
187 151 856871
91 125 63711
151 1 417102
227 122 968872
146 94 197043
66 58 990518
189 220 190704
152 169 161176
59 169 359888
54 64 524627
157 172 553942
49 79 982741
194 153 542664
108 65 719313
66 30 332588
227 128 951402
73 25 566042
244 150 689422
219 69 22552
125 28 207082
231 173 290674
187 214 848819
162 143 433293
8 180 811659
7 173 36839
228 104 430301
28 145 251410
45 125 560029
76 155 73630
122 36 606316
111 117 255439
173 78 298817
121 7 962453
193 30 666730
49 48 911114
201 230 284088
51 178 58812
95 149 706465
244 231 750508
191 72 588787
237 74 396461
194 5 610879
26 135 649174
57 8 79040
0 209 217056
49 187 551614
115 0 501289
14 11 779530
135 60 594876
166 23 767585
165 57 17273
203 14 646463
224 191 521927
154 142 741271
151 235 151034
191 75 876274
26 236 794420
220 33 560083
122 222 212315
80 27 217516
187 46 377467
209 229 696892
121 143 287441
4 83 847484
59 110 467123
19 125 580864
60 53 47426
5 56 227199
218 19 775275
141 219 178940
2 28 138358
64 63 288181
124 163 79134
59 11 692929
128 113 332728
229 56 171564
37 97 299900
32 17 487160
208 75 151974
150 37 702074
207 123 552591
167 194 268262
77 52 175923
143 78 862850
79 192 490841
149 179 170274
22 170 989145
0 36 995167
23 99 496627
9 152 148788
213 134 619502
244 80 523512
224 57 150339
155 121 625697
55 14 903336
117 56 446136
60 26 158484
162 153 624515
179 97 587847
231 69 190957
16 60 609193
184 237 487593
166 141 511039
229 20 269014
195 107 996258
93 51 121993
40 178 527238
96 115 179727
224 72 491410
140 132 892732
242 179 375982
191 78 925901
237 172 763204
4 141 872852
43 194 72209
18 16 825674
33 142 223527
207 192 489410
134 99 431812
126 70 169544
32 41 789268
154 28 214732
133 170 551006
185 29 326311
216 197 584322
128 181 280723
129 238 943516
185 123 449626
209 115 27364
170 98 182612
52 231 525512
64 89 154692
229 170 614267
59 98 689822
74 4 386371
88 164 8955
162 157 463660
30 51 194632
97 155 476899
152 110 49312
134 235 77725
186 42 309694
243 123 217082
170 212 595678
140 0 522231
213 85 358527
87 222 932886
11 164 920320
43 196 700502
187 179 435787
233 50 420326
25 118 559373
241 176 204766
30 71 175827
241 11 521390
123 109 756483
38 102 698567
158 174 103200
201 76 240890
112 85 252713
241 47 334540
15 157 736328
139 146 598808
152 114 342005
216 235 412777
209 188 915222
116 50 524475
218 107 582540
139 31 252777
26 231 489301
225 119 219535
135 214 564764
143 30 707303
15 211 124852
128 130 920647
226 6 971730
198 101 539858
53 240 383686
155 0 601056
173 220 816706
21 117 886877
2 244 544172
154 54 68154
63 38 105230
147 63 286071
106 151 811929
99 11 362861
236 126 688589
205 91 701524
56 190 443140
135 193 593847
217 124 957739
146 244 211368
186 212 742739
111 214 60790
74 219 118532
96 48 249274
190 121 545942
103 110 974619
193 209 197099
79 137 900237
100 58 955016
157 159 731919
228 217 823945
92 139 450265
123 94 950584
42 218 548543
197 231 996139
190 236 697337
7 33 241253
114 45 58731
133 53 161130
52 213 170038
224 158 65375
7 137 171666
34 47 155387
26 110 145017
244 147 376702
225 161 291018
162 239 216501
146 204 626718
135 23 921006
141 20 364154
42 48 270582
99 173 235036
39 149 924099
104 115 325875
232 56 965339
228 138 384958
196 115 121459
1 105 352769
116 167 27785
147 90 826530
187 69 439703
91 135 729133
183 19 697884
14 187 199019
199 143 372294
175 16 357235
66 205 434821
94 72 389972
82 228 916580
239 18 538917
207 4 273223
82 16 321607
138 206 157631
20 98 957829
215 40 434987
123 221 114711
186 162 706551
80 1 675671
51 57 869561
141 131 95093
216 87 144739
216 102 432674
53 112 201627
91 134 266442
118 68 19399
141 84 675644
113 131 953528
60 32 292120
16 140 841515
212 244 28647
149 222 564412
82 203 337479
113 8 757149
4 137 774999
8 126 847345
244 33 559060
188 34 132790
101 161 673195
139 42 852442
178 222 864478
157 87 956511
202 204 340351
145 201 315393
100 172 111027
220 130 88896
128 202 475192
235 177 924169
225 77 534490
115 34 841666
67 140 675411
51 97 552234
92 142 300369
118 80 50557
81 145 967729
133 234 112361
2 242 404341
53 8 852562
133 88 110095
88 93 788203
16 58 848174
170 216 265421
16 150 808700
52 29 203455
119 240 691118
85 43 267742
39 54 595262
135 157 718000
120 70 376623
169 229 557911
71 141 237787
168 203 103886
51 31 558
157 26 661466
47 113 59272
241 79 675448
143 234 498877
215 119 488174
23 227 602204
196 30 914325
144 147 51134
236 194 475301
21 107 21970
38 56 631459
138 170 457031
23 84 556711
148 14 568859
13 27 374886
50 87 154394
124 187 388849
222 187 838559
150 35 107598
97 59 460748
25 235 90936
220 213 826914
195 75 100920
198 42 882851
126 174 478474
118 82 41041
48 6 799980
96 126 458870
178 160 186318
200 114 974164
64 148 547421
71 116 501352
217 29 255126
163 139 31051
151 223 280953
162 42 904276
177 80 690775
50 68 861747
203 136 20128
18 51 438716
131 166 69722
130 65 747246
206 14 432690
142 75 800884
94 100 143296
88 222 149685
24 117 422374
242 223 327448
29 210 900191
176 94 769772
32 101 564052
179 227 328510
35 182 472933
114 52 108757
81 32 698682
139 96 215491
84 238 853105
18 174 534240
34 192 58418
23 150 772748
83 130 158407
183 170 818208
122 79 748950
203 242 536202
152 66 256184
4 108 93085
45 20 321148
22 89 434787
233 151 514636
147 79 712202
163 153 306791
199 240 691586
206 146 141036
191 215 447891
60 148 585304
97 189 400474
107 120 465392
29 61 137944
73 205 755048
218 222 459585
98 43 898454
183 205 974970
235 36 857664
198 39 706052
112 157 573498
142 153 56607
13 242 245282
29 133 646115
24 94 667616
123 95 998609
144 166 743849
198 82 306705
28 194 867765
145 18 320728
105 25 600113
54 141 175951
41 170 74557
215 91 42988
74 170 958550
210 182 952999
202 92 589107
120 23 565160
53 39 478286
119 176 502295
73 112 191892
210 54 601425
181 58 427637
113 142 231535
219 181 769149
211 197 8766
218 236 845621
134 60 733262
220 170 709620
226 109 90184
101 150 592446
75 52 653866
164 56 775778
22 97 617786
222 31 746500
82 52 875419
218 30 153966
235 218 74784
111 52 46591
214 122 392707
208 58 644339
199 108 612126
203 138 482440
122 124 79610
13 161 723535
88 175 724388
123 170 940867
38 169 535835
244 193 290919
230 8 857918
126 38 920133
34 9 264020
22 77 167654
47 36 917609
110 52 243942
111 50 289726
42 207 90569
82 92 101191
83 143 829418
34 66 133896
112 9 210564
128 3 565023
23 6 361654
43 5 964208
40 108 543979
147 135 407335
46 219 418047
4 215 941141
54 185 555929
233 223 357609
65 211 309007
2 37 31084
97 5 684047
191 203 646061
17 187 225752
153 212 550935
67 173 204874
161 45 817303
126 198 941329
18 29 869563
171 35 801368
221 12 71889
184 123 603524
192 61 360445
184 181 599963
48 216 573008
6 176 43927
23 148 66038
76 121 111589
174 127 86079
89 74 69998
86 208 323234
104 140 137999
226 97 439436
32 182 675375
136 209 976455
152 210 781313
210 71 637713
198 170 863551
38 143 580692
148 199 280362
88 140 813903
231 101 818760
42 140 62863
130 197 122752
217 173 65488
98 29 497930
209 8 737544
193 76 857411
72 73 623073
137 56 660498
61 185 229567
120 141 732015
89 140 367581
17 135 654804
18 183 410238
33 8 123920
69 55 742006
32 72 899755
68 150 793600
160 199 186302
211 28 653350
42 152 804523
243 86 912753
79 37 714738
115 83 87328
242 67 573477
34 220 524637
127 59 823181
58 42 401928
161 132 16984
136 119 643348
151 30 343434
15 204 493903
74 132 440887
13 4 523503
228 11 469374
177 19 116010
185 215 980592
16 227 883581
243 90 331301
70 178 27760
23 10 127222
226 113 838577
39 220 838636
30 138 373865
114 135 887218
70 37 230414
12 23 715034
242 9 670238
167 193 798607
191 164 750758
14 147 526705
19 18 561775
221 126 198287
153 83 845856
176 21 876291
25 41 271496
176 191 720887
158 180 54686
51 148 751804
180 42 189764
196 207 254171
111 27 766166
140 36 758052
226 215 231168
94 201 186810
30 10 857545
218 65 483139
170 30 728241
205 133 826790
113 208 419147
176 118 2173
7 229 485975
218 167 209528
135 148 67185
26 159 388940
110 142 780322
91 21 831396
106 141 224273
53 106 545789
11 100 786827
192 235 463079
237 222 694062
23 160 768683
169 80 710172
36 204 722278
75 53 827561
238 85 230698
85 189 39697
127 193 121450
102 180 732587
1 173 519281
42 107 626670
103 139 504160
148 59 651421
110 151 389195
16 168 587461
222 23 689845
152 112 516468
137 34 442799
88 170 874241
64 184 291557
152 58 589644
230 82 544083
32 121 844345
89 134 265522
168 151 427783
180 56 759461
127 45 962385
206 156 203199
75 18 829571
21 31 632797
190 240 734749
99 185 380015
97 144 173300
74 2 396135
135 237 902423
174 97 876429
192 4 429656
102 184 140834
170 156 875416
80 35 357055
149 97 999021
209 96 392107
112 215 854291
25 195 843647
89 63 804278
218 195 11119
29 5 926901
194 178 893026
149 74 976227
195 87 543524
1 117 602511
176 70 21424
192 89 513016
15 115 907606
34 49 443721
73 111 394826
58 51 87017
188 160 527740
116 67 277058
216 211 978682
151 137 625615
82 108 938940
139 190 903374
187 210 553798
149 84 61377
220 42 773119
241 205 978847
126 135 748998
89 8 88351
45 12 999818
213 1 997031
195 1 218147
232 81 572006
179 47 824165
42 188 404947
195 74 430893
237 100 210628
161 23 364191
88 219 317563
138 95 108164
115 118 436073
120 13 856852
214 222 490882
59 177 140070
77 9 233963
162 228 84535
222 107 786215
221 230 320190
170 100 401916
0 236 405041
157 36 191676
201 198 791598
113 173 58575
221 68 933849
188 83 392515
159 56 41690
188 48 735632
143 243 844074
157 192 645514
78 84 112951
21 174 824541
29 23 585883
61 207 484067
183 51 182093
119 238 327272
212 185 24194
229 34 86190
129 242 247800
244 89 986496
212 97 497525
192 242 647713
211 112 265988
1 36 973588
231 193 900850
140 225 971135
7 103 156674
3 9 728269
33 94 422974
27 198 569927
244 221 623057
206 44 367342
21 113 995350
10 109 90619
194 226 617747
197 95 338003
200 99 269584
66 151 172454
213 118 403879
41 73 899770
90 236 477082
57 2 913722
179 36 239147
244 206 896206
123 13 789510
84 38 946003
72 178 706702
2 103 78112
16 32 798904
8 171 737523
209 54 731755
210 173 550105
169 48 775411
62 207 119083
213 133 914757
34 212 765756
125 197 734880
192 42 39933
198 76 748016
235 197 555923
73 209 447543
69 122 962253
158 192 822331
93 184 947307
109 71 684135
190 141 198289
88 197 916668
97 79 735828
187 73 689604
99 44 399934
234 38 113040
146 39 812744
72 13 867929
96 193 70447
113 134 683949
215 110 731514
113 123 527377
1 38 79984
99 79 534781
234 162 134924
215 206 73569
184 235 375895
28 163 239179
175 18 860787
102 71 692936
51 80 345684
170 151 209996
2 232 451427
87 38 300248
207 109 315956
239 75 416561
80 185 960528
8 26 102533
181 187 838991
91 83 95893
61 15 363512
111 8 782993
121 90 440872
210 184 190958
194 98 836704
87 49 426925
15 144 318324
185 90 531021
150 2 615166
57 185 27256
172 242 179518
39 244 82845
105 155 885439
93 204 185928
103 108 624370
148 186 899606
216 200 961863
108 45 353407
7 219 420664
97 69 757223
71 31 99545
124 138 857306
56 30 322678
108 98 385214
107 58 659080
234 182 208595
38 189 392461
23 195 791747
155 142 506689
110 207 605726
216 63 827403
186 35 146335
186 226 32929
172 238 112310
186 28 581540
32 129 538716
54 213 32325
81 161 656443
92 230 693733
130 160 132977
191 6 166180
6 236 607315
125 63 676109
170 25 39888
232 5 816878
185 155 956771
68 107 631916
195 17 74870
75 238 508925
82 189 554719
21 78 630579
237 33 328677
169 70 617675
27 230 418052
189 172 524249
150 77 200076
234 116 937180
39 98 769471
23 200 704878
101 74 235163
162 47 38337
167 158 693223
126 190 286212
160 244 412987
1 13 659876
90 181 141769
178 184 561083
49 10 373593
17 243 901536
43 96 841188
155 18 582973
69 129 325668
168 96 78860
192 188 648333
156 172 903919
232 95 412487
149 212 334356
133 84 584020
45 215 427729
234 241 148984
34 213 933627
100 232 823812
184 135 119547
111 181 815645
59 174 668297
109 21 413253
175 187 693766
20 224 61581
170 97 108674
61 8 962125
137 0 437225
158 46 83492
224 222 882491
85 225 251631
6 233 284860
212 110 954012
129 180 693894
98 131 882539
222 230 633611
126 3 801712
34 122 470560
10 27 420225
29 7 961805
50 185 174521
111 159 258846
129 197 151909
67 37 267037
159 153 130964
133 8 8210
193 130 300168
76 43 532
226 149 607223
161 34 794507
237 124 596699
83 89 793550
0 46 328779
205 130 15349
62 153 219681
190 41 439091
140 119 188245
190 160 733787
54 190 918141
214 62 94025
39 97 100349
112 41 228955
34 217 525692
233 125 306532
4 240 343154
172 102 512828
2 58 729285
10 78 275343
233 90 306924
120 240 332751
49 81 281439
146 122 629825
147 134 752974
244 21 503676
67 108 907028
195 91 536773
128 105 304973
3 1 463782
209 48 9237
217 239 126511
129 76 930235
138 115 163888
200 118 996344
94 169 661824
159 110 289281
18 160 512884
215 21 514972
99 164 740906
105 40 871515
148 5 623402
206 79 850796
207 224 753495
153 158 824547
17 114 364949
0 1 160913
1 2 764522
2 3 427080
3 4 361801
4 5 258829
5 6 42724
7 8 974277
8 9 116957
10 11 120648
12 13 52346
13 14 22059
14 15 478997
15 16 848417
16 17 126750
17 18 662119
19 20 751077
21 22 908796
22 23 115922
23 24 65523
24 25 772986
25 26 115069
26 27 197671
27 28 309779
28 29 404928
29 30 426318
30 31 535206
31 32 550274
32 33 127473
33 34 92262
34 35 720915
35 36 512329
36 37 85769
37 38 409751
39 40 122060
40 41 1305
41 42 717750
42 43 762616
43 44 919408
45 46 383941
46 47 75133
47 48 210510
49 50 461499
50 51 854069
51 52 640000
52 53 804823
53 54 35355
54 55 884848
55 56 151518
56 57 826041
57 58 452197
58 59 175663
59 60 340641
60 61 806457
61 62 790319
65 66 974843
66 67 2387
67 68 221624
68 69 165632
69 70 961561
70 71 873205
71 72 48279
73 74 623791
76 77 365507
77 78 909677
79 80 722494
80 81 643239
83 84 224515
84 85 925924
85 86 986883
86 87 397143
87 88 10124
88 89 881077
89 90 148169
90 91 264004
91 92 363052
92 93 705933
93 94 176343
94 95 708443
95 96 788454
96 97 750836
98 99 533237
99 100 778960
100 101 4847
103 104 544861
104 105 656360
105 106 190344
106 107 894609
107 108 201507
108 109 136835
109 110 604158
111 112 117292
113 114 108839
114 115 222499
115 116 86778
117 118 167032
118 119 196803
119 120 429658
120 121 774199
121 122 741750
122 123 28473
123 124 788728
124 125 427110
125 126 328021
126 127 893565
127 128 42204
128 129 815247
131 132 975715
132 133 227912
133 134 546467
134 135 699440
135 136 137610
137 138 543387
138 139 305900
140 141 238009
141 142 743166
143 144 430703
144 145 433786
146 147 236929
147 148 622583
149 150 679629
150 151 841412
151 152 452607
152 153 353352
153 154 354568
154 155 763677
155 156 745801
156 157 244870
157 158 115391
158 159 747240
159 160 754081
160 161 75366
161 162 35172
162 163 283125
163 164 246588
164 165 562171
165 166 847349
166 167 68617
167 168 211721
168 169 329022
169 170 664006
170 171 823674
171 172 239022
172 173 349062
173 174 416193
174 175 268092
175 176 754731
176 177 732025
177 178 474568
181 182 492347
183 184 789457
184 185 334583
185 186 603356
186 187 992001
187 188 607257
188 189 805696
189 190 949506
190 191 559449
191 192 521809
192 193 258495
193 194 120998
194 195 49309
195 196 104413
196 197 765259
197 198 253928
198 199 478627
199 200 596610
200 201 57183
201 202 224610
202 203 11494
203 204 285145
204 205 439521
205 206 921355
206 207 760021
207 208 268904
208 209 891507
209 210 426824
210 211 756575
212 213 391186
213 214 982687
214 215 262842
216 217 943936
217 218 266440
218 219 834555
219 220 323398
220 221 527608
222 223 554291
223 224 445333
224 225 513604
225 226 412907
226 227 308591
227 228 352216
228 229 383671
229 230 232586
232 233 140131
233 234 559077
234 235 192759
235 236 659627
236 237 398955
237 238 407366
238 239 854792
239 240 585045
240 241 562886
241 242 596252
242 243 912719
243 244 955852
