241 395
151 220 179082
28 40 453352
30 215 652831
63 126 725621
111 227 270
69 95 609300
240 123 738295
82 198 794466
187 144 375732
196 132 933308
26 31 166204
90 95 264047
70 177 65003
22 170 764219
230 0 709335
71 22 146236
160 2 957091
120 64 752517
198 103 530331
8 201 498040
158 122 480347
229 235 488046
71 52 948802
166 82 973801
205 156 250545
57 158 715735
236 200 236720
144 156 465501
102 192 299988
170 162 499485
214 154 70460
133 143 274532
37 69 106959
146 34 234514
238 19 366458
202 223 451508
188 133 768693
127 223 580779
160 71 524226
173 64 267644
149 154 196850
52 181 302133
81 145 951236
40 119 648868
72 209 236262
156 30 20207
112 27 239517
4 119 789148
198 192 262049
225 239 361552
123 81 706803
113 211 739235
214 73 280202
83 193 541669
68 204 462858
226 128 453196
224 83 607501
143 71 54056
229 221 767852
76 227 992760
220 207 234992
91 100 625842
204 200 818082
214 57 607088
155 0 764628
76 138 969169
166 134 52136
25 164 288760
228 209 372387
81 39 463052
137 50 633476
190 181 344531
38 39 37709
80 142 503842
47 92 216636
152 92 639243
56 5 900412
8 156 29913
240 208 641639
164 50 2357
203 215 940163
45 13 27575
71 162 513731
25 204 266786
184 227 831845
128 175 981431
155 34 501301
143 139 122067
189 29 640907
140 107 727170
190 11 401
92 32 351920
67 51 693177
4 123 615642
60 238 956774
191 201 578362
20 146 74944
141 166 341401
78 236 351514
86 200 878501
2 66 138327
77 100 863449
167 100 533016
223 151 341452
219 233 170134
226 41 919238
168 237 711731
169 54 645155
164 127 864482
233 59 769884
225 57 580220
235 63 389325
223 39 286053
160 6 992243
76 222 931712
184 231 231386
70 217 239847
46 200 364803
128 14 593475
32 90 218409
24 44 272019
212 177 292371
5 167 463645
70 232 207073
53 5 290452
151 221 47330
12 143 151421
36 35 54553
85 139 453645
34 181 652034
230 65 369774
110 206 979463
126 240 920898
47 172 260017
111 148 592453
100 76 830615
235 45 12256
52 164 194002
71 228 907647
186 225 49731
43 105 716284
85 72 878686
142 10 213772
148 97 324034
142 49 134157
26 98 658271
127 19 182351
174 4 260496
15 26 913378
121 171 721933
132 21 583541
210 79 428399
210 222 966058
184 198 221746
161 3 715393
0 1 504852
1 2 884866
2 3 658981
3 4 764212
4 5 644225
5 6 878590
6 7 632910
7 8 133396
8 9 966693
9 10 332493
10 11 272268
11 12 380166
12 13 492248
13 14 499028
14 15 487702
15 16 920680
16 17 235550
17 18 650991
18 19 841794
19 20 152326
20 21 519613
21 22 176097
22 23 878768
23 24 870311
24 25 663728
25 26 711571
26 27 831793
27 28 586688
28 29 113902
29 30 79093
30 31 963132
31 32 798966
32 33 905274
33 34 660499
34 35 522183
36 37 341830
37 38 665452
39 40 738157
40 41 235297
41 42 519592
42 43 188336
43 44 203668
44 45 752679
45 46 43296
46 47 350472
47 48 9538
48 49 572992
49 50 483023
50 51 261688
51 52 705553
52 53 417322
53 54 553352
54 55 751980
55 56 984523
56 57 891755
57 58 819612
58 59 464070
59 60 175894
60 61 258937
61 62 55711
62 63 378346
63 64 725503
64 65 815244
65 66 349425
66 67 302701
67 68 928848
68 69 627897
69 70 637038
70 71 140159
71 72 429913
72 73 492859
73 74 946112
74 75 651385
75 76 254932
76 77 458744
77 78 155585
78 79 209278
79 80 592530
80 81 927886
81 82 943988
82 83 642168
83 84 468290
84 85 524321
85 86 229783
86 87 33712
87 88 259345
88 89 688297
89 90 24324
90 91 818455
91 92 669848
92 93 239904
93 94 852770
94 95 984268
95 96 512853
96 97 67170
97 98 321567
98 99 456568
99 100 868628
100 101 208669
101 102 547831
102 103 705594
103 104 948158
104 105 886808
105 106 543950
106 107 31248
107 108 164341
108 109 905412
109 110 301575
110 111 716078
111 112 305549
112 113 740709
113 114 446010
114 115 340520
115 116 344514
116 117 943647
117 118 510816
118 119 152113
119 120 60415
120 121 365773
121 122 772135
122 123 969686
123 124 935011
124 125 519260
125 126 344744
126 127 202462
127 128 975813
128 129 588789
129 130 620554
130 131 194911
131 132 306858
132 133 663344
133 134 950664
134 135 217465
135 136 441607
136 137 362688
137 138 55443
138 139 159134
139 140 9729
140 141 596917
141 142 373559
142 143 701128
143 144 284802
144 145 910002
145 146 213029
146 147 693937
147 148 847368
148 149 567380
149 150 193751
150 151 855999
151 152 696486
152 153 122233
153 154 830685
154 155 849967
155 156 969963
156 157 50862
157 158 774341
158 159 911363
159 160 444140
160 161 941183
161 162 592110
162 163 352751
163 164 707988
164 165 866143
165 166 891094
166 167 549302
167 168 169704
168 169 652322
169 170 354714
170 171 442952
171 172 104993
172 173 120042
173 174 29106
174 175 192495
175 176 178259
176 177 764472
177 178 905881
178 179 148526
179 180 988472
180 181 16130
181 182 371759
182 183 169111
183 184 394170
184 185 85606
185 186 615735
186 187 443026
187 188 503374
188 189 344546
189 190 173236
190 191 473844
191 192 143348
192 193 334383
193 194 596533
194 195 522627
195 196 382726
196 197 118105
197 198 377317
198 199 450036
199 200 594679
200 201 802853
201 202 481903
202 203 46181
203 204 9349
204 205 189634
205 206 231978
206 207 405035
207 208 901731
208 209 875504
209 210 870373
210 211 780279
211 212 8816
212 213 942270
213 214 978176
214 215 899898
215 216 820990
216 217 660509
217 218 212602
218 219 64221
219 220 525233
220 221 821133
221 222 471377
222 223 44396
223 224 358898
224 225 291814
225 226 730440
226 227 907582
227 228 494289
228 229 152547
229 230 974737
230 231 790815
231 232 677245
232 233 713422
233 234 993276
234 235 693065
235 236 9319
236 237 313567
237 238 66572
238 239 937336
239 240 507936
