5662 5790
797 5136 5824
1860 5003 269237
4813 5134 240961
3706 2829 655334
4420 2160 432546
4012 1169 252568
3379 325 416732
5279 3288 181592
1425 4452 357580
4768 3890 928005
476 3612 850385
3674 676 959133
1512 2600 8805
3252 3611 643399
2556 2646 341867
1337 1384 177841
4388 1953 301511
5287 212 296995
5272 3332 218006
692 1526 621397
2729 3227 697401
274 4735 252409
4123 609 419677
3218 1489 217340
527 2773 411326
5494 327 27769
111 1207 277279
3663 1194 10841
5226 412 590963
516 4113 12828
5433 5350 779244
4136 1801 464751
813 240 145737
4513 2227 249382
2945 3259 322719
5201 1552 833025
2676 1507 284159
3693 2134 730332
3285 430 602948
4293 2550 926602
1822 294 4235
3506 3869 874590
3741 1280 987182
5112 5182 704500
2980 439 653845
2908 1462 366838
1704 2053 142897
1355 5480 885533
1506 3540 543512
3188 780 625968
4260 577 804736
1466 3054 746493
5515 152 640316
662 1894 760364
2495 1290 334250
3551 306 256347
3342 3785 451666
3209 3437 818248
1056 759 658477
3972 1229 102222
2864 3614 844470
725 250 130881
4710 36 983428
2320 4771 221929
634 4511 34260
1956 354 327607
3493 1146 762250
1165 648 224085
1836 2197 39680
707 3002 264294
1754 5186 548378
396 1691 254382
5493 4151 941353
5251 2074 989198
4693 328 73929
3884 487 700357
2509 4767 563481
5092 4654 77517
2134 2933 744523
4581 1291 724310
1112 5157 306486
3634 4216 92155
5644 4526 106995
641 3292 805675
4606 1409 513657
2834 3784 832355
2789 4658 686274
4916 3237 351962
2525 4210 881865
4490 3547 537522
3276 1743 26808
1432 3648 156962
222 4637 853674
2077 2463 877046
1872 114 371882
3562 1720 18844
721 3826 791311
3623 5638 995033
3520 3147 287255
3126 1507 485290
1263 2301 201177
3630 4348 703511
5638 3382 404725
4056 2357 452411
4002 4543 892366
70 3825 580905
2508 2688 802879
167 2664 743617
2655 233 27778
4666 1652 668910
2974 3631 157658
1621 2412 413980
630 5116 845944
3100 4944 642450
3666 3804 49830
2514 2396 40307
2333 2011 534404
5317 503 942666
4581 1235 91935
2979 1029 757345
4034 4727 570127
5281 605 530269
40 3946 561740
2115 4877 55253
4135 185 484924
4474 3262 680887
2119 3002 892578
5653 297 286661
2215 5355 372858
0 1 305997
1 2 467545
2 3 440890
3 4 235731
4 5 927228
5 6 675234
6 7 172429
7 8 634279
8 9 357391
9 10 541475
10 11 806894
11 12 668848
12 13 932749
13 14 171182
14 15 160201
15 16 638741
16 17 325733
17 18 330943
18 19 461580
19 20 639917
20 21 185354
21 22 261271
22 23 524446
23 24 429663
24 25 852099
25 26 287237
26 27 126665
27 28 607992
28 29 844986
29 30 374043
30 31 510047
31 32 756535
32 33 76580
33 34 506438
34 35 177780
35 36 289657
36 37 817525
37 38 986227
38 39 691993
39 40 274492
40 41 435929
41 42 654245
42 43 238272
43 44 547884
44 45 994352
45 46 941032
46 47 947715
47 48 139780
48 49 260460
49 50 118115
50 51 371853
51 52 639878
52 53 535134
53 54 71150
54 55 803756
55 56 255060
56 57 424088
57 58 206429
58 59 383139
59 60 793709
60 61 865578
61 62 541940
62 63 624630
63 64 46864
64 65 631719
65 66 445808
66 67 866611
67 68 994205
68 69 666152
69 70 677793
70 71 613817
71 72 579553
72 73 441584
73 74 396175
74 75 963404
75 76 596134
76 77 350163
77 78 930880
78 79 181991
79 80 579245
80 81 370041
81 82 356252
82 83 178567
83 84 178585
84 85 212348
85 86 79306
86 87 139436
87 88 433991
88 89 609282
89 90 606080
90 91 729513
91 92 122968
92 93 600976
93 94 761622
94 95 610988
95 96 538331
96 97 839801
97 98 865736
98 99 73908
99 100 522384
100 101 58031
101 102 479819
102 103 163633
103 104 318719
104 105 279437
105 106 129965
106 107 147924
107 108 790762
108 109 341781
109 110 311025
110 111 973268
111 112 772609
112 113 73935
113 114 404736
114 115 357011
115 116 680373
116 117 873102
117 118 876242
118 119 116193
119 120 19411
120 121 417512
121 122 991128
122 123 716251
123 124 799549
124 125 623348
125 126 997044
126 127 574546
127 128 557109
128 129 754974
129 130 762420
130 131 443771
131 132 994630
132 133 231235
133 134 917007
134 135 180110
135 136 125589
136 137 692091
137 138 889423
138 139 216352
139 140 180776
140 141 717477
141 142 229686
142 143 756700
143 144 82836
144 145 44891
145 146 77559
146 147 106625
147 148 369918
148 149 145671
149 150 504813
150 151 353942
151 152 940833
152 153 645102
153 154 333445
154 155 35928
155 156 552753
156 157 586983
157 158 803243
158 159 118009
159 160 789913
160 161 613244
161 162 854377
162 163 945899
163 164 10125
164 165 72648
165 166 649114
166 167 773927
167 168 797941
168 169 948089
169 170 453154
170 171 331243
171 172 602363
172 173 977905
173 174 279201
174 175 612378
175 176 323862
176 177 358300
177 178 908794
178 179 481462
179 180 208547
180 181 791923
181 182 619685
182 183 629423
183 184 141170
184 185 8989
185 186 608527
186 187 266740
187 188 607650
188 189 290375
189 190 27049
190 191 312779
191 192 74537
192 193 357950
193 194 919544
194 195 605995
195 196 1074
196 197 184463
197 198 386743
198 199 863162
199 200 833570
200 201 453069
201 202 541938
202 203 426517
203 204 210930
204 205 813219
205 206 534216
206 207 726608
207 208 754163
208 209 457614
209 210 599590
210 211 784934
211 212 203913
212 213 1454
213 214 316956
214 215 7216
215 216 600165
216 217 70188
217 218 821697
218 219 577959
219 220 374164
220 221 168762
221 222 149318
222 223 511706
223 224 196595
224 225 853821
225 226 830014
226 227 838152
227 228 249153
228 229 233635
229 230 392102
230 231 439971
231 232 283369
232 233 357296
233 234 706467
234 235 524570
235 236 924195
236 237 771436
237 238 48298
238 239 690346
239 240 289089
240 241 383560
241 242 682043
242 243 384192
243 244 799537
244 245 516068
245 246 50937
246 247 313133
247 248 664356
248 249 181201
249 250 924941
250 251 300329
251 252 289261
252 253 495358
253 254 183811
254 255 479727
255 256 228114
256 257 213750
257 258 492318
258 259 549876
259 260 342480
260 261 171142
261 262 859662
262 263 493085
263 264 719914
264 265 4465
265 266 404444
266 267 90428
267 268 433503
268 269 976468
269 270 128284
270 271 716859
271 272 969176
272 273 477989
273 274 435435
274 275 80493
275 276 158945
276 277 797005
277 278 672739
278 279 798955
279 280 254776
280 281 91082
281 282 495944
282 283 457990
283 284 38425
284 285 484878
285 286 878184
286 287 277963
287 288 422647
288 289 834011
289 290 321332
290 291 242843
291 292 412313
292 293 179401
293 294 321572
294 295 735129
295 296 482978
296 297 503509
297 298 949927
298 299 131606
299 300 596288
300 301 18666
301 302 574652
302 303 909471
303 304 186070
304 305 868027
305 306 931591
306 307 468542
307 308 840124
308 309 958247
309 310 580732
310 311 844387
311 312 913256
312 313 876225
313 314 357899
314 315 386394
315 316 256685
316 317 4283
317 318 6386
318 319 215868
319 320 294053
320 321 1893
321 322 171407
322 323 39970
323 324 324186
324 325 749526
325 326 999111
326 327 856475
327 328 797765
328 329 882568
329 330 573766
330 331 667649
331 332 170702
332 333 848081
333 334 479235
334 335 87811
335 336 918947
336 337 751989
337 338 238802
338 339 863396
339 340 584343
340 341 275302
341 342 56197
342 343 758623
343 344 979746
344 345 638599
345 346 675080
346 347 439916
347 348 160089
348 349 377996
349 350 492545
350 351 804214
351 352 980944
352 353 919748
353 354 171760
354 355 399442
355 356 360582
356 357 446216
357 358 96292
358 359 424343
359 360 503192
360 361 745551
361 362 539054
362 363 310875
363 364 104095
364 365 290120
365 366 700736
366 367 814946
367 368 654462
368 369 829114
369 370 952985
370 371 282115
371 372 838058
372 373 10883
373 374 231680
374 375 629668
375 376 136824
376 377 348716
377 378 84242
378 379 176183
379 380 871185
380 381 440670
381 382 64617
382 383 972578
383 384 861058
384 385 349423
385 386 935965
386 387 924179
387 388 271744
388 389 611213
389 390 453568
390 391 393437
391 392 224183
392 393 505787
393 394 495216
394 395 434785
395 396 503262
396 397 502384
397 398 780472
398 399 642229
399 400 66059
400 401 315515
401 402 302850
402 403 188187
403 404 286545
404 405 461140
405 406 620232
406 407 744635
407 408 276914
408 409 573717
409 410 204971
410 411 86607
411 412 344459
412 413 581204
413 414 719019
414 415 813367
415 416 887437
416 417 166366
417 418 336004
418 419 399872
419 420 895219
420 421 793960
421 422 679835
422 423 135372
423 424 43467
424 425 848276
425 426 957861
426 427 903678
427 428 812202
428 429 96035
429 430 629169
430 431 669243
431 432 702602
432 433 895467
433 434 787832
434 435 312279
435 436 982639
436 437 135097
437 438 810955
438 439 479370
439 440 898145
440 441 471985
441 442 557012
442 443 43004
443 444 169131
444 445 345144
445 446 408417
446 447 285368
447 448 440663
448 449 799114
449 450 46567
450 451 147223
451 452 694961
452 453 845790
453 454 165099
454 455 295828
455 456 16585
456 457 331515
457 458 296531
458 459 712778
459 460 311363
460 461 651312
461 462 424246
462 463 57689
463 464 404462
464 465 830622
465 466 651880
466 467 239911
467 468 952013
468 469 269256
469 470 296442
470 471 761356
471 472 589509
472 473 197098
473 474 745475
474 475 828873
475 476 20743
476 477 174358
477 478 90833
478 479 774843
479 480 812348
480 481 211589
481 482 953986
482 483 388430
483 484 666675
484 485 269597
485 486 683005
486 487 171623
487 488 439833
488 489 116700
489 490 952708
490 491 199285
491 492 754247
492 493 597698
493 494 659862
494 495 241470
495 496 163928
496 497 137299
497 498 8354
498 499 688013
499 500 771775
500 501 81616
501 502 904699
502 503 808025
503 504 792159
504 505 240105
505 506 446492
506 507 410616
507 508 98056
508 509 482882
509 510 795761
510 511 478386
511 512 346123
512 513 49749
513 514 365466
514 515 280591
515 516 400765
516 517 886965
517 518 508667
518 519 138625
519 520 109921
520 521 334129
521 522 383077
522 523 629639
523 524 683324
524 525 821261
525 526 500619
526 527 374329
527 528 97337
528 529 648244
529 530 530043
530 531 202301
531 532 996974
532 533 346168
533 534 609900
534 535 541865
535 536 335035
536 537 12662
537 538 140015
538 539 594403
539 540 693232
540 541 940984
541 542 572889
542 543 86354
543 544 137204
544 545 130718
545 546 915943
546 547 19173
547 548 498900
548 549 179776
549 550 903432
550 551 416196
551 552 865269
552 553 672655
553 554 222174
554 555 665093
555 556 688577
556 557 571882
557 558 400038
558 559 644129
559 560 481500
560 561 458631
561 562 151809
562 563 858035
563 564 894105
564 565 784482
565 566 312328
566 567 51356
567 568 793249
568 569 972720
569 570 846450
570 571 335325
571 572 678577
572 573 811326
573 574 239265
574 575 171813
575 576 108846
576 577 763166
577 578 65511
578 579 638022
579 580 258284
580 581 542771
581 582 660651
582 583 363313
583 584 855872
584 585 605752
585 586 522498
586 587 765969
587 588 978661
588 589 334
589 590 895180
590 591 441297
591 592 229106
592 593 119000
593 594 478885
594 595 39045
595 596 115
596 597 975398
597 598 713662
598 599 426540
599 600 95122
600 601 454730
601 602 263065
602 603 35267
603 604 328597
604 605 386271
605 606 421354
606 607 317354
607 608 365952
608 609 284514
609 610 191830
610 611 969332
611 612 24046
612 613 101133
613 614 664919
614 615 21985
615 616 370692
616 617 186145
617 618 947777
618 619 63584
619 620 431595
620 621 211997
621 622 648639
622 623 922837
623 624 602685
624 625 890291
625 626 240692
626 627 909481
627 628 51137
628 629 561558
629 630 781735
630 631 24841
631 632 710974
632 633 341774
633 634 311632
634 635 686862
635 636 419040
636 637 974170
637 638 857925
638 639 747919
639 640 648476
640 641 285941
641 642 622426
642 643 847466
643 644 57328
644 645 641437
645 646 871036
646 647 302196
647 648 474413
648 649 554806
649 650 551139
650 651 671395
651 652 725893
652 653 858863
653 654 411995
654 655 801753
655 656 520420
656 657 856629
657 658 451245
658 659 783635
659 660 222446
660 661 988213
661 662 650871
662 663 156267
663 664 79619
664 665 584029
665 666 357471
666 667 694398
667 668 737426
668 669 247041
669 670 16168
670 671 306118
671 672 178573
672 673 748490
673 674 116242
674 675 345471
675 676 341705
676 677 104108
677 678 798516
678 679 218742
679 680 169551
680 681 920143
681 682 268315
682 683 563486
683 684 841729
684 685 477101
685 686 737586
686 687 248986
687 688 992953
688 689 639910
689 690 893866
690 691 87093
691 692 587292
692 693 441242
693 694 330519
694 695 648130
695 696 320979
696 697 412193
697 698 252578
698 699 929743
699 700 350544
700 701 988180
701 702 658834
702 703 963113
703 704 971769
704 705 230710
705 706 658728
706 707 495430
707 708 413716
708 709 439904
709 710 136528
710 711 397130
711 712 841876
712 713 603175
713 714 59994
714 715 97874
715 716 640121
716 717 691402
717 718 445926
718 719 387564
719 720 875035
720 721 344471
721 722 528454
722 723 399153
723 724 789792
724 725 277628
725 726 352146
726 727 871367
727 728 420863
728 729 228573
729 730 472122
730 731 198337
731 732 596285
732 733 34361
733 734 101458
734 735 8729
735 736 875325
736 737 584587
737 738 655017
738 739 592004
739 740 357469
740 741 782486
741 742 349216
742 743 821859
743 744 712715
744 745 708783
745 746 39177
746 747 613855
747 748 310092
748 749 206706
749 750 807566
750 751 501498
751 752 177285
752 753 323154
753 754 382107
754 755 918071
755 756 100773
756 757 63181
757 758 109650
758 759 751538
759 760 654555
760 761 90716
761 762 530539
762 763 42739
763 764 31894
764 765 182085
765 766 673426
766 767 637233
767 768 662373
768 769 501872
769 770 152242
770 771 987534
771 772 844317
772 773 600720
773 774 913408
774 775 667992
775 776 300018
776 777 84714
777 778 146883
778 779 556660
779 780 51732
780 781 448758
781 782 320738
782 783 666352
783 784 496995
784 785 874803
785 786 46331
786 787 316810
787 788 271071
788 789 334367
789 790 78874
790 791 704673
791 792 241368
792 793 639010
793 794 208470
794 795 708960
795 796 439132
796 797 300493
797 798 704424
798 799 197179
799 800 311691
800 801 620763
801 802 64057
802 803 12649
803 804 565279
804 805 318393
805 806 957625
806 807 596475
807 808 343054
808 809 428925
809 810 757503
810 811 8596
811 812 975683
812 813 836608
813 814 364159
814 815 623029
815 816 462867
816 817 91689
817 818 329258
818 819 807293
819 820 831856
820 821 535721
821 822 739486
822 823 376703
823 824 926988
824 825 111554
825 826 358330
826 827 962435
827 828 478617
828 829 931355
829 830 313727
830 831 17134
831 832 423754
832 833 693113
833 834 325720
834 835 543974
835 836 434656
836 837 960328
837 838 864665
838 839 968160
839 840 598338
840 841 309747
841 842 866993
842 843 702034
843 844 679882
844 845 399932
845 846 780720
846 847 101107
847 848 88847
848 849 64984
849 850 404246
850 851 74011
851 852 108433
852 853 571827
853 854 430539
854 855 901539
855 856 772669
856 857 787557
857 858 702380
858 859 225271
859 860 708999
860 861 282606
861 862 313374
862 863 621586
863 864 675635
864 865 100428
865 866 64684
866 867 773433
867 868 446405
868 869 109575
869 870 808651
870 871 595784
871 872 72296
872 873 223882
873 874 96118
874 875 495410
875 876 619832
876 877 798777
877 878 621006
878 879 480610
879 880 198164
880 881 542278
881 882 782972
882 883 277835
883 884 270292
884 885 533258
885 886 355093
886 887 906005
887 888 506189
888 889 645797
889 890 827239
890 891 352043
891 892 192857
892 893 559370
893 894 165827
894 895 499143
895 896 969561
896 897 398410
897 898 413752
898 899 975067
899 900 271287
900 901 484913
901 902 610459
902 903 776634
903 904 759687
904 905 301118
905 906 524121
906 907 272872
907 908 243503
908 909 379555
909 910 150010
910 911 268545
911 912 373672
912 913 162307
913 914 645376
914 915 535384
915 916 284206
916 917 759457
917 918 261237
918 919 394753
919 920 901869
920 921 372707
921 922 502482
922 923 407828
923 924 403249
924 925 719427
925 926 488509
926 927 546094
927 928 81741
928 929 606567
929 930 426534
930 931 150330
931 932 9923
932 933 924435
933 934 38580
934 935 164738
935 936 37032
936 937 749918
937 938 594568
938 939 757771
939 940 704646
940 941 504728
941 942 809141
942 943 201941
943 944 74201
944 945 711271
945 946 983185
946 947 898315
947 948 548647
948 949 898339
949 950 517891
950 951 537134
951 952 988313
952 953 612935
953 954 592415
954 955 15550
955 956 498625
956 957 538711
957 958 782813
958 959 342650
959 960 735510
960 961 11349
961 962 46035
962 963 566903
963 964 713562
964 965 734771
965 966 874995
966 967 992053
967 968 137091
968 969 914432
969 970 757114
970 971 295291
971 972 376363
972 973 232574
973 974 576384
974 975 622839
975 976 413513
976 977 863533
977 978 219802
978 979 389078
979 980 172883
980 981 841345
981 982 180227
982 983 189875
983 984 833823
984 985 404537
985 986 896492
986 987 505940
987 988 146088
988 989 205236
989 990 31127
990 991 348313
991 992 440237
992 993 367363
993 994 287746
994 995 806183
995 996 420036
996 997 585116
997 998 549192
998 999 294143
999 1000 453818
1000 1001 135568
1001 1002 974751
1002 1003 207929
1003 1004 943281
1004 1005 648821
1005 1006 273284
1006 1007 663969
1007 1008 62315
1008 1009 952068
1009 1010 745459
1010 1011 977211
1011 1012 833553
1012 1013 419730
1013 1014 897305
1014 1015 815846
1015 1016 990113
1016 1017 6595
1017 1018 594365
1018 1019 264328
1019 1020 75523
1020 1021 331576
1021 1022 433448
1022 1023 703114
1023 1024 219333
1024 1025 631543
1025 1026 425479
1026 1027 164322
1027 1028 94990
1028 1029 457447
1029 1030 923690
1030 1031 570276
1031 1032 727192
1032 1033 184217
1033 1034 325518
1034 1035 127177
1035 1036 882679
1036 1037 727542
1037 1038 338960
1038 1039 685689
1039 1040 680312
1040 1041 154337
1041 1042 945960
1042 1043 168198
1043 1044 949431
1044 1045 625907
1045 1046 568180
1046 1047 844284
1047 1048 223931
1048 1049 759547
1049 1050 120919
1050 1051 858071
1051 1052 733942
1052 1053 645104
1053 1054 834176
1054 1055 622141
1055 1056 411907
1056 1057 160373
1057 1058 384861
1058 1059 35031
1059 1060 734615
1060 1061 366417
1061 1062 450485
1062 1063 93141
1063 1064 627859
1064 1065 893311
1065 1066 93606
1066 1067 761757
1067 1068 266300
1068 1069 435244
1069 1070 404517
1070 1071 753424
1071 1072 746541
1072 1073 104032
1073 1074 766050
1074 1075 765378
1075 1076 211821
1076 1077 183925
1077 1078 418137
1078 1079 432517
1079 1080 987901
1080 1081 948473
1081 1082 305663
1082 1083 537362
1083 1084 199025
1084 1085 204039
1085 1086 630533
1086 1087 904560
1087 1088 139724
1088 1089 566476
1089 1090 868027
1090 1091 569520
1091 1092 969213
1092 1093 203546
1093 1094 911996
1094 1095 143588
1095 1096 629940
1096 1097 444706
1097 1098 807035
1098 1099 34078
1099 1100 449318
1100 1101 519112
1101 1102 78816
1102 1103 170117
1103 1104 913811
1104 1105 550044
1105 1106 478585
1106 1107 892503
1107 1108 287433
1108 1109 30632
1109 1110 347502
1110 1111 890241
1111 1112 95768
1112 1113 561408
1113 1114 988608
1114 1115 932583
1115 1116 704428
1116 1117 831598
1117 1118 349747
1118 1119 714079
1119 1120 523131
1120 1121 140971
1121 1122 302551
1122 1123 682981
1123 1124 7930
1124 1125 920344
1125 1126 846733
1126 1127 984564
1127 1128 180952
1128 1129 241175
1129 1130 353598
1130 1131 693310
1131 1132 994715
1132 1133 371173
1133 1134 177700
1134 1135 361749
1135 1136 665595
1136 1137 996928
1137 1138 860811
1138 1139 498023
1139 1140 530878
1140 1141 49443
1141 1142 785741
1142 1143 103465
1143 1144 889699
1144 1145 986484
1145 1146 544932
1146 1147 467463
1147 1148 550418
1148 1149 533735
1149 1150 50603
1150 1151 210978
1151 1152 839133
1152 1153 37231
1153 1154 835244
1154 1155 160377
1155 1156 194123
1156 1157 661157
1157 1158 291985
1158 1159 141461
1159 1160 222596
1160 1161 70707
1161 1162 34019
1162 1163 312690
1163 1164 838589
1164 1165 6817
1165 1166 790978
1166 1167 113418
1167 1168 481100
1168 1169 181699
1169 1170 878888
1170 1171 753370
1171 1172 721832
1172 1173 783175
1173 1174 168205
1174 1175 809283
1175 1176 56022
1176 1177 621831
1177 1178 205284
1178 1179 281509
1179 1180 691363
1180 1181 573574
1181 1182 382849
1182 1183 939168
1183 1184 436982
1184 1185 10414
1185 1186 912389
1186 1187 72036
1187 1188 548796
1188 1189 762253
1189 1190 685818
1190 1191 364696
1191 1192 9130
1192 1193 680582
1193 1194 331101
1194 1195 303205
1195 1196 908627
1196 1197 941427
1197 1198 411979
1198 1199 877706
1199 1200 978340
1200 1201 135500
1201 1202 896652
1202 1203 148915
1203 1204 44325
1204 1205 84835
1205 1206 838056
1206 1207 823824
1207 1208 36284
1208 1209 386136
1209 1210 801797
1210 1211 122499
1211 1212 105514
1212 1213 49011
1213 1214 670432
1214 1215 660260
1215 1216 915439
1216 1217 765865
1217 1218 786158
1218 1219 722671
1219 1220 688640
1220 1221 10408
1221 1222 475731
1222 1223 352044
1223 1224 769867
1224 1225 477879
1225 1226 461756
1226 1227 16818
1227 1228 362505
1228 1229 869976
1229 1230 621704
1230 1231 78158
1231 1232 81711
1232 1233 743851
1233 1234 129304
1234 1235 954730
1235 1236 380066
1236 1237 716554
1237 1238 654898
1238 1239 861012
1239 1240 772590
1240 1241 493726
1241 1242 744779
1242 1243 714195
1243 1244 320786
1244 1245 218322
1245 1246 747578
1246 1247 589458
1247 1248 205926
1248 1249 537751
1249 1250 343191
1250 1251 574500
1251 1252 368953
1252 1253 506066
1253 1254 414205
1254 1255 470655
1255 1256 627048
1256 1257 627798
1257 1258 918616
1258 1259 920351
1259 1260 405131
1260 1261 117929
1261 1262 126157
1262 1263 199325
1263 1264 566876
1264 1265 983696
1265 1266 690394
1266 1267 774236
1267 1268 85680
1268 1269 643287
1269 1270 851577
1270 1271 333458
1271 1272 754155
1272 1273 787552
1273 1274 745664
1274 1275 986525
1275 1276 262281
1276 1277 285169
1277 1278 485068
1278 1279 142581
1279 1280 10125
1280 1281 582135
1281 1282 209637
1282 1283 201441
1283 1284 55252
1284 1285 422035
1285 1286 740067
1286 1287 35244
1287 1288 215957
1288 1289 585236
1289 1290 200187
1290 1291 452472
1291 1292 336257
1292 1293 171851
1293 1294 354065
1294 1295 56897
1295 1296 968304
1296 1297 605621
1297 1298 152118
1298 1299 810545
1299 1300 116526
1300 1301 875770
1301 1302 469362
1302 1303 792981
1303 1304 691190
1304 1305 640848
1305 1306 230677
1306 1307 243934
1307 1308 544205
1308 1309 155529
1309 1310 318143
1310 1311 257473
1311 1312 918276
1312 1313 336719
1313 1314 875089
1314 1315 425595
1315 1316 371801
1316 1317 672826
1317 1318 6255
1318 1319 271985
1319 1320 32252
1320 1321 245679
1321 1322 450069
1322 1323 916037
1323 1324 937216
1324 1325 792792
1325 1326 456865
1326 1327 932196
1327 1328 767169
1328 1329 861693
1329 1330 977191
1330 1331 75627
1331 1332 406231
1332 1333 622853
1333 1334 79646
1334 1335 449640
1335 1336 670011
1336 1337 430319
1337 1338 544390
1338 1339 816739
1339 1340 599789
1340 1341 103527
1341 1342 220651
1342 1343 730328
1343 1344 579784
1344 1345 487431
1345 1346 336401
1346 1347 674770
1347 1348 67282
1348 1349 726001
1349 1350 25077
1350 1351 852172
1351 1352 802103
1352 1353 566780
1353 1354 652357
1354 1355 956448
1355 1356 652350
1356 1357 252764
1357 1358 27031
1358 1359 716491
1359 1360 231581
1360 1361 262515
1361 1362 265737
1362 1363 846436
1363 1364 847527
1364 1365 205613
1365 1366 817049
1366 1367 410416
1367 1368 479804
1368 1369 120814
1369 1370 382365
1370 1371 24967
1371 1372 692146
1372 1373 501089
1373 1374 390552
1374 1375 255424
1375 1376 49647
1376 1377 717090
1377 1378 826676
1378 1379 624373
1379 1380 685451
1380 1381 428436
1381 1382 629048
1382 1383 924608
1383 1384 635361
1384 1385 388430
1385 1386 740452
1386 1387 799047
1387 1388 362455
1388 1389 469714
1389 1390 623011
1390 1391 11282
1391 1392 232258
1392 1393 255064
1393 1394 651568
1394 1395 562985
1395 1396 447371
1396 1397 768406
1397 1398 619624
1398 1399 279266
1399 1400 679322
1400 1401 513566
1401 1402 931271
1402 1403 325304
1403 1404 897946
1404 1405 87917
1405 1406 291704
1406 1407 194580
1407 1408 242122
1408 1409 528559
1409 1410 470685
1410 1411 38170
1411 1412 87042
1412 1413 501228
1413 1414 122718
1414 1415 932712
1415 1416 291396
1416 1417 764378
1417 1418 26347
1418 1419 984944
1419 1420 86736
1420 1421 929615
1421 1422 718176
1422 1423 813459
1423 1424 702933
1424 1425 208526
1425 1426 713422
1426 1427 465377
1427 1428 569698
1428 1429 887193
1429 1430 241290
1430 1431 593599
1431 1432 565381
1432 1433 302689
1433 1434 334233
1434 1435 346263
1435 1436 406299
1436 1437 437963
1437 1438 450203
1438 1439 913877
1439 1440 83662
1440 1441 669828
1441 1442 654439
1442 1443 790381
1443 1444 845142
1444 1445 192943
1445 1446 117065
1446 1447 100449
1447 1448 415242
1448 1449 851883
1449 1450 656104
1450 1451 599554
1451 1452 186669
1452 1453 203600
1453 1454 432425
1454 1455 588011
1455 1456 28109
1456 1457 470446
1457 1458 26881
1458 1459 733178
1459 1460 920326
1460 1461 928053
1461 1462 191843
1462 1463 273792
1463 1464 438601
1464 1465 859387
1465 1466 11830
1466 1467 298794
1467 1468 4969
1468 1469 335727
1469 1470 493683
1470 1471 781779
1471 1472 689330
1472 1473 5089
1473 1474 869893
1474 1475 565517
1475 1476 310680
1476 1477 743604
1477 1478 151688
1478 1479 916735
1479 1480 334446
1480 1481 495385
1481 1482 417713
1482 1483 139864
1483 1484 642571
1484 1485 98409
1485 1486 332131
1486 1487 977765
1487 1488 467003
1488 1489 101043
1489 1490 358626
1490 1491 416775
1491 1492 20282
1492 1493 35697
1493 1494 443856
1494 1495 159852
1495 1496 357230
1496 1497 774569
1497 1498 161756
1498 1499 90893
1499 1500 607327
1500 1501 570793
1501 1502 234534
1502 1503 490976
1503 1504 607806
1504 1505 39343
1505 1506 426233
1506 1507 421132
1507 1508 799114
1508 1509 173508
1509 1510 319215
1510 1511 78432
1511 1512 51129
1512 1513 265695
1513 1514 281421
1514 1515 854015
1515 1516 152243
1516 1517 956289
1517 1518 303249
1518 1519 677427
1519 1520 357792
1520 1521 985843
1521 1522 269290
1522 1523 746660
1523 1524 620232
1524 1525 921132
1525 1526 365322
1526 1527 718535
1527 1528 896397
1528 1529 984875
1529 1530 385146
1530 1531 449200
1531 1532 14539
1532 1533 4516
1533 1534 645163
1534 1535 71696
1535 1536 845953
1536 1537 143690
1537 1538 652272
1538 1539 971847
1539 1540 439977
1540 1541 655479
1541 1542 342575
1542 1543 423935
1543 1544 540969
1544 1545 396910
1545 1546 963331
1546 1547 53180
1547 1548 90315
1548 1549 324525
1549 1550 418192
1550 1551 49658
1551 1552 129819
1552 1553 623158
1553 1554 748904
1554 1555 752955
1555 1556 654032
1556 1557 150411
1557 1558 642975
1558 1559 782289
1559 1560 725902
1560 1561 255613
1561 1562 299574
1562 1563 48756
1563 1564 112363
1564 1565 204102
1565 1566 165220
1566 1567 772647
1567 1568 619860
1568 1569 147303
1569 1570 261199
1570 1571 724808
1571 1572 734649
1572 1573 807297
1573 1574 394186
1574 1575 986886
1575 1576 178803
1576 1577 688220
1577 1578 346949
1578 1579 437489
1579 1580 509949
1580 1581 737407
1581 1582 176149
1582 1583 746147
1583 1584 368470
1584 1585 235540
1585 1586 509568
1586 1587 67532
1587 1588 893565
1588 1589 472048
1589 1590 610857
1590 1591 540804
1591 1592 386438
1592 1593 360800
1593 1594 804787
1594 1595 30772
1595 1596 200355
1596 1597 606711
1597 1598 152653
1598 1599 811753
1599 1600 886294
1600 1601 246298
1601 1602 835620
1602 1603 914706
1603 1604 731147
1604 1605 478161
1605 1606 699490
1606 1607 927571
1607 1608 652242
1608 1609 639405
1609 1610 946314
1610 1611 697079
1611 1612 295274
1612 1613 126411
1613 1614 299949
1614 1615 534714
1615 1616 591548
1616 1617 936578
1617 1618 670538
1618 1619 145063
1619 1620 204267
1620 1621 733814
1621 1622 746154
1622 1623 218196
1623 1624 869562
1624 1625 862641
1625 1626 778818
1626 1627 547932
1627 1628 127878
1628 1629 224119
1629 1630 211185
1630 1631 943644
1631 1632 363085
1632 1633 31956
1633 1634 305118
1634 1635 184613
1635 1636 313166
1636 1637 22911
1637 1638 78235
1638 1639 651150
1639 1640 957518
1640 1641 493247
1641 1642 162599
1642 1643 608744
1643 1644 822249
1644 1645 785380
1645 1646 573173
1646 1647 331671
1647 1648 363426
1648 1649 908239
1649 1650 351643
1650 1651 834159
1651 1652 325368
1652 1653 902648
1653 1654 863189
1654 1655 576388
1655 1656 572221
1656 1657 48525
1657 1658 870961
1658 1659 552465
1659 1660 23535
1660 1661 561990
1661 1662 664342
1662 1663 840571
1663 1664 848912
1664 1665 703186
1665 1666 226175
1666 1667 854638
1667 1668 779264
1668 1669 11794
1669 1670 57697
1670 1671 544898
1671 1672 348031
1672 1673 435389
1673 1674 919195
1674 1675 798935
1675 1676 607204
1676 1677 211856
1677 1678 797800
1678 1679 918712
1679 1680 149374
1680 1681 414229
1681 1682 111665
1682 1683 435776
1683 1684 398907
1684 1685 936776
1685 1686 567908
1686 1687 75684
1687 1688 540377
1688 1689 738690
1689 1690 211855
1690 1691 999337
1691 1692 322481
1692 1693 374210
1693 1694 456471
1694 1695 831892
1695 1696 291304
1696 1697 5445
1697 1698 815846
1698 1699 494865
1699 1700 1779
1700 1701 185073
1701 1702 796558
1702 1703 264149
1703 1704 739699
1704 1705 60613
1705 1706 83253
1706 1707 841559
1707 1708 979783
1708 1709 287394
1709 1710 457417
1710 1711 359637
1711 1712 436304
1712 1713 448990
1713 1714 591841
1714 1715 607552
1715 1716 256630
1716 1717 251538
1717 1718 29446
1718 1719 677437
1719 1720 580514
1720 1721 383127
1721 1722 282531
1722 1723 353188
1723 1724 278807
1724 1725 368332
1725 1726 707422
1726 1727 193031
1727 1728 567029
1728 1729 201533
1729 1730 262775
1730 1731 835576
1731 1732 485478
1732 1733 238862
1733 1734 833916
1734 1735 304930
1735 1736 674072
1736 1737 842718
1737 1738 837471
1738 1739 284328
1739 1740 533124
1740 1741 394199
1741 1742 916150
1742 1743 931301
1743 1744 864694
1744 1745 465115
1745 1746 705675
1746 1747 79461
1747 1748 275451
1748 1749 946759
1749 1750 563402
1750 1751 223992
1751 1752 460045
1752 1753 555456
1753 1754 308248
1754 1755 303304
1755 1756 119558
1756 1757 299457
1757 1758 402273
1758 1759 123217
1759 1760 518478
1760 1761 311715
1761 1762 328516
1762 1763 458206
1763 1764 762572
1764 1765 68819
1765 1766 32948
1766 1767 775399
1767 1768 793871
1768 1769 742801
1769 1770 958467
1770 1771 525395
1771 1772 438550
1772 1773 801089
1773 1774 984895
1774 1775 149869
1775 1776 477272
1776 1777 956686
1777 1778 603239
1778 1779 21650
1779 1780 248578
1780 1781 848360
1781 1782 884897
1782 1783 590551
1783 1784 834548
1784 1785 604651
1785 1786 573626
1786 1787 845133
1787 1788 705641
1788 1789 890521
1789 1790 225477
1790 1791 19728
1791 1792 995990
1792 1793 513271
1793 1794 451321
1794 1795 469303
1795 1796 617902
1796 1797 766179
1797 1798 646985
1798 1799 655835
1799 1800 407054
1800 1801 636085
1801 1802 639480
1802 1803 567242
1803 1804 621374
1804 1805 878204
1805 1806 126627
1806 1807 989272
1807 1808 61971
1808 1809 491612
1809 1810 51983
1810 1811 904416
1811 1812 690241
1812 1813 624716
1813 1814 915361
1814 1815 780663
1815 1816 915806
1816 1817 698392
1817 1818 695896
1818 1819 462131
1819 1820 596997
1820 1821 822650
1821 1822 527133
1822 1823 484820
1823 1824 464609
1824 1825 716083
1825 1826 383210
1826 1827 924893
1827 1828 580577
1828 1829 713592
1829 1830 967958
1830 1831 548593
1831 1832 779300
1832 1833 657798
1833 1834 892507
1834 1835 195008
1835 1836 498225
1836 1837 404930
1837 1838 992762
1838 1839 499485
1839 1840 123585
1840 1841 531892
1841 1842 584230
1842 1843 290996
1843 1844 567207
1844 1845 19881
1845 1846 108706
1846 1847 929502
1847 1848 350144
1848 1849 406023
1849 1850 182317
1850 1851 921940
1851 1852 251142
1852 1853 800158
1853 1854 76337
1854 1855 797477
1855 1856 849388
1856 1857 774342
1857 1858 451495
1858 1859 625319
1859 1860 576938
1860 1861 958493
1861 1862 82028
1862 1863 238610
1863 1864 768907
1864 1865 930481
1865 1866 817563
1866 1867 330090
1867 1868 561879
1868 1869 35856
1869 1870 608711
1870 1871 462806
1871 1872 965374
1872 1873 556245
1873 1874 921081
1874 1875 119569
1875 1876 27236
1876 1877 433785
1877 1878 52870
1878 1879 286436
1879 1880 938664
1880 1881 529704
1881 1882 625096
1882 1883 802666
1883 1884 288842
1884 1885 902876
1885 1886 648061
1886 1887 469288
1887 1888 582593
1888 1889 276642
1889 1890 558970
1890 1891 843600
1891 1892 74372
1892 1893 980910
1893 1894 824943
1894 1895 916400
1895 1896 808675
1896 1897 904058
1897 1898 983711
1898 1899 911794
1899 1900 915314
1900 1901 627458
1901 1902 84470
1902 1903 842014
1903 1904 350697
1904 1905 420820
1905 1906 205461
1906 1907 850359
1907 1908 58318
1908 1909 77923
1909 1910 784225
1910 1911 878002
1911 1912 284956
1912 1913 576919
1913 1914 54253
1914 1915 977715
1915 1916 372419
1916 1917 342164
1917 1918 125166
1918 1919 654179
1919 1920 778559
1920 1921 913075
1921 1922 290334
1922 1923 138318
1923 1924 518269
1924 1925 116844
1925 1926 394322
1926 1927 417618
1927 1928 358826
1928 1929 926177
1929 1930 58118
1930 1931 679215
1931 1932 924855
1932 1933 508223
1933 1934 505381
1934 1935 250743
1935 1936 538584
1936 1937 11202
1937 1938 642713
1938 1939 239071
1939 1940 644101
1940 1941 730110
1941 1942 63283
1942 1943 630592
1943 1944 611123
1944 1945 461534
1945 1946 795139
1946 1947 804642
1947 1948 187842
1948 1949 259899
1949 1950 610198
1950 1951 136929
1951 1952 557463
1952 1953 487244
1953 1954 482257
1954 1955 174348
1955 1956 409424
1956 1957 147362
1957 1958 223771
1958 1959 541163
1959 1960 908419
1960 1961 675926
1961 1962 351245
1962 1963 640595
1963 1964 118598
1964 1965 665501
1965 1966 650888
1966 1967 757587
1967 1968 878391
1968 1969 246947
1969 1970 593725
1970 1971 120089
1971 1972 786243
1972 1973 583680
1973 1974 482067
1974 1975 781815
1975 1976 628700
1976 1977 962946
1977 1978 839827
1978 1979 896628
1979 1980 80089
1980 1981 211587
1981 1982 858729
1982 1983 353570
1983 1984 241511
1984 1985 859859
1985 1986 881164
1986 1987 995318
1987 1988 218939
1988 1989 917349
1989 1990 259574
1990 1991 286338
1991 1992 644333
1992 1993 977533
1993 1994 219585
1994 1995 261612
1995 1996 786012
1996 1997 353064
1997 1998 360013
1998 1999 727950
1999 2000 538405
2000 2001 680075
2001 2002 340777
2002 2003 736257
2003 2004 173795
2004 2005 741147
2005 2006 593023
2006 2007 656558
2007 2008 880374
2008 2009 581710
2009 2010 694354
2010 2011 745481
2011 2012 495728
2012 2013 676268
2013 2014 723242
2014 2015 973423
2015 2016 893451
2016 2017 945838
2017 2018 529648
2018 2019 443587
2019 2020 756982
2020 2021 931489
2021 2022 338185
2022 2023 558670
2023 2024 457778
2024 2025 671985
2025 2026 326082
2026 2027 513653
2027 2028 164585
2028 2029 445389
2029 2030 672753
2030 2031 891222
2031 2032 82369
2032 2033 671632
2033 2034 837119
2034 2035 392703
2035 2036 239376
2036 2037 305986
2037 2038 939631
2038 2039 767235
2039 2040 937029
2040 2041 431422
2041 2042 932462
2042 2043 749227
2043 2044 902193
2044 2045 20255
2045 2046 955231
2046 2047 303958
2047 2048 715826
2048 2049 107303
2049 2050 37349
2050 2051 344767
2051 2052 259812
2052 2053 510287
2053 2054 751780
2054 2055 68505
2055 2056 653574
2056 2057 18179
2057 2058 879978
2058 2059 917501
2059 2060 801447
2060 2061 133027
2061 2062 223495
2062 2063 810010
2063 2064 899003
2064 2065 938208
2065 2066 241650
2066 2067 770485
2067 2068 745760
2068 2069 15434
2069 2070 72669
2070 2071 541871
2071 2072 253024
2072 2073 822917
2073 2074 59257
2074 2075 907717
2075 2076 912969
2076 2077 123865
2077 2078 367915
2078 2079 956446
2079 2080 792228
2080 2081 401902
2081 2082 599517
2082 2083 22620
2083 2084 317724
2084 2085 326311
2085 2086 79403
2086 2087 508792
2087 2088 21572
2088 2089 146865
2089 2090 285977
2090 2091 409732
2091 2092 823374
2092 2093 630287
2093 2094 952777
2094 2095 796723
2095 2096 494740
2096 2097 704822
2097 2098 568299
2098 2099 606019
2099 2100 48679
2100 2101 735174
2101 2102 989071
2102 2103 138374
2103 2104 119898
2104 2105 83463
2105 2106 825796
2106 2107 966099
2107 2108 639245
2108 2109 528636
2109 2110 263868
2110 2111 185786
2111 2112 183567
2112 2113 977624
2113 2114 775892
2114 2115 915054
2115 2116 404449
2116 2117 304124
2117 2118 834390
2118 2119 972886
2119 2120 257537
2120 2121 701898
2121 2122 18319
2122 2123 662428
2123 2124 527102
2124 2125 772673
2125 2126 48908
2126 2127 98018
2127 2128 667133
2128 2129 702089
2129 2130 482954
2130 2131 234130
2131 2132 809793
2132 2133 125620
2133 2134 387465
2134 2135 192404
2135 2136 328294
2136 2137 292513
2137 2138 632350
2138 2139 348357
2139 2140 984307
2140 2141 598067
2141 2142 268605
2142 2143 530515
2143 2144 307506
2144 2145 977860
2145 2146 317085
2146 2147 134542
2147 2148 488258
2148 2149 601203
2149 2150 614303
2150 2151 558818
2151 2152 511530
2152 2153 860443
2153 2154 933551
2154 2155 837874
2155 2156 905171
2156 2157 972125
2157 2158 670977
2158 2159 900320
2159 2160 160987
2160 2161 486384
2161 2162 389723
2162 2163 707097
2163 2164 897124
2164 2165 177235
2165 2166 141509
2166 2167 990059
2167 2168 156281
2168 2169 360671
2169 2170 498284
2170 2171 879621
2171 2172 411198
2172 2173 340572
2173 2174 231048
2174 2175 659701
2175 2176 332717
2176 2177 539741
2177 2178 191768
2178 2179 192815
2179 2180 202028
2180 2181 481982
2181 2182 495297
2182 2183 246296
2183 2184 630697
2184 2185 884656
2185 2186 164663
2186 2187 81068
2187 2188 477799
2188 2189 911971
2189 2190 424931
2190 2191 763913
2191 2192 572493
2192 2193 127145
2193 2194 936850
2194 2195 22833
2195 2196 342365
2196 2197 751877
2197 2198 325904
2198 2199 695248
2199 2200 163073
2200 2201 664321
2201 2202 950089
2202 2203 504735
2203 2204 626907
2204 2205 10123
2205 2206 597583
2206 2207 193304
2207 2208 822893
2208 2209 619746
2209 2210 281575
2210 2211 206869
2211 2212 103892
2212 2213 900062
2213 2214 507478
2214 2215 281922
2215 2216 308521
2216 2217 374648
2217 2218 865339
2218 2219 867446
2219 2220 648106
2220 2221 67421
2221 2222 702562
2222 2223 872942
2223 2224 824264
2224 2225 396973
2225 2226 708894
2226 2227 10776
2227 2228 428590
2228 2229 850753
2229 2230 599964
2230 2231 520786
2231 2232 168867
2232 2233 964783
2233 2234 687861
2234 2235 549455
2235 2236 727386
2236 2237 110342
2237 2238 876658
2238 2239 615483
2239 2240 938506
2240 2241 785153
2241 2242 699857
2242 2243 447515
2243 2244 882228
2244 2245 270835
2245 2246 666380
2246 2247 166218
2247 2248 412421
2248 2249 513681
2249 2250 570096
2250 2251 988374
2251 2252 243799
2252 2253 660915
2253 2254 375957
2254 2255 496697
2255 2256 335321
2256 2257 814530
2257 2258 654422
2258 2259 985199
2259 2260 844515
2260 2261 984071
2261 2262 195096
2262 2263 247991
2263 2264 926509
2264 2265 881652
2265 2266 705428
2266 2267 405970
2267 2268 400432
2268 2269 28364
2269 2270 693152
2270 2271 28509
2271 2272 698513
2272 2273 364400
2273 2274 721608
2274 2275 103603
2275 2276 442221
2276 2277 552796
2277 2278 577103
2278 2279 262347
2279 2280 853628
2280 2281 532436
2281 2282 591806
2282 2283 723036
2283 2284 448673
2284 2285 92769
2285 2286 403323
2286 2287 30068
2287 2288 756084
2288 2289 191106
2289 2290 870772
2290 2291 753814
2291 2292 996712
2292 2293 370023
2293 2294 697204
2294 2295 405219
2295 2296 996884
2296 2297 623846
2297 2298 14335
2298 2299 425341
2299 2300 643163
2300 2301 894348
2301 2302 226021
2302 2303 531028
2303 2304 207021
2304 2305 661400
2305 2306 490559
2306 2307 535850
2307 2308 361083
2308 2309 903251
2309 2310 43114
2310 2311 846892
2311 2312 765816
2312 2313 31559
2313 2314 190240
2314 2315 809370
2315 2316 801293
2316 2317 717697
2317 2318 377429
2318 2319 701945
2319 2320 410586
2320 2321 504434
2321 2322 447443
2322 2323 320750
2323 2324 467559
2324 2325 882320
2325 2326 237482
2326 2327 699918
2327 2328 582564
2328 2329 745027
2329 2330 400579
2330 2331 952233
2331 2332 751696
2332 2333 214854
2333 2334 930248
2334 2335 612358
2335 2336 623910
2336 2337 120851
2337 2338 842804
2338 2339 951283
2339 2340 420958
2340 2341 798422
2341 2342 998047
2342 2343 380976
2343 2344 408024
2344 2345 470332
2345 2346 454946
2346 2347 656751
2347 2348 69999
2348 2349 213794
2349 2350 159179
2350 2351 356418
2351 2352 665251
2352 2353 494539
2353 2354 16788
2354 2355 651436
2355 2356 458398
2356 2357 429993
2357 2358 676215
2358 2359 71834
2359 2360 233357
2360 2361 956652
2361 2362 897179
2362 2363 308501
2363 2364 226255
2364 2365 984664
2365 2366 809879
2366 2367 326359
2367 2368 736915
2368 2369 700296
2369 2370 587645
2370 2371 744418
2371 2372 444283
2372 2373 828569
2373 2374 2622
2374 2375 113087
2375 2376 487305
2376 2377 134729
2377 2378 225077
2378 2379 188231
2379 2380 43260
2380 2381 317791
2381 2382 469028
2382 2383 67565
2383 2384 402922
2384 2385 814727
2385 2386 256449
2386 2387 16564
2387 2388 562312
2388 2389 602083
2389 2390 866024
2390 2391 867931
2391 2392 573205
2392 2393 297055
2393 2394 993032
2394 2395 806937
2395 2396 401241
2396 2397 942566
2397 2398 934243
2398 2399 824525
2399 2400 222480
2400 2401 330395
2401 2402 203489
2402 2403 824274
2403 2404 215036
2404 2405 558329
2405 2406 126036
2406 2407 704450
2407 2408 836623
2408 2409 255517
2409 2410 931187
2410 2411 353946
2411 2412 968052
2412 2413 510337
2413 2414 799695
2414 2415 117853
2415 2416 611052
2416 2417 481355
2417 2418 329223
2418 2419 794618
2419 2420 832820
2420 2421 659114
2421 2422 224125
2422 2423 600350
2423 2424 654797
2424 2425 232572
2425 2426 378001
2426 2427 124728
2427 2428 134684
2428 2429 336927
2429 2430 181896
2430 2431 697238
2431 2432 578920
2432 2433 54330
2433 2434 861309
2434 2435 331617
2435 2436 329486
2436 2437 672605
2437 2438 618253
2438 2439 141748
2439 2440 660952
2440 2441 28542
2441 2442 608790
2442 2443 312778
2443 2444 923167
2444 2445 740832
2445 2446 29434
2446 2447 11477
2447 2448 514934
2448 2449 959373
2449 2450 39090
2450 2451 11877
2451 2452 840211
2452 2453 548207
2453 2454 472022
2454 2455 109145
2455 2456 841773
2456 2457 989492
2457 2458 347448
2458 2459 604437
2459 2460 370007
2460 2461 438380
2461 2462 111094
2462 2463 320462
2463 2464 799104
2464 2465 603236
2465 2466 510112
2466 2467 830836
2467 2468 486354
2468 2469 982731
2469 2470 194098
2470 2471 448018
2471 2472 104999
2472 2473 430224
2473 2474 275003
2474 2475 349524
2475 2476 681159
2476 2477 560623
2477 2478 378923
2478 2479 435544
2479 2480 217558
2480 2481 475990
2481 2482 333537
2482 2483 585727
2483 2484 200223
2484 2485 85716
2485 2486 305723
2486 2487 905431
2487 2488 940961
2488 2489 324725
2489 2490 567432
2490 2491 115874
2491 2492 148201
2492 2493 904315
2493 2494 391698
2494 2495 265428
2495 2496 109040
2496 2497 622601
2497 2498 680758
2498 2499 576481
2499 2500 253611
2500 2501 431554
2501 2502 905277
2502 2503 230720
2503 2504 236674
2504 2505 323804
2505 2506 210765
2506 2507 115850
2507 2508 543433
2508 2509 458060
2509 2510 697757
2510 2511 888102
2511 2512 236740
2512 2513 686741
2513 2514 907648
2514 2515 661959
2515 2516 970446
2516 2517 649865
2517 2518 321680
2518 2519 988161
2519 2520 181023
2520 2521 504003
2521 2522 590163
2522 2523 112403
2523 2524 537218
2524 2525 954070
2525 2526 434662
2526 2527 555746
2527 2528 578848
2528 2529 128052
2529 2530 150608
2530 2531 285734
2531 2532 608605
2532 2533 480401
2533 2534 419192
2534 2535 844924
2535 2536 512975
2536 2537 607384
2537 2538 288214
2538 2539 501232
2539 2540 543878
2540 2541 257966
2541 2542 17635
2542 2543 735003
2543 2544 509149
2544 2545 799820
2545 2546 80540
2546 2547 159056
2547 2548 730874
2548 2549 338920
2549 2550 328524
2550 2551 151346
2551 2552 208394
2552 2553 260539
2553 2554 815560
2554 2555 176686
2555 2556 250530
2556 2557 863654
2557 2558 720877
2558 2559 984354
2559 2560 547496
2560 2561 265226
2561 2562 964358
2562 2563 234119
2563 2564 5094
2564 2565 317328
2565 2566 662250
2566 2567 101368
2567 2568 519408
2568 2569 560510
2569 2570 980028
2570 2571 662540
2571 2572 800000
2572 2573 13527
2573 2574 314875
2574 2575 570635
2575 2576 48565
2576 2577 110160
2577 2578 916559
2578 2579 780319
2579 2580 856791
2580 2581 876970
2581 2582 1334
2582 2583 696025
2583 2584 406763
2584 2585 56401
2585 2586 449042
2586 2587 181333
2587 2588 590848
2588 2589 755534
2589 2590 804206
2590 2591 439064
2591 2592 892607
2592 2593 732449
2593 2594 130760
2594 2595 434839
2595 2596 745072
2596 2597 388792
2597 2598 939873
2598 2599 493279
2599 2600 347082
2600 2601 74864
2601 2602 805098
2602 2603 323887
2603 2604 749089
2604 2605 668215
2605 2606 785438
2606 2607 207592
2607 2608 550150
2608 2609 116616
2609 2610 629471
2610 2611 808144
2611 2612 329570
2612 2613 571321
2613 2614 916538
2614 2615 210578
2615 2616 266059
2616 2617 557461
2617 2618 973886
2618 2619 770814
2619 2620 358498
2620 2621 242402
2621 2622 317231
2622 2623 226068
2623 2624 297399
2624 2625 900707
2625 2626 537085
2626 2627 652860
2627 2628 61126
2628 2629 132314
2629 2630 102778
2630 2631 550687
2631 2632 848922
2632 2633 761003
2633 2634 344560
2634 2635 184695
2635 2636 135225
2636 2637 136471
2637 2638 336040
2638 2639 254069
2639 2640 558056
2640 2641 447631
2641 2642 292539
2642 2643 89028
2643 2644 97341
2644 2645 765092
2645 2646 309533
2646 2647 490748
2647 2648 276460
2648 2649 289599
2649 2650 31838
2650 2651 149652
2651 2652 454775
2652 2653 246362
2653 2654 382918
2654 2655 356630
2655 2656 123499
2656 2657 37337
2657 2658 318636
2658 2659 453721
2659 2660 229677
2660 2661 491869
2661 2662 544943
2662 2663 98943
2663 2664 43038
2664 2665 466590
2665 2666 187308
2666 2667 265111
2667 2668 788025
2668 2669 31877
2669 2670 302155
2670 2671 670534
2671 2672 538352
2672 2673 876458
2673 2674 300688
2674 2675 812755
2675 2676 347047
2676 2677 379892
2677 2678 339811
2678 2679 309263
2679 2680 196370
2680 2681 196465
2681 2682 897827
2682 2683 365496
2683 2684 194263
2684 2685 166015
2685 2686 378342
2686 2687 726611
2687 2688 441235
2688 2689 929886
2689 2690 581317
2690 2691 172011
2691 2692 132419
2692 2693 197413
2693 2694 465181
2694 2695 719995
2695 2696 779719
2696 2697 288025
2697 2698 861817
2698 2699 464023
2699 2700 432147
2700 2701 359547
2701 2702 325486
2702 2703 821823
2703 2704 922022
2704 2705 863259
2705 2706 854044
2706 2707 97460
2707 2708 280274
2708 2709 87376
2709 2710 135937
2710 2711 553030
2711 2712 781440
2712 2713 378491
2713 2714 798350
2714 2715 216066
2715 2716 903669
2716 2717 657341
2717 2718 114198
2718 2719 131965
2719 2720 266706
2720 2721 199423
2721 2722 509585
2722 2723 95271
2723 2724 993863
2724 2725 66396
2725 2726 55392
2726 2727 974665
2727 2728 365293
2728 2729 279317
2729 2730 783291
2730 2731 63428
2731 2732 934606
2732 2733 673268
2733 2734 582608
2734 2735 19453
2735 2736 779301
2736 2737 305843
2737 2738 508018
2738 2739 960011
2739 2740 995858
2740 2741 167904
2741 2742 543386
2742 2743 254797
2743 2744 313594
2744 2745 422195
2745 2746 433099
2746 2747 720445
2747 2748 700222
2748 2749 406690
2749 2750 622012
2750 2751 430562
2751 2752 629581
2752 2753 479923
2753 2754 70844
2754 2755 86954
2755 2756 388291
2756 2757 304791
2757 2758 385027
2758 2759 728701
2759 2760 587438
2760 2761 808389
2761 2762 316659
2762 2763 601430
2763 2764 914716
2764 2765 24641
2765 2766 860858
2766 2767 657095
2767 2768 773047
2768 2769 745035
2769 2770 9199
2770 2771 874012
2771 2772 888311
2772 2773 30209
2773 2774 544960
2774 2775 974906
2775 2776 28286
2776 2777 974974
2777 2778 250165
2778 2779 601306
2779 2780 2840
2780 2781 716601
2781 2782 878862
2782 2783 117137
2783 2784 214879
2784 2785 999413
2785 2786 503739
2786 2787 212509
2787 2788 493098
2788 2789 271927
2789 2790 266859
2790 2791 429721
2791 2792 204507
2792 2793 469352
2793 2794 870866
2794 2795 640042
2795 2796 67899
2796 2797 776823
2797 2798 360818
2798 2799 940531
2799 2800 854705
2800 2801 208116
2801 2802 581870
2802 2803 781932
2803 2804 354838
2804 2805 204243
2805 2806 517872
2806 2807 621372
2807 2808 774060
2808 2809 482299
2809 2810 86246
2810 2811 179764
2811 2812 134552
2812 2813 627537
2813 2814 286977
2814 2815 405752
2815 2816 242102
2816 2817 284161
2817 2818 729514
2818 2819 66543
2819 2820 880002
2820 2821 847493
2821 2822 178221
2822 2823 510205
2823 2824 507789
2824 2825 825738
2825 2826 67868
2826 2827 28092
2827 2828 891215
2828 2829 234511
2829 2830 219124
2830 2831 31514
2831 2832 703014
2832 2833 279343
2833 2834 791171
2834 2835 86651
2835 2836 213636
2836 2837 247988
2837 2838 680267
2838 2839 974901
2839 2840 888514
2840 2841 998861
2841 2842 101507
2842 2843 190294
2843 2844 951525
2844 2845 213696
2845 2846 40555
2846 2847 291869
2847 2848 329985
2848 2849 964240
2849 2850 351999
2850 2851 846443
2851 2852 702471
2852 2853 99586
2853 2854 431769
2854 2855 564299
2855 2856 22111
2856 2857 598303
2857 2858 939418
2858 2859 903623
2859 2860 508766
2860 2861 764339
2861 2862 148949
2862 2863 472056
2863 2864 731587
2864 2865 464203
2865 2866 289139
2866 2867 658163
2867 2868 263575
2868 2869 62483
2869 2870 76943
2870 2871 670913
2871 2872 358542
2872 2873 246516
2873 2874 44808
2874 2875 897197
2875 2876 321607
2876 2877 437901
2877 2878 4353
2878 2879 477624
2879 2880 542748
2880 2881 476097
2881 2882 713681
2882 2883 159517
2883 2884 592828
2884 2885 57750
2885 2886 994893
2886 2887 117722
2887 2888 68718
2888 2889 289956
2889 2890 964352
2890 2891 915338
2891 2892 149343
2892 2893 830402
2893 2894 529151
2894 2895 567226
2895 2896 116784
2896 2897 589483
2897 2898 185197
2898 2899 31266
2899 2900 133077
2900 2901 109430
2901 2902 682312
2902 2903 678657
2903 2904 986627
2904 2905 173430
2905 2906 891644
2906 2907 212156
2907 2908 182500
2908 2909 552705
2909 2910 859683
2910 2911 390620
2911 2912 583984
2912 2913 541854
2913 2914 994775
2914 2915 986806
2915 2916 249954
2916 2917 759429
2917 2918 370312
2918 2919 868375
2919 2920 955167
2920 2921 791010
2921 2922 59542
2922 2923 220332
2923 2924 334593
2924 2925 874056
2925 2926 148874
2926 2927 245013
2927 2928 173559
2928 2929 438710
2929 2930 655871
2930 2931 485758
2931 2932 577794
2932 2933 85940
2933 2934 512998
2934 2935 927037
2935 2936 335289
2936 2937 729050
2937 2938 587140
2938 2939 423601
2939 2940 784060
2940 2941 491706
2941 2942 303171
2942 2943 828244
2943 2944 880533
2944 2945 862014
2945 2946 869722
2946 2947 961474
2947 2948 492036
2948 2949 536349
2949 2950 870888
2950 2951 865718
2951 2952 404561
2952 2953 700272
2953 2954 233044
2954 2955 829682
2955 2956 806933
2956 2957 704756
2957 2958 897006
2958 2959 503198
2959 2960 882647
2960 2961 962366
2961 2962 867640
2962 2963 588205
2963 2964 727694
2964 2965 805959
2965 2966 57033
2966 2967 253336
2967 2968 471456
2968 2969 1236
2969 2970 316955
2970 2971 974638
2971 2972 818302
2972 2973 852948
2973 2974 58275
2974 2975 318865
2975 2976 852060
2976 2977 957736
2977 2978 565466
2978 2979 638842
2979 2980 631794
2980 2981 521216
2981 2982 144443
2982 2983 30926
2983 2984 440009
2984 2985 463848
2985 2986 100513
2986 2987 273418
2987 2988 733108
2988 2989 710581
2989 2990 291033
2990 2991 381655
2991 2992 730253
2992 2993 743776
2993 2994 174029
2994 2995 889091
2995 2996 65290
2996 2997 301595
2997 2998 893994
2998 2999 394381
2999 3000 464978
3000 3001 699818
3001 3002 186701
3002 3003 506945
3003 3004 781571
3004 3005 341920
3005 3006 979010
3006 3007 806133
3007 3008 179807
3008 3009 919593
3009 3010 502126
3010 3011 375656
3011 3012 847610
3012 3013 10223
3013 3014 820387
3014 3015 362174
3015 3016 147064
3016 3017 359163
3017 3018 48481
3018 3019 96117
3019 3020 525121
3020 3021 345354
3021 3022 738699
3022 3023 681908
3023 3024 386775
3024 3025 275643
3025 3026 809189
3026 3027 516423
3027 3028 122871
3028 3029 693125
3029 3030 168120
3030 3031 575134
3031 3032 94593
3032 3033 191473
3033 3034 510492
3034 3035 70847
3035 3036 928267
3036 3037 660823
3037 3038 478448
3038 3039 638715
3039 3040 679107
3040 3041 815389
3041 3042 983306
3042 3043 956225
3043 3044 769723
3044 3045 117900
3045 3046 374282
3046 3047 249721
3047 3048 368504
3048 3049 851461
3049 3050 558947
3050 3051 265429
3051 3052 668459
3052 3053 625706
3053 3054 34792
3054 3055 573970
3055 3056 575619
3056 3057 851698
3057 3058 108659
3058 3059 563958
3059 3060 45972
3060 3061 977906
3061 3062 2737
3062 3063 753678
3063 3064 890532
3064 3065 69414
3065 3066 170877
3066 3067 273454
3067 3068 497990
3068 3069 304314
3069 3070 420180
3070 3071 208951
3071 3072 559547
3072 3073 744621
3073 3074 899119
3074 3075 324623
3075 3076 445598
3076 3077 795839
3077 3078 265836
3078 3079 653934
3079 3080 164093
3080 3081 356121
3081 3082 661099
3082 3083 595662
3083 3084 822711
3084 3085 915804
3085 3086 782062
3086 3087 885873
3087 3088 549167
3088 3089 543534
3089 3090 748305
3090 3091 650587
3091 3092 792317
3092 3093 459145
3093 3094 130660
3094 3095 985536
3095 3096 792730
3096 3097 713069
3097 3098 777727
3098 3099 99780
3099 3100 58181
3100 3101 891351
3101 3102 939614
3102 3103 390503
3103 3104 570694
3104 3105 699745
3105 3106 49052
3106 3107 49671
3107 3108 944103
3108 3109 55595
3109 3110 922276
3110 3111 83769
3111 3112 529848
3112 3113 282649
3113 3114 664375
3114 3115 273625
3115 3116 929323
3116 3117 450288
3117 3118 943634
3118 3119 500038
3119 3120 790401
3120 3121 218942
3121 3122 884202
3122 3123 404230
3123 3124 585476
3124 3125 487134
3125 3126 79856
3126 3127 31609
3127 3128 823361
3128 3129 112984
3129 3130 902552
3130 3131 321195
3131 3132 981138
3132 3133 171464
3133 3134 448808
3134 3135 412036
3135 3136 866658
3136 3137 681036
3137 3138 493849
3138 3139 296771
3139 3140 166560
3140 3141 811182
3141 3142 498983
3142 3143 378208
3143 3144 91141
3144 3145 281860
3145 3146 397830
3146 3147 743909
3147 3148 412587
3148 3149 380342
3149 3150 750898
3150 3151 175291
3151 3152 835461
3152 3153 541892
3153 3154 5584
3154 3155 315248
3155 3156 404580
3156 3157 130075
3157 3158 222320
3158 3159 206776
3159 3160 628583
3160 3161 581522
3161 3162 521616
3162 3163 209779
3163 3164 622675
3164 3165 790782
3165 3166 134237
3166 3167 248818
3167 3168 35031
3168 3169 867516
3169 3170 964751
3170 3171 499554
3171 3172 575608
3172 3173 885919
3173 3174 583471
3174 3175 984917
3175 3176 538677
3176 3177 341428
3177 3178 757195
3178 3179 845085
3179 3180 349159
3180 3181 287575
3181 3182 306302
3182 3183 53800
3183 3184 941379
3184 3185 554243
3185 3186 56541
3186 3187 526538
3187 3188 737174
3188 3189 260150
3189 3190 27006
3190 3191 769948
3191 3192 265926
3192 3193 867387
3193 3194 522077
3194 3195 625261
3195 3196 186192
3196 3197 535547
3197 3198 442631
3198 3199 644840
3199 3200 32089
3200 3201 762785
3201 3202 172920
3202 3203 732821
3203 3204 899104
3204 3205 946153
3205 3206 434539
3206 3207 243169
3207 3208 870434
3208 3209 732538
3209 3210 96753
3210 3211 442990
3211 3212 226040
3212 3213 190763
3213 3214 240827
3214 3215 14748
3215 3216 275810
3216 3217 908995
3217 3218 248865
3218 3219 826208
3219 3220 535674
3220 3221 475643
3221 3222 584857
3222 3223 314648
3223 3224 447541
3224 3225 486022
3225 3226 492776
3226 3227 428558
3227 3228 905003
3228 3229 284650
3229 3230 379534
3230 3231 97734
3231 3232 91887
3232 3233 57757
3233 3234 214107
3234 3235 933549
3235 3236 563331
3236 3237 581323
3237 3238 115839
3238 3239 481823
3239 3240 817384
3240 3241 156240
3241 3242 412487
3242 3243 650370
3243 3244 223822
3244 3245 330616
3245 3246 938299
3246 3247 685648
3247 3248 402955
3248 3249 172033
3249 3250 375501
3250 3251 83739
3251 3252 81410
3252 3253 636423
3253 3254 631077
3254 3255 507684
3255 3256 968836
3256 3257 642474
3257 3258 59742
3258 3259 926473
3259 3260 392684
3260 3261 334532
3261 3262 918827
3262 3263 635637
3263 3264 818400
3264 3265 144534
3265 3266 283946
3266 3267 179766
3267 3268 166687
3268 3269 640010
3269 3270 451411
3270 3271 883842
3271 3272 342776
3272 3273 153833
3273 3274 963136
3274 3275 420792
3275 3276 873887
3276 3277 159377
3277 3278 54304
3278 3279 742733
3279 3280 600452
3280 3281 845338
3281 3282 723840
3282 3283 100711
3283 3284 442861
3284 3285 344677
3285 3286 317574
3286 3287 832649
3287 3288 902371
3288 3289 908078
3289 3290 430359
3290 3291 693825
3291 3292 769023
3292 3293 889262
3293 3294 242564
3294 3295 963850
3295 3296 272396
3296 3297 552065
3297 3298 761472
3298 3299 69179
3299 3300 838877
3300 3301 167509
3301 3302 917440
3302 3303 83174
3303 3304 176633
3304 3305 612768
3305 3306 224258
3306 3307 163707
3307 3308 19876
3308 3309 545607
3309 3310 969020
3310 3311 817508
3311 3312 945348
3312 3313 640913
3313 3314 884798
3314 3315 711174
3315 3316 108812
3316 3317 152338
3317 3318 990744
3318 3319 347884
3319 3320 70747
3320 3321 955794
3321 3322 985693
3322 3323 753969
3323 3324 712206
3324 3325 876659
3325 3326 782063
3326 3327 836749
3327 3328 511505
3328 3329 205282
3329 3330 906126
3330 3331 324282
3331 3332 405194
3332 3333 295236
3333 3334 205256
3334 3335 777787
3335 3336 383996
3336 3337 852192
3337 3338 650504
3338 3339 277640
3339 3340 802957
3340 3341 963328
3341 3342 217484
3342 3343 402105
3343 3344 415287
3344 3345 196873
3345 3346 777265
3346 3347 90345
3347 3348 996004
3348 3349 411666
3349 3350 867577
3350 3351 620413
3351 3352 932621
3352 3353 701950
3353 3354 584595
3354 3355 743632
3355 3356 680235
3356 3357 202416
3357 3358 248803
3358 3359 776507
3359 3360 877061
3360 3361 912613
3361 3362 315332
3362 3363 727053
3363 3364 542694
3364 3365 280771
3365 3366 117119
3366 3367 56998
3367 3368 656555
3368 3369 41292
3369 3370 759254
3370 3371 674243
3371 3372 305901
3372 3373 991363
3373 3374 674039
3374 3375 620769
3375 3376 294274
3376 3377 704945
3377 3378 35428
3378 3379 121241
3379 3380 527041
3380 3381 366609
3381 3382 355484
3382 3383 332024
3383 3384 282546
3384 3385 706427
3385 3386 476422
3386 3387 929079
3387 3388 532193
3388 3389 633397
3389 3390 536226
3390 3391 555228
3391 3392 592468
3392 3393 807978
3393 3394 949565
3394 3395 597357
3395 3396 825213
3396 3397 848329
3397 3398 874073
3398 3399 318799
3399 3400 179229
3400 3401 527062
3401 3402 103465
3402 3403 301761
3403 3404 754186
3404 3405 959105
3405 3406 448691
3406 3407 569754
3407 3408 349491
3408 3409 782490
3409 3410 976172
3410 3411 559980
3411 3412 711426
3412 3413 261066
3413 3414 666606
3414 3415 96736
3415 3416 975116
3416 3417 421649
3417 3418 428403
3418 3419 650136
3419 3420 208341
3420 3421 608784
3421 3422 427656
3422 3423 867444
3423 3424 699649
3424 3425 543167
3425 3426 292294
3426 3427 938696
3427 3428 248572
3428 3429 968134
3429 3430 949067
3430 3431 755665
3431 3432 623843
3432 3433 908311
3433 3434 291309
3434 3435 37007
3435 3436 881852
3436 3437 550086
3437 3438 640989
3438 3439 586482
3439 3440 898107
3440 3441 464933
3441 3442 90667
3442 3443 8666
3443 3444 796520
3444 3445 709529
3445 3446 997438
3446 3447 160288
3447 3448 571531
3448 3449 469903
3449 3450 840893
3450 3451 918382
3451 3452 926714
3452 3453 884941
3453 3454 649991
3454 3455 453148
3455 3456 479784
3456 3457 440616
3457 3458 699435
3458 3459 72273
3459 3460 80541
3460 3461 353302
3461 3462 428103
3462 3463 891368
3463 3464 410640
3464 3465 275153
3465 3466 642286
3466 3467 883452
3467 3468 994306
3468 3469 590186
3469 3470 816146
3470 3471 650687
3471 3472 652867
3472 3473 320527
3473 3474 367555
3474 3475 414619
3475 3476 315029
3476 3477 644160
3477 3478 319424
3478 3479 633675
3479 3480 721003
3480 3481 401110
3481 3482 413139
3482 3483 137066
3483 3484 141859
3484 3485 188642
3485 3486 631623
3486 3487 139636
3487 3488 488278
3488 3489 738350
3489 3490 795882
3490 3491 389365
3491 3492 590292
3492 3493 928565
3493 3494 979868
3494 3495 675531
3495 3496 312906
3496 3497 898681
3497 3498 821657
3498 3499 818558
3499 3500 398959
3500 3501 385726
3501 3502 855171
3502 3503 118140
3503 3504 503761
3504 3505 972985
3505 3506 365805
3506 3507 829291
3507 3508 373758
3508 3509 16865
3509 3510 504823
3510 3511 37894
3511 3512 537508
3512 3513 563660
3513 3514 871388
3514 3515 568792
3515 3516 742159
3516 3517 833144
3517 3518 907394
3518 3519 25061
3519 3520 504296
3520 3521 246420
3521 3522 434906
3522 3523 613857
3523 3524 481631
3524 3525 933664
3525 3526 32129
3526 3527 556959
3527 3528 981812
3528 3529 972974
3529 3530 419111
3530 3531 370236
3531 3532 72692
3532 3533 683952
3533 3534 676914
3534 3535 627227
3535 3536 441929
3536 3537 200392
3537 3538 419187
3538 3539 941967
3539 3540 938117
3540 3541 665416
3541 3542 881947
3542 3543 903352
3543 3544 685385
3544 3545 685258
3545 3546 599955
3546 3547 477593
3547 3548 688862
3548 3549 490279
3549 3550 461521
3550 3551 488029
3551 3552 142272
3552 3553 66201
3553 3554 835741
3554 3555 27837
3555 3556 321327
3556 3557 817121
3557 3558 303817
3558 3559 203263
3559 3560 617736
3560 3561 676630
3561 3562 927164
3562 3563 621435
3563 3564 513123
3564 3565 416387
3565 3566 648673
3566 3567 361671
3567 3568 146473
3568 3569 897397
3569 3570 796797
3570 3571 899658
3571 3572 604214
3572 3573 309640
3573 3574 42899
3574 3575 610377
3575 3576 520995
3576 3577 201294
3577 3578 674152
3578 3579 726035
3579 3580 189482
3580 3581 873481
3581 3582 954754
3582 3583 186758
3583 3584 641005
3584 3585 794214
3585 3586 608014
3586 3587 620848
3587 3588 403751
3588 3589 952309
3589 3590 745552
3590 3591 865094
3591 3592 963231
3592 3593 914367
3593 3594 476804
3594 3595 797166
3595 3596 481060
3596 3597 437874
3597 3598 828630
3598 3599 666920
3599 3600 730278
3600 3601 79276
3601 3602 390151
3602 3603 786018
3603 3604 355925
3604 3605 947723
3605 3606 531824
3606 3607 289701
3607 3608 679717
3608 3609 128852
3609 3610 957013
3610 3611 752795
3611 3612 566485
3612 3613 344970
3613 3614 520653
3614 3615 254119
3615 3616 303970
3616 3617 531467
3617 3618 243575
3618 3619 961555
3619 3620 246479
3620 3621 736290
3621 3622 460692
3622 3623 878514
3623 3624 325296
3624 3625 604054
3625 3626 580581
3626 3627 722510
3627 3628 199952
3628 3629 455219
3629 3630 229639
3630 3631 924350
3631 3632 225039
3632 3633 473950
3633 3634 105677
3634 3635 108902
3635 3636 62157
3636 3637 426419
3637 3638 723959
3638 3639 447349
3639 3640 416060
3640 3641 235551
3641 3642 685696
3642 3643 688947
3643 3644 406222
3644 3645 788609
3645 3646 273555
3646 3647 22002
3647 3648 590287
3648 3649 398754
3649 3650 346007
3650 3651 887046
3651 3652 39086
3652 3653 421130
3653 3654 194891
3654 3655 54151
3655 3656 251186
3656 3657 818754
3657 3658 581094
3658 3659 520874
3659 3660 446853
3660 3661 365113
3661 3662 795653
3662 3663 280645
3663 3664 607388
3664 3665 688002
3665 3666 779552
3666 3667 94793
3667 3668 879653
3668 3669 316142
3669 3670 324942
3670 3671 470284
3671 3672 892214
3672 3673 566511
3673 3674 904318
3674 3675 810213
3675 3676 133905
3676 3677 629592
3677 3678 400053
3678 3679 900619
3679 3680 690427
3680 3681 579095
3681 3682 178650
3682 3683 962668
3683 3684 393208
3684 3685 918011
3685 3686 277214
3686 3687 844379
3687 3688 235965
3688 3689 61841
3689 3690 863612
3690 3691 790807
3691 3692 10741
3692 3693 142254
3693 3694 463866
3694 3695 393656
3695 3696 777949
3696 3697 482565
3697 3698 204157
3698 3699 640325
3699 3700 53867
3700 3701 267856
3701 3702 258270
3702 3703 127203
3703 3704 101291
3704 3705 446818
3705 3706 688245
3706 3707 296153
3707 3708 289911
3708 3709 910034
3709 3710 472771
3710 3711 403882
3711 3712 924569
3712 3713 521788
3713 3714 141721
3714 3715 185647
3715 3716 512909
3716 3717 156720
3717 3718 212168
3718 3719 549420
3719 3720 913362
3720 3721 447695
3721 3722 950501
3722 3723 857417
3723 3724 871386
3724 3725 156125
3725 3726 434227
3726 3727 934618
3727 3728 571693
3728 3729 450769
3729 3730 128279
3730 3731 421270
3731 3732 685528
3732 3733 375354
3733 3734 871135
3734 3735 38952
3735 3736 731833
3736 3737 601590
3737 3738 785586
3738 3739 467962
3739 3740 803501
3740 3741 10940
3741 3742 957215
3742 3743 582099
3743 3744 138299
3744 3745 197316
3745 3746 757772
3746 3747 574479
3747 3748 844986
3748 3749 253019
3749 3750 841842
3750 3751 624267
3751 3752 548599
3752 3753 71580
3753 3754 578604
3754 3755 183692
3755 3756 127089
3756 3757 504591
3757 3758 323641
3758 3759 744516
3759 3760 560347
3760 3761 38801
3761 3762 378816
3762 3763 135986
3763 3764 841764
3764 3765 556950
3765 3766 884071
3766 3767 973192
3767 3768 59064
3768 3769 583741
3769 3770 89913
3770 3771 525554
3771 3772 276035
3772 3773 910378
3773 3774 807721
3774 3775 274495
3775 3776 983402
3776 3777 134386
3777 3778 178765
3778 3779 843273
3779 3780 631564
3780 3781 681079
3781 3782 614276
3782 3783 950096
3783 3784 14486
3784 3785 878443
3785 3786 320105
3786 3787 594706
3787 3788 562204
3788 3789 251852
3789 3790 523599
3790 3791 896550
3791 3792 770444
3792 3793 288132
3793 3794 876860
3794 3795 21358
3795 3796 601846
3796 3797 848717
3797 3798 432071
3798 3799 677651
3799 3800 225797
3800 3801 161300
3801 3802 673722
3802 3803 477364
3803 3804 154967
3804 3805 122441
3805 3806 749678
3806 3807 714794
3807 3808 976379
3808 3809 581634
3809 3810 515683
3810 3811 610186
3811 3812 932125
3812 3813 832213
3813 3814 617294
3814 3815 142542
3815 3816 974166
3816 3817 448468
3817 3818 573992
3818 3819 209427
3819 3820 656801
3820 3821 104884
3821 3822 12479
3822 3823 864654
3823 3824 796720
3824 3825 772278
3825 3826 446286
3826 3827 182985
3827 3828 719118
3828 3829 968615
3829 3830 260102
3830 3831 932030
3831 3832 687692
3832 3833 355219
3833 3834 24165
3834 3835 249179
3835 3836 139994
3836 3837 661994
3837 3838 52276
3838 3839 921790
3839 3840 588146
3840 3841 939111
3841 3842 562897
3842 3843 746452
3843 3844 447475
3844 3845 524
3845 3846 842995
3846 3847 267611
3847 3848 392593
3848 3849 370250
3849 3850 381130
3850 3851 611926
3851 3852 182703
3852 3853 359801
3853 3854 80633
3854 3855 74731
3855 3856 804900
3856 3857 919031
3857 3858 869348
3858 3859 850727
3859 3860 924962
3860 3861 797594
3861 3862 122125
3862 3863 33900
3863 3864 561355
3864 3865 946
3865 3866 58367
3866 3867 426192
3867 3868 149149
3868 3869 770512
3869 3870 518815
3870 3871 583508
3871 3872 978969
3872 3873 415109
3873 3874 142107
3874 3875 355496
3875 3876 566080
3876 3877 699405
3877 3878 76871
3878 3879 693086
3879 3880 561143
3880 3881 313943
3881 3882 456402
3882 3883 446977
3883 3884 234742
3884 3885 829536
3885 3886 785666
3886 3887 90668
3887 3888 197348
3888 3889 94066
3889 3890 241108
3890 3891 370567
3891 3892 608936
3892 3893 926939
3893 3894 296109
3894 3895 269993
3895 3896 56104
3896 3897 733631
3897 3898 597832
3898 3899 698866
3899 3900 329203
3900 3901 895779
3901 3902 643042
3902 3903 826309
3903 3904 201382
3904 3905 617255
3905 3906 753038
3906 3907 430173
3907 3908 632800
3908 3909 265467
3909 3910 918612
3910 3911 956006
3911 3912 53927
3912 3913 886019
3913 3914 246820
3914 3915 583951
3915 3916 532821
3916 3917 557561
3917 3918 467194
3918 3919 338886
3919 3920 845467
3920 3921 632723
3921 3922 797946
3922 3923 837720
3923 3924 807444
3924 3925 256324
3925 3926 405952
3926 3927 977869
3927 3928 544987
3928 3929 544291
3929 3930 234891
3930 3931 976939
3931 3932 633193
3932 3933 791888
3933 3934 578057
3934 3935 342714
3935 3936 822924
3936 3937 614649
3937 3938 834112
3938 3939 677392
3939 3940 759335
3940 3941 403753
3941 3942 486990
3942 3943 81760
3943 3944 180759
3944 3945 312588
3945 3946 998759
3946 3947 148750
3947 3948 363128
3948 3949 600945
3949 3950 791076
3950 3951 380470
3951 3952 207782
3952 3953 538947
3953 3954 471894
3954 3955 608332
3955 3956 271553
3956 3957 418333
3957 3958 998336
3958 3959 722812
3959 3960 704167
3960 3961 819969
3961 3962 260910
3962 3963 477556
3963 3964 825124
3964 3965 170243
3965 3966 222673
3966 3967 784221
3967 3968 571313
3968 3969 74956
3969 3970 199432
3970 3971 561513
3971 3972 967592
3972 3973 293338
3973 3974 266447
3974 3975 365118
3975 3976 470474
3976 3977 335124
3977 3978 707984
3978 3979 380225
3979 3980 792555
3980 3981 385577
3981 3982 378902
3982 3983 636099
3983 3984 705363
3984 3985 759721
3985 3986 122258
3986 3987 67600
3987 3988 189360
3988 3989 598908
3989 3990 954094
3990 3991 933496
3991 3992 211561
3992 3993 187515
3993 3994 959767
3994 3995 305635
3995 3996 866632
3996 3997 987230
3997 3998 309959
3998 3999 112096
3999 4000 629346
4000 4001 18918
4001 4002 915759
4002 4003 926929
4003 4004 812368
4004 4005 328077
4005 4006 615525
4006 4007 779002
4007 4008 579445
4008 4009 286582
4009 4010 392200
4010 4011 461548
4011 4012 500028
4012 4013 466368
4013 4014 27853
4014 4015 291965
4015 4016 667934
4016 4017 375547
4017 4018 955152
4018 4019 128657
4019 4020 16777
4020 4021 253494
4021 4022 163186
4022 4023 2880
4023 4024 951528
4024 4025 845049
4025 4026 857322
4026 4027 765147
4027 4028 700038
4028 4029 956131
4029 4030 153867
4030 4031 823125
4031 4032 632800
4032 4033 717909
4033 4034 395546
4034 4035 630840
4035 4036 830615
4036 4037 214282
4037 4038 312498
4038 4039 666188
4039 4040 810028
4040 4041 253726
4041 4042 752925
4042 4043 576521
4043 4044 472835
4044 4045 647899
4045 4046 146382
4046 4047 622481
4047 4048 421824
4048 4049 679437
4049 4050 764268
4050 4051 406318
4051 4052 644461
4052 4053 981586
4053 4054 85681
4054 4055 73564
4055 4056 935284
4056 4057 272851
4057 4058 717227
4058 4059 762330
4059 4060 828040
4060 4061 189992
4061 4062 937988
4062 4063 283861
4063 4064 732989
4064 4065 999705
4065 4066 547375
4066 4067 680138
4067 4068 161525
4068 4069 974629
4069 4070 911106
4070 4071 362710
4071 4072 177822
4072 4073 85151
4073 4074 569174
4074 4075 327665
4075 4076 705261
4076 4077 121321
4077 4078 463122
4078 4079 685497
4079 4080 512888
4080 4081 288409
4081 4082 997874
4082 4083 673198
4083 4084 463803
4084 4085 725487
4085 4086 926107
4086 4087 845064
4087 4088 47567
4088 4089 827989
4089 4090 581268
4090 4091 839881
4091 4092 868806
4092 4093 179440
4093 4094 801927
4094 4095 994033
4095 4096 79315
4096 4097 771527
4097 4098 599391
4098 4099 14531
4099 4100 886357
4100 4101 650636
4101 4102 134642
4102 4103 356552
4103 4104 493595
4104 4105 515321
4105 4106 888362
4106 4107 222625
4107 4108 535007
4108 4109 151105
4109 4110 961613
4110 4111 159610
4111 4112 981196
4112 4113 605489
4113 4114 895563
4114 4115 697311
4115 4116 997209
4116 4117 246743
4117 4118 450611
4118 4119 352677
4119 4120 141337
4120 4121 502791
4121 4122 229632
4122 4123 382189
4123 4124 246106
4124 4125 899541
4125 4126 904011
4126 4127 534493
4127 4128 388714
4128 4129 253802
4129 4130 963293
4130 4131 534075
4131 4132 916092
4132 4133 289924
4133 4134 674451
4134 4135 354908
4135 4136 43915
4136 4137 451600
4137 4138 995442
4138 4139 832878
4139 4140 760238
4140 4141 626983
4141 4142 353879
4142 4143 782487
4143 4144 610354
4144 4145 688450
4145 4146 282083
4146 4147 316351
4147 4148 772875
4148 4149 729905
4149 4150 491911
4150 4151 548752
4151 4152 50516
4152 4153 301953
4153 4154 461264
4154 4155 258139
4155 4156 643444
4156 4157 640144
4157 4158 289317
4158 4159 31561
4159 4160 144628
4160 4161 507005
4161 4162 299639
4162 4163 857748
4163 4164 672465
4164 4165 889531
4165 4166 936450
4166 4167 954115
4167 4168 32620
4168 4169 25346
4169 4170 657230
4170 4171 43934
4171 4172 652181
4172 4173 128684
4173 4174 655866
4174 4175 44244
4175 4176 165858
4176 4177 456919
4177 4178 562099
4178 4179 400601
4179 4180 342175
4180 4181 633216
4181 4182 688572
4182 4183 336808
4183 4184 541755
4184 4185 340348
4185 4186 398257
4186 4187 872540
4187 4188 356127
4188 4189 441680
4189 4190 917932
4190 4191 51427
4191 4192 879259
4192 4193 920354
4193 4194 610838
4194 4195 252020
4195 4196 889683
4196 4197 518295
4197 4198 47421
4198 4199 79823
4199 4200 648057
4200 4201 495885
4201 4202 458071
4202 4203 107717
4203 4204 508220
4204 4205 521899
4205 4206 62790
4206 4207 75644
4207 4208 541812
4208 4209 185958
4209 4210 448985
4210 4211 990713
4211 4212 42002
4212 4213 349149
4213 4214 466437
4214 4215 822585
4215 4216 581384
4216 4217 498177
4217 4218 681393
4218 4219 902332
4219 4220 334282
4220 4221 449604
4221 4222 6760
4222 4223 419993
4223 4224 471671
4224 4225 634712
4225 4226 502468
4226 4227 467977
4227 4228 534746
4228 4229 519266
4229 4230 466317
4230 4231 263685
4231 4232 674919
4232 4233 989016
4233 4234 94592
4234 4235 202502
4235 4236 308408
4236 4237 160160
4237 4238 138817
4238 4239 945498
4239 4240 37277
4240 4241 855463
4241 4242 577130
4242 4243 546122
4243 4244 4796
4244 4245 608577
4245 4246 810587
4246 4247 446407
4247 4248 84727
4248 4249 234401
4249 4250 464423
4250 4251 58728
4251 4252 173356
4252 4253 33225
4253 4254 9751
4254 4255 154140
4255 4256 243200
4256 4257 457534
4257 4258 529213
4258 4259 25128
4259 4260 50607
4260 4261 686703
4261 4262 4719
4262 4263 517031
4263 4264 578387
4264 4265 395815
4265 4266 717420
4266 4267 333114
4267 4268 747208
4268 4269 156354
4269 4270 168421
4270 4271 469561
4271 4272 643287
4272 4273 474750
4273 4274 950003
4274 4275 500221
4275 4276 763448
4276 4277 522188
4277 4278 677985
4278 4279 322633
4279 4280 722828
4280 4281 549579
4281 4282 291012
4282 4283 977542
4283 4284 657781
4284 4285 747863
4285 4286 493058
4286 4287 554959
4287 4288 936338
4288 4289 220115
4289 4290 239135
4290 4291 831659
4291 4292 152493
4292 4293 89074
4293 4294 779660
4294 4295 597048
4295 4296 688434
4296 4297 161928
4297 4298 762691
4298 4299 957119
4299 4300 310996
4300 4301 424456
4301 4302 852746
4302 4303 825196
4303 4304 276890
4304 4305 623808
4305 4306 710053
4306 4307 833433
4307 4308 914119
4308 4309 291336
4309 4310 460023
4310 4311 458326
4311 4312 323000
4312 4313 817321
4313 4314 775206
4314 4315 355810
4315 4316 709065
4316 4317 756693
4317 4318 176045
4318 4319 702976
4319 4320 871782
4320 4321 242232
4321 4322 58413
4322 4323 186665
4323 4324 339492
4324 4325 51336
4325 4326 942285
4326 4327 947418
4327 4328 50247
4328 4329 962809
4329 4330 20258
4330 4331 508910
4331 4332 497943
4332 4333 664482
4333 4334 810991
4334 4335 156867
4335 4336 452156
4336 4337 740983
4337 4338 962274
4338 4339 542712
4339 4340 45966
4340 4341 376571
4341 4342 634035
4342 4343 887561
4343 4344 50171
4344 4345 650626
4345 4346 927247
4346 4347 106560
4347 4348 526544
4348 4349 676556
4349 4350 148736
4350 4351 687791
4351 4352 408813
4352 4353 592104
4353 4354 975277
4354 4355 372179
4355 4356 297726
4356 4357 660864
4357 4358 611316
4358 4359 440246
4359 4360 775944
4360 4361 476023
4361 4362 235680
4362 4363 637032
4363 4364 219048
4364 4365 333260
4365 4366 756608
4366 4367 723027
4367 4368 909568
4368 4369 338677
4369 4370 224207
4370 4371 712783
4371 4372 466390
4372 4373 625461
4373 4374 431701
4374 4375 480210
4375 4376 596977
4376 4377 775548
4377 4378 652136
4378 4379 177278
4379 4380 190354
4380 4381 638275
4381 4382 695390
4382 4383 631293
4383 4384 483755
4384 4385 639813
4385 4386 123867
4386 4387 576701
4387 4388 251737
4388 4389 250150
4389 4390 708885
4390 4391 345194
4391 4392 384240
4392 4393 379498
4393 4394 437780
4394 4395 468750
4395 4396 753559
4396 4397 268058
4397 4398 988614
4398 4399 495269
4399 4400 499633
4400 4401 21637
4401 4402 400625
4402 4403 517114
4403 4404 1686
4404 4405 598175
4405 4406 137631
4406 4407 335584
4407 4408 301137
4408 4409 628172
4409 4410 842072
4410 4411 272233
4411 4412 902096
4412 4413 354407
4413 4414 988081
4414 4415 994754
4415 4416 130875
4416 4417 580469
4417 4418 934505
4418 4419 145638
4419 4420 788904
4420 4421 385527
4421 4422 912498
4422 4423 630222
4423 4424 515035
4424 4425 665277
4425 4426 732649
4426 4427 596920
4427 4428 809362
4428 4429 493366
4429 4430 855962
4430 4431 273679
4431 4432 855070
4432 4433 609960
4433 4434 636435
4434 4435 727178
4435 4436 776936
4436 4437 129367
4437 4438 253394
4438 4439 809349
4439 4440 524005
4440 4441 691946
4441 4442 299403
4442 4443 403419
4443 4444 919157
4444 4445 987690
4445 4446 866052
4446 4447 960348
4447 4448 226904
4448 4449 362590
4449 4450 281680
4450 4451 851748
4451 4452 609235
4452 4453 620784
4453 4454 385569
4454 4455 96719
4455 4456 992429
4456 4457 662948
4457 4458 705356
4458 4459 140123
4459 4460 243480
4460 4461 931286
4461 4462 564555
4462 4463 807544
4463 4464 346924
4464 4465 314161
4465 4466 331663
4466 4467 680676
4467 4468 37164
4468 4469 763597
4469 4470 721741
4470 4471 108905
4471 4472 256748
4472 4473 953899
4473 4474 865669
4474 4475 118831
4475 4476 659763
4476 4477 813909
4477 4478 26422
4478 4479 86042
4479 4480 138923
4480 4481 800066
4481 4482 815583
4482 4483 663971
4483 4484 790684
4484 4485 237327
4485 4486 101666
4486 4487 443869
4487 4488 860183
4488 4489 954549
4489 4490 708617
4490 4491 427889
4491 4492 418802
4492 4493 735025
4493 4494 890003
4494 4495 921832
4495 4496 488846
4496 4497 841989
4497 4498 15894
4498 4499 704560
4499 4500 337469
4500 4501 208259
4501 4502 415742
4502 4503 992228
4503 4504 670167
4504 4505 77485
4505 4506 403589
4506 4507 154482
4507 4508 638605
4508 4509 810645
4509 4510 498772
4510 4511 479116
4511 4512 254208
4512 4513 23666
4513 4514 685387
4514 4515 458125
4515 4516 890503
4516 4517 861754
4517 4518 46627
4518 4519 399055
4519 4520 414322
4520 4521 464329
4521 4522 806526
4522 4523 863822
4523 4524 458464
4524 4525 44395
4525 4526 263844
4526 4527 871700
4527 4528 74122
4528 4529 249308
4529 4530 836669
4530 4531 967056
4531 4532 704464
4532 4533 94812
4533 4534 386309
4534 4535 801716
4535 4536 191212
4536 4537 756658
4537 4538 287499
4538 4539 320099
4539 4540 370039
4540 4541 792082
4541 4542 263097
4542 4543 741509
4543 4544 671898
4544 4545 721047
4545 4546 71959
4546 4547 725105
4547 4548 849764
4548 4549 562783
4549 4550 388917
4550 4551 848393
4551 4552 237296
4552 4553 759264
4553 4554 844643
4554 4555 190537
4555 4556 937199
4556 4557 449778
4557 4558 851994
4558 4559 87977
4559 4560 370253
4560 4561 361058
4561 4562 879027
4562 4563 426685
4563 4564 410142
4564 4565 603071
4565 4566 77350
4566 4567 37129
4567 4568 354403
4568 4569 36602
4569 4570 672320
4570 4571 809810
4571 4572 874998
4572 4573 783727
4573 4574 94840
4574 4575 207634
4575 4576 811256
4576 4577 342768
4577 4578 593872
4578 4579 219121
4579 4580 153256
4580 4581 339730
4581 4582 69237
4582 4583 202740
4583 4584 419946
4584 4585 364091
4585 4586 940413
4586 4587 912387
4587 4588 877311
4588 4589 423971
4589 4590 61630
4590 4591 110033
4591 4592 866372
4592 4593 932775
4593 4594 850316
4594 4595 575046
4595 4596 912819
4596 4597 909523
4597 4598 104011
4598 4599 11819
4599 4600 896887
4600 4601 789017
4601 4602 748037
4602 4603 84821
4603 4604 75784
4604 4605 951218
4605 4606 706636
4606 4607 531085
4607 4608 606867
4608 4609 36152
4609 4610 418407
4610 4611 701912
4611 4612 231612
4612 4613 759994
4613 4614 436385
4614 4615 782091
4615 4616 869133
4616 4617 151814
4617 4618 890140
4618 4619 189486
4619 4620 495117
4620 4621 820223
4621 4622 878703
4622 4623 707320
4623 4624 888922
4624 4625 843500
4625 4626 877758
4626 4627 921002
4627 4628 135599
4628 4629 890732
4629 4630 476546
4630 4631 663670
4631 4632 810372
4632 4633 280460
4633 4634 878456
4634 4635 173054
4635 4636 760921
4636 4637 430705
4637 4638 736875
4638 4639 814177
4639 4640 808203
4640 4641 196444
4641 4642 103752
4642 4643 60433
4643 4644 139607
4644 4645 84553
4645 4646 562709
4646 4647 436334
4647 4648 998259
4648 4649 17061
4649 4650 936784
4650 4651 23443
4651 4652 221677
4652 4653 290836
4653 4654 879718
4654 4655 183787
4655 4656 530422
4656 4657 715661
4657 4658 458240
4658 4659 734833
4659 4660 760480
4660 4661 693101
4661 4662 247663
4662 4663 943966
4663 4664 625560
4664 4665 566096
4665 4666 736506
4666 4667 631643
4667 4668 703219
4668 4669 945378
4669 4670 259058
4670 4671 702247
4671 4672 168803
4672 4673 391594
4673 4674 327022
4674 4675 349964
4675 4676 74246
4676 4677 120396
4677 4678 744771
4678 4679 857402
4679 4680 756049
4680 4681 696304
4681 4682 237538
4682 4683 326352
4683 4684 118229
4684 4685 838105
4685 4686 349349
4686 4687 595740
4687 4688 758555
4688 4689 641996
4689 4690 694727
4690 4691 665261
4691 4692 63367
4692 4693 19230
4693 4694 884330
4694 4695 514386
4695 4696 799947
4696 4697 11855
4697 4698 71545
4698 4699 514855
4699 4700 227486
4700 4701 778164
4701 4702 12961
4702 4703 201097
4703 4704 246765
4704 4705 677673
4705 4706 612075
4706 4707 604430
4707 4708 824809
4708 4709 464440
4709 4710 399098
4710 4711 287390
4711 4712 314752
4712 4713 894142
4713 4714 926557
4714 4715 585352
4715 4716 240887
4716 4717 351420
4717 4718 716727
4718 4719 803321
4719 4720 765336
4720 4721 561133
4721 4722 559509
4722 4723 6199
4723 4724 785308
4724 4725 739472
4725 4726 463335
4726 4727 182716
4727 4728 804647
4728 4729 287087
4729 4730 116446
4730 4731 68706
4731 4732 17250
4732 4733 863898
4733 4734 3386
4734 4735 141024
4735 4736 561438
4736 4737 266314
4737 4738 646071
4738 4739 582861
4739 4740 119194
4740 4741 113656
4741 4742 893573
4742 4743 580812
4743 4744 494540
4744 4745 106920
4745 4746 29284
4746 4747 181118
4747 4748 613302
4748 4749 193066
4749 4750 263225
4750 4751 601541
4751 4752 38826
4752 4753 743059
4753 4754 376645
4754 4755 644007
4755 4756 891968
4756 4757 297872
4757 4758 67087
4758 4759 288203
4759 4760 155570
4760 4761 310452
4761 4762 81263
4762 4763 133763
4763 4764 920206
4764 4765 715139
4765 4766 841549
4766 4767 401677
4767 4768 662403
4768 4769 133461
4769 4770 824051
4770 4771 991694
4771 4772 846462
4772 4773 563770
4773 4774 642258
4774 4775 856862
4775 4776 112183
4776 4777 139159
4777 4778 841302
4778 4779 178309
4779 4780 599282
4780 4781 243282
4781 4782 371744
4782 4783 181314
4783 4784 389332
4784 4785 665136
4785 4786 136148
4786 4787 510038
4787 4788 165395
4788 4789 360631
4789 4790 958976
4790 4791 297499
4791 4792 699069
4792 4793 811549
4793 4794 522150
4794 4795 953484
4795 4796 343228
4796 4797 411893
4797 4798 575192
4798 4799 490672
4799 4800 135281
4800 4801 524993
4801 4802 266515
4802 4803 897876
4803 4804 41399
4804 4805 528829
4805 4806 310982
4806 4807 406654
4807 4808 246679
4808 4809 690210
4809 4810 661609
4810 4811 623656
4811 4812 609253
4812 4813 238031
4813 4814 747517
4814 4815 25506
4815 4816 421240
4816 4817 154178
4817 4818 742588
4818 4819 817483
4819 4820 845579
4820 4821 639405
4821 4822 531929
4822 4823 304795
4823 4824 992781
4824 4825 706994
4825 4826 357611
4826 4827 745205
4827 4828 625946
4828 4829 778532
4829 4830 436482
4830 4831 493833
4831 4832 252192
4832 4833 47829
4833 4834 179090
4834 4835 106596
4835 4836 420902
4836 4837 158423
4837 4838 685603
4838 4839 743100
4839 4840 191944
4840 4841 180181
4841 4842 188696
4842 4843 427509
4843 4844 807586
4844 4845 957906
4845 4846 595068
4846 4847 175290
4847 4848 818524
4848 4849 985750
4849 4850 101734
4850 4851 670400
4851 4852 1226
4852 4853 843898
4853 4854 633025
4854 4855 60589
4855 4856 200882
4856 4857 664165
4857 4858 168136
4858 4859 254711
4859 4860 771862
4860 4861 179659
4861 4862 882306
4862 4863 462676
4863 4864 48103
4864 4865 807712
4865 4866 798763
4866 4867 33209
4867 4868 193568
4868 4869 322713
4869 4870 837343
4870 4871 613081
4871 4872 195343
4872 4873 71088
4873 4874 909782
4874 4875 868256
4875 4876 820986
4876 4877 21869
4877 4878 581039
4878 4879 193762
4879 4880 945507
4880 4881 72812
4881 4882 118933
4882 4883 369056
4883 4884 993250
4884 4885 956904
4885 4886 899910
4886 4887 549634
4887 4888 946603
4888 4889 851385
4889 4890 775051
4890 4891 349520
4891 4892 538300
4892 4893 2482
4893 4894 995562
4894 4895 447151
4895 4896 805571
4896 4897 943611
4897 4898 731061
4898 4899 435750
4899 4900 772567
4900 4901 342626
4901 4902 283910
4902 4903 484725
4903 4904 694487
4904 4905 198721
4905 4906 184387
4906 4907 991007
4907 4908 14356
4908 4909 677678
4909 4910 714441
4910 4911 303541
4911 4912 441852
4912 4913 990939
4913 4914 796092
4914 4915 800843
4915 4916 298823
4916 4917 786500
4917 4918 294224
4918 4919 623729
4919 4920 186355
4920 4921 968298
4921 4922 177243
4922 4923 938206
4923 4924 116114
4924 4925 746297
4925 4926 565709
4926 4927 821332
4927 4928 419547
4928 4929 720731
4929 4930 644405
4930 4931 344204
4931 4932 50945
4932 4933 717979
4933 4934 230142
4934 4935 688702
4935 4936 799506
4936 4937 19796
4937 4938 874148
4938 4939 720206
4939 4940 219914
4940 4941 810569
4941 4942 494546
4942 4943 963475
4943 4944 429233
4944 4945 557426
4945 4946 837813
4946 4947 771475
4947 4948 312025
4948 4949 257778
4949 4950 212469
4950 4951 827775
4951 4952 846770
4952 4953 857163
4953 4954 444393
4954 4955 454817
4955 4956 342741
4956 4957 2670
4957 4958 517234
4958 4959 603544
4959 4960 460744
4960 4961 324083
4961 4962 472836
4962 4963 788563
4963 4964 187159
4964 4965 927263
4965 4966 936958
4966 4967 815105
4967 4968 894746
4968 4969 132879
4969 4970 308247
4970 4971 249914
4971 4972 528332
4972 4973 423654
4973 4974 945659
4974 4975 811530
4975 4976 988262
4976 4977 224352
4977 4978 918604
4978 4979 187171
4979 4980 166563
4980 4981 727567
4981 4982 326733
4982 4983 441746
4983 4984 336818
4984 4985 966109
4985 4986 967264
4986 4987 595424
4987 4988 20892
4988 4989 533846
4989 4990 304800
4990 4991 102727
4991 4992 336321
4992 4993 937875
4993 4994 788720
4994 4995 59923
4995 4996 714137
4996 4997 804856
4997 4998 845560
4998 4999 781913
4999 5000 469887
5000 5001 394701
5001 5002 43215
5002 5003 854955
5003 5004 122542
5004 5005 15983
5005 5006 13787
5006 5007 102569
5007 5008 223432
5008 5009 248749
5009 5010 444821
5010 5011 219048
5011 5012 220110
5012 5013 652118
5013 5014 514333
5014 5015 439948
5015 5016 549945
5016 5017 272180
5017 5018 990177
5018 5019 13402
5019 5020 231749
5020 5021 661612
5021 5022 256828
5022 5023 185210
5023 5024 45134
5024 5025 956939
5025 5026 233561
5026 5027 503544
5027 5028 25473
5028 5029 619268
5029 5030 685746
5030 5031 431599
5031 5032 905720
5032 5033 792450
5033 5034 97207
5034 5035 593943
5035 5036 998933
5036 5037 89723
5037 5038 576563
5038 5039 77059
5039 5040 33666
5040 5041 582135
5041 5042 345429
5042 5043 439528
5043 5044 225006
5044 5045 966518
5045 5046 244424
5046 5047 879250
5047 5048 249581
5048 5049 485297
5049 5050 397207
5050 5051 906115
5051 5052 819045
5052 5053 227997
5053 5054 831882
5054 5055 985016
5055 5056 105771
5056 5057 756100
5057 5058 545925
5058 5059 814836
5059 5060 335648
5060 5061 823099
5061 5062 893453
5062 5063 848688
5063 5064 532284
5064 5065 770148
5065 5066 931745
5066 5067 538022
5067 5068 806348
5068 5069 186306
5069 5070 847546
5070 5071 665328
5071 5072 421353
5072 5073 333426
5073 5074 750789
5074 5075 899402
5075 5076 251458
5076 5077 616839
5077 5078 680106
5078 5079 994663
5079 5080 791911
5080 5081 917379
5081 5082 405784
5082 5083 493291
5083 5084 976558
5084 5085 875813
5085 5086 875207
5086 5087 194590
5087 5088 253917
5088 5089 868828
5089 5090 136433
5090 5091 245311
5091 5092 261285
5092 5093 233322
5093 5094 548851
5094 5095 578049
5095 5096 703705
5096 5097 804554
5097 5098 983824
5098 5099 320240
5099 5100 111373
5100 5101 104563
5101 5102 684058
5102 5103 339833
5103 5104 903128
5104 5105 220672
5105 5106 859278
5106 5107 589898
5107 5108 281782
5108 5109 932358
5109 5110 211822
5110 5111 506023
5111 5112 407138
5112 5113 515420
5113 5114 216992
5114 5115 833834
5115 5116 789667
5116 5117 481479
5117 5118 391046
5118 5119 579974
5119 5120 953237
5120 5121 745320
5121 5122 419959
5122 5123 755572
5123 5124 742682
5124 5125 932475
5125 5126 193751
5126 5127 557674
5127 5128 644826
5128 5129 45441
5129 5130 812393
5130 5131 441484
5131 5132 980525
5132 5133 706197
5133 5134 760599
5134 5135 694202
5135 5136 546647
5136 5137 115100
5137 5138 518242
5138 5139 86554
5139 5140 68605
5140 5141 268576
5141 5142 546201
5142 5143 448568
5143 5144 741145
5144 5145 811088
5145 5146 487701
5146 5147 73677
5147 5148 990120
5148 5149 471678
5149 5150 297162
5150 5151 45372
5151 5152 113336
5152 5153 697320
5153 5154 602853
5154 5155 39165
5155 5156 556736
5156 5157 618351
5157 5158 549188
5158 5159 378838
5159 5160 547155
5160 5161 209260
5161 5162 396875
5162 5163 96976
5163 5164 90378
5164 5165 953471
5165 5166 283247
5166 5167 88667
5167 5168 727588
5168 5169 81665
5169 5170 112792
5170 5171 839626
5171 5172 147958
5172 5173 364732
5173 5174 456341
5174 5175 682719
5175 5176 165712
5176 5177 312678
5177 5178 801810
5178 5179 330662
5179 5180 807509
5180 5181 688990
5181 5182 716935
5182 5183 544178
5183 5184 773986
5184 5185 321529
5185 5186 956216
5186 5187 782588
5187 5188 29284
5188 5189 718401
5189 5190 679956
5190 5191 665630
5191 5192 21035
5192 5193 954478
5193 5194 982973
5194 5195 297545
5195 5196 283947
5196 5197 571861
5197 5198 318389
5198 5199 210695
5199 5200 937720
5200 5201 576527
5201 5202 241893
5202 5203 763753
5203 5204 326645
5204 5205 20567
5205 5206 276864
5206 5207 521724
5207 5208 260622
5208 5209 996649
5209 5210 682138
5210 5211 560557
5211 5212 421798
5212 5213 324571
5213 5214 475073
5214 5215 590827
5215 5216 438050
5216 5217 959549
5217 5218 919217
5218 5219 105220
5219 5220 925162
5220 5221 648621
5221 5222 890169
5222 5223 742226
5223 5224 562540
5224 5225 601199
5225 5226 673204
5226 5227 228069
5227 5228 886489
5228 5229 586691
5229 5230 174715
5230 5231 170517
5231 5232 7263
5232 5233 104337
5233 5234 32179
5234 5235 973935
5235 5236 406286
5236 5237 794470
5237 5238 529654
5238 5239 278377
5239 5240 147627
5240 5241 857405
5241 5242 460456
5242 5243 222644
5243 5244 691866
5244 5245 671993
5245 5246 165072
5246 5247 788107
5247 5248 571570
5248 5249 134291
5249 5250 715864
5250 5251 572079
5251 5252 774587
5252 5253 335249
5253 5254 315017
5254 5255 946802
5255 5256 992890
5256 5257 77130
5257 5258 974519
5258 5259 792620
5259 5260 725474
5260 5261 208691
5261 5262 682368
5262 5263 648083
5263 5264 845469
5264 5265 779466
5265 5266 444125
5266 5267 76618
5267 5268 158243
5268 5269 478010
5269 5270 14617
5270 5271 419455
5271 5272 978096
5272 5273 2746
5273 5274 297632
5274 5275 788733
5275 5276 232617
5276 5277 136746
5277 5278 777111
5278 5279 617786
5279 5280 758660
5280 5281 103893
5281 5282 634031
5282 5283 340557
5283 5284 806530
5284 5285 824434
5285 5286 481436
5286 5287 971883
5287 5288 13899
5288 5289 200907
5289 5290 577075
5290 5291 211045
5291 5292 466561
5292 5293 725615
5293 5294 959494
5294 5295 605468
5295 5296 855055
5296 5297 363904
5297 5298 438134
5298 5299 358890
5299 5300 675604
5300 5301 797468
5301 5302 204772
5302 5303 709427
5303 5304 370608
5304 5305 879514
5305 5306 163193
5306 5307 847141
5307 5308 575035
5308 5309 282299
5309 5310 307255
5310 5311 531906
5311 5312 151726
5312 5313 195113
5313 5314 25916
5314 5315 7290
5315 5316 903070
5316 5317 825897
5317 5318 139361
5318 5319 993525
5319 5320 909019
5320 5321 600639
5321 5322 950614
5322 5323 970660
5323 5324 80644
5324 5325 429945
5325 5326 46521
5326 5327 74376
5327 5328 141858
5328 5329 78302
5329 5330 934334
5330 5331 172769
5331 5332 117807
5332 5333 710427
5333 5334 256417
5334 5335 690809
5335 5336 601239
5336 5337 145633
5337 5338 332516
5338 5339 6316
5339 5340 413762
5340 5341 264756
5341 5342 858706
5342 5343 85447
5343 5344 304987
5344 5345 970436
5345 5346 55015
5346 5347 707111
5347 5348 213229
5348 5349 397925
5349 5350 227204
5350 5351 28138
5351 5352 384342
5352 5353 473588
5353 5354 426371
5354 5355 894893
5355 5356 854661
5356 5357 742738
5357 5358 233037
5358 5359 215859
5359 5360 347497
5360 5361 159419
5361 5362 378923
5362 5363 795292
5363 5364 178615
5364 5365 293548
5365 5366 460214
5366 5367 784061
5367 5368 881845
5368 5369 941913
5369 5370 572481
5370 5371 714833
5371 5372 809212
5372 5373 345408
5373 5374 688336
5374 5375 826853
5375 5376 252143
5376 5377 893678
5377 5378 513240
5378 5379 238708
5379 5380 94753
5380 5381 282292
5381 5382 521217
5382 5383 357777
5383 5384 663552
5384 5385 428374
5385 5386 708780
5386 5387 7477
5387 5388 134285
5388 5389 959405
5389 5390 356008
5390 5391 631805
5391 5392 530352
5392 5393 656971
5393 5394 865022
5394 5395 100680
5395 5396 193231
5396 5397 247566
5397 5398 731481
5398 5399 805268
5399 5400 493298
5400 5401 419183
5401 5402 348435
5402 5403 168845
5403 5404 219638
5404 5405 462912
5405 5406 184485
5406 5407 836324
5407 5408 917591
5408 5409 835199
5409 5410 520960
5410 5411 485470
5411 5412 640150
5412 5413 280787
5413 5414 4456
5414 5415 320019
5415 5416 922069
5416 5417 482261
5417 5418 470048
5418 5419 384367
5419 5420 996484
5420 5421 949095
5421 5422 789715
5422 5423 112946
5423 5424 907215
5424 5425 629423
5425 5426 909858
5426 5427 990539
5427 5428 583560
5428 5429 218267
5429 5430 2759
5430 5431 153036
5431 5432 491858
5432 5433 904902
5433 5434 432880
5434 5435 488368
5435 5436 876887
5436 5437 776535
5437 5438 579118
5438 5439 847251
5439 5440 649683
5440 5441 450122
5441 5442 623338
5442 5443 301867
5443 5444 410721
5444 5445 238533
5445 5446 594814
5446 5447 709075
5447 5448 503603
5448 5449 463530
5449 5450 982447
5450 5451 623863
5451 5452 324854
5452 5453 971312
5453 5454 22544
5454 5455 751987
5455 5456 169970
5456 5457 366618
5457 5458 969752
5458 5459 550334
5459 5460 172636
5460 5461 358917
5461 5462 460469
5462 5463 525430
5463 5464 390088
5464 5465 557311
5465 5466 871826
5466 5467 412939
5467 5468 985621
5468 5469 181705
5469 5470 240610
5470 5471 649251
5471 5472 178883
5472 5473 737790
5473 5474 90486
5474 5475 416625
5475 5476 829283
5476 5477 818329
5477 5478 309619
5478 5479 251983
5479 5480 92200
5480 5481 755943
5481 5482 248435
5482 5483 168919
5483 5484 550717
5484 5485 471872
5485 5486 973830
5486 5487 522845
5487 5488 347955
5488 5489 27346
5489 5490 973027
5490 5491 995012
5491 5492 863681
5492 5493 782721
5493 5494 276822
5494 5495 71308
5495 5496 527344
5496 5497 956035
5497 5498 950058
5498 5499 638627
5499 5500 192060
5500 5501 821554
5501 5502 894887
5502 5503 25253
5503 5504 856424
5504 5505 741124
5505 5506 403233
5506 5507 916137
5507 5508 526614
5508 5509 34409
5509 5510 586315
5510 5511 867686
5511 5512 905882
5512 5513 123152
5513 5514 767444
5514 5515 777241
5515 5516 365394
5516 5517 767444
5517 5518 923085
5518 5519 644250
5519 5520 975899
5520 5521 401883
5521 5522 36189
5522 5523 600157
5523 5524 720153
5524 5525 137731
5525 5526 260505
5526 5527 341866
5527 5528 86010
5528 5529 714299
5529 5530 288884
5530 5531 388860
5531 5532 788963
5532 5533 209469
5533 5534 457705
5534 5535 945867
5535 5536 480140
5536 5537 176020
5537 5538 850069
5538 5539 31394
5539 5540 27634
5540 5541 156327
5541 5542 964186
5542 5543 926984
5543 5544 159190
5544 5545 686880
5545 5546 593725
5546 5547 138828
5547 5548 993333
5548 5549 292848
5549 5550 554968
5550 5551 935247
5551 5552 620719
5552 5553 287599
5553 5554 93777
5554 5555 380676
5555 5556 281912
5556 5557 725089
5557 5558 465311
5558 5559 104830
5559 5560 618046
5560 5561 717990
5561 5562 7953
5562 5563 142460
5563 5564 307944
5564 5565 987379
5565 5566 54944
5566 5567 307231
5567 5568 360536
5568 5569 409574
5569 5570 731590
5570 5571 132923
5571 5572 942948
5572 5573 135158
5573 5574 188486
5574 5575 563631
5575 5576 183069
5576 5577 611607
5577 5578 214601
5578 5579 229203
5579 5580 32840
5580 5581 582973
5581 5582 337829
5582 5583 397422
5583 5584 657369
5584 5585 444480
5585 5586 914686
5586 5587 860659
5587 5588 824311
5588 5589 181121
5589 5590 731391
5590 5591 284746
5591 5592 650144
5592 5593 683650
5593 5594 409333
5594 5595 972185
5595 5596 899605
5596 5597 380873
5597 5598 540895
5598 5599 761585
5599 5600 393037
5600 5601 493108
5601 5602 631037
5602 5603 781287
5603 5604 351221
5604 5605 237233
5605 5606 529365
5606 5607 679410
5607 5608 306073
5608 5609 171105
5609 5610 713700
5610 5611 759456
5611 5612 179043
5612 5613 673388
5613 5614 116892
5614 5615 63761
5615 5616 438174
5616 5617 904023
5617 5618 88726
5618 5619 254465
5619 5620 399375
5620 5621 793237
5621 5622 876384
5622 5623 699503
5623 5624 607451
5624 5625 691298
5625 5626 599294
5626 5627 888097
5627 5628 108618
5628 5629 497441
5629 5630 603670
5630 5631 386922
5631 5632 850554
5632 5633 380143
5633 5634 393764
5634 5635 560416
5635 5636 885854
5636 5637 60975
5637 5638 219645
5638 5639 240084
5639 5640 689311
5640 5641 322085
5641 5642 218789
5642 5643 706094
5643 5644 408232
5644 5645 688715
5645 5646 258814
5646 5647 568350
5647 5648 657590
5648 5649 703763
5649 5650 748274
5650 5651 288205
5651 5652 821683
5652 5653 957333
5653 5654 966444
5654 5655 122918
5655 5656 270129
5656 5657 876393
5657 5658 68250
5658 5659 114295
5659 5660 882447
5660 5661 34528
