3515 4728
1931 1421 837829
2332 366 779936
259 1000 401763
2223 1461 579032
2466 1586 277123
2001 1375 939073
2192 3402 116707
3178 899 777544
1343 2533 631776
3065 2926 470290
415 1715 631017
1020 1190 721549
2779 1592 355268
2490 1406 495004
1760 2238 722888
2243 3306 983165
3097 143 842010
15 3481 746179
1291 1602 800632
3190 2358 576539
2415 142 445191
936 448 393492
3243 1679 836730
1138 3075 659692
1526 1958 267263
3396 3470 312453
3019 2096 302197
1097 3488 923790
2958 1584 31313
3094 1020 56846
2153 921 354390
1834 1327 901850
778 2138 910338
863 126 745632
1549 2907 822875
2097 2927 924011
1892 84 365953
772 363 47529
2397 2028 680030
636 3193 240206
2223 1272 559623
2089 312 782979
3329 2284 709989
618 945 625348
2312 1957 435520
3444 303 759036
834 492 375844
165 2661 566190
132 1447 880097
516 2323 908826
426 2041 240420
71 846 270701
744 1742 384394
2853 1927 364290
577 1423 616875
1166 2926 209006
963 805 876982
2026 689 602431
3300 2460 355817
1468 3462 316454
1102 646 279933
918 2107 441187
3431 299 816463
699 2670 238527
1712 1509 73503
1810 473 583907
753 802 816626
2066 1207 714133
3395 2249 118284
216 2135 70587
2722 804 883610
1598 922 352360
836 1621 385054
2013 2446 558397
997 879 519146
2871 118 73400
2139 1556 341164
810 1329 199992
1847 1622 105335
838 3065 639045
1959 52 925505
747 835 541979
1881 2939 476592
2524 1874 787570
2189 973 678354
1233 415 182333
881 88 42973
1063 1028 869982
1833 1628 520082
1943 396 545035
2601 2145 360122
2346 3097 550871
3478 472 29806
2394 2360 802858
188 2788 494626
1270 1732 105014
1120 7 610358
415 631 675322
1394 1543 121123
1697 1594 534184
1622 3498 195119
293 3284 336849
2852 3422 400131
522 1225 828691
2430 3132 939763
2837 2869 821625
1736 600 151553
3165 3493 651467
544 697 561234
2158 2207 812554
2893 1294 736370
672 3391 190996
771 1667 891024
3311 3346 908030
2315 1821 898966
1268 465 360091
964 2824 38026
886 348 77439
3028 827 243854
208 3239 796055
3414 3076 692299
2097 2735 601473
2581 1950 859987
728 496 876571
1695 552 381796
1435 1165 709282
2419 279 149506
1957 1478 897691
2041 3228 239766
2767 3271 833441
2567 1118 983934
2207 489 615977
2650 1960 42915
2935 1380 581087
1225 1656 944394
620 868 804529
1643 3007 502211
1873 2142 200942
523 3268 378092
1643 2004 693786
1297 91 903849
1838 3382 517650
2666 3329 102634
1210 295 335544
2242 1307 66827
2178 1399 211552
2149 1648 136861
2653 1574 516911
549 1592 289035
2085 3269 941314
3127 1642 41079
417 348 497902
805 1206 215353
234 341 617723
2811 2160 579063
2721 2072 237467
2391 1951 664881
3102 521 718180
1963 2702 50093
2314 1644 157605
3227 2827 326303
2121 343 266354
2005 1870 747510
1000 1811 165369
1555 979 298674
2728 1236 259461
1285 18 588102
885 862 864823
2162 1249 369072
1319 2862 45375
2406 3168 208330
208 2983 177364
2314 2530 504684
3420 2419 702272
3326 729 165352
1248 1760 233141
1831 2172 647433
1294 2566 867855
1507 2361 859724
1599 2082 810111
3206 1318 892524
1245 3050 694032
3440 2970 42615
1193 2489 705898
3043 328 419526
2594 562 999524
277 136 64611
1561 966 437588
1646 2399 435854
3124 530 553994
1230 2109 937431
521 1337 79817
2379 28 17204
247 972 329328
3395 2655 765822
201 1298 605428
1021 2579 80118
2517 1356 541276
1888 3181 195646
3110 1077 523435
1689 292 708905
1125 714 337025
272 2090 642907
2591 1921 932454
724 2229 911606
2490 729 903333
1690 2732 632437
3179 2488 403436
1148 2471 728235
1251 623 241088
2686 1578 371745
1874 814 348296
1606 1956 839533
2986 3008 504527
1849 2177 891902
2169 2547 516414
2008 327 945701
2121 2081 258762
2382 1650 832862
154 1697 745508
715 2436 141214
2707 352 198612
2497 0 815114
2347 1033 858783
1515 3336 988118
518 75 417320
1184 1245 738145
2130 3390 136508
3386 375 20152
336 1765 756264
451 2205 762811
2219 1572 874581
2910 1461 286494
718 21 241639
3428 2067 849985
2612 2061 646303
44 307 770770
2473 2647 644476
158 48 649171
91 2111 150306
1708 1808 397298
1674 3464 664457
3304 939 981676
1495 1014 33976
1499 123 628765
1960 2889 134205
3134 1414 150212
1118 3364 915088
1148 3378 285168
704 2964 274639
1632 941 742061
683 718 79388
2153 310 425257
696 1970 693957
2839 2275 693279
2280 1 148205
2344 1073 946790
549 1058 330945
929 2417 493527
1882 3503 382297
767 1367 853505
2430 3205 731299
991 1739 560366
2275 1592 915008
1853 1892 603448
2963 1746 702546
803 2291 798010
1615 167 313023
2725 3469 894571
1005 1801 643621
545 406 393849
1066 1966 636562
419 1683 969922
1579 2850 542331
657 1723 463708
1893 2719 11363
615 1386 750793
2243 2440 653524
1183 95 592146
2860 810 912684
1851 1813 596759
677 1350 223772
2078 110 838580
2672 3467 124199
1131 1074 997079
1312 2921 160442
943 2990 377745
286 2640 122030
762 250 834138
1473 1537 665036
1235 897 634023
1548 1828 652425
268 1661 319258
646 2867 492718
1945 2358 624734
554 1489 680136
2911 2680 43751
60 78 596668
2582 1796 875606
2248 3134 861935
1550 2363 784069
685 380 322667
1203 1369 789223
1784 302 733091
958 1662 616263
2126 2413 990920
197 1740 989638
1205 1746 475011
1448 3474 19367
1612 3345 236035
2886 3052 357527
829 641 854652
3485 3397 586922
3015 3174 362498
1794 2876 558757
1261 2713 742213
2942 1132 266044
1028 3109 716822
1542 558 176910
2342 3183 787630
1419 1765 695253
362 1765 644262
3017 1461 509882
502 448 759259
1530 3225 777441
863 1797 667475
2730 2701 567901
1672 3226 23313
1138 743 400309
1717 2591 407000
1193 2488 29430
2659 940 179804
265 2987 931788
3132 2225 132671
327 2973 35124
3368 63 684812
805 808 184750
2493 61 821238
1400 3189 427202
1796 1640 554619
75 329 827868
490 2468 270625
1880 199 598305
559 2750 257692
2002 629 114479
1631 681 905857
2806 1484 509207
1240 250 605542
1782 1262 569037
1982 1054 628291
1185 3108 343919
3399 71 688811
1581 254 447796
3039 1320 558002
2160 134 943864
2057 3415 521981
3369 446 237421
1765 829 638559
2809 1211 141800
2354 3495 173467
641 2626 760872
2253 788 954917
534 1781 329587
1461 918 195050
1776 962 347405
53 246 922157
2220 1548 525148
3010 1409 366986
2962 3210 150967
1185 981 502010
979 1536 682021
1569 1173 625881
134 802 347728
1628 849 883496
3374 1629 105510
2103 2422 209723
2233 1347 840573
126 1374 990183
1209 1386 577917
1140 3498 163149
2307 227 675322
1732 1365 525460
1537 1419 794960
2222 1053 60913
704 2619 941538
327 470 34368
2689 2931 269240
3158 581 999703
2259 1109 500670
770 1151 759058
119 314 520157
2206 1565 156111
666 2105 394079
506 1887 687430
878 70 313175
821 2105 225408
838 1046 106183
990 3071 511954
2746 1407 810849
933 968 986801
411 1751 90425
2838 1551 480354
1679 2480 82311
565 3217 58264
3214 2686 448522
2941 2678 518521
3210 208 646301
1518 3508 727931
1147 1046 923285
2849 1116 585863
788 896 818621
3325 3491 602598
980 2441 489695
266 592 811989
1772 2401 429720
2028 2866 972409
1852 1954 163007
3293 1 383381
1298 562 471689
611 721 360288
799 3361 282463
2968 481 686536
713 1313 303381
1885 2793 120279
357 2741 813078
1373 2705 713901
1408 643 485707
2666 882 691899
2092 238 497602
2608 1310 58295
728 2807 879405
2383 3195 509964
2211 663 376080
2411 2346 123445
112 202 141290
3102 2540 870833
595 1066 963013
2030 2423 222685
1822 2792 296688
2580 549 586553
2810 1782 28688
1657 213 576793
496 1751 250236
2608 1562 280657
1362 2612 567634
2373 1994 347558
883 639 373465
162 1033 148395
33 1147 775968
1739 885 694363
2528 3208 562762
1998 1234 317000
832 2991 594772
3454 3284 267787
2605 3420 77822
2032 771 555208
337 666 549353
3175 1981 939623
2479 1074 448180
2853 1584 26698
19 3349 497002
2068 1906 689828
3353 2578 499118
3121 1615 400653
1485 1552 880512
133 2165 165666
1754 1690 455326
1424 2327 932715
1152 971 161020
1426 1502 177340
793 3044 241358
721 1400 810426
1352 1555 994060
2094 3357 200917
1970 2976 997248
3015 992 859442
2202 2695 881085
2732 2628 355037
2523 252 264724
2302 226 861045
2673 1615 444533
349 2030 341065
1582 458 671310
1502 3036 550763
1 2847 908680
550 3024 921219
3481 2451 306354
2105 1311 98332
2540 284 392365
774 1088 664209
173 722 733725
2304 2222 382739
417 2267 675875
551 2089 146363
3155 773 104077
1469 2788 554683
3144 2954 926034
3427 3124 562430
2229 2798 530022
1431 1410 468954
1370 1486 266396
2302 456 914860
1296 2881 920921
269 2164 69795
68 1688 113646
1527 2914 615295
2050 1291 523880
1624 2394 815690
2485 1684 129603
606 183 992776
2805 2587 330710
3379 456 586802
2345 2579 505150
691 2551 912259
1439 2963 758704
3370 1020 996260
1321 1027 547943
2926 2517 414537
2350 93 204327
1122 1940 637806
354 1228 744675
2966 3282 429011
3285 2860 26921
2887 28 299426
867 1778 995827
2050 178 331685
2688 3385 210623
1851 1850 169445
556 356 938776
566 2677 852830
1287 1608 993954
602 2636 923629
1390 1446 312491
2823 2272 399845
1277 1592 358142
144 1084 718892
3102 1601 602396
1342 106 573810
2859 3182 923365
328 1208 441953
553 2825 406532
3151 1076 552260
2005 3090 405824
3293 3457 192327
1073 2536 518493
3133 2121 122507
2366 3206 532419
254 755 495420
47 2584 958319
1390 1801 27605
930 168 21056
2084 187 896636
2308 1968 533204
2838 2316 171223
1540 361 842588
1034 197 374072
2146 2600 825261
305 454 527879
2510 1298 793908
2579 794 791983
3006 3513 880185
1416 1051 814183
2594 1637 618460
1949 306 403686
1135 1277 578882
1590 966 737799
2055 431 850472
3213 3425 272830
2484 1138 665973
2759 2316 589339
3134 2256 422113
433 2403 594887
2369 3036 590593
12 6 263746
3426 210 222437
1035 521 439118
1051 2947 414636
3313 810 259871
1535 1676 545281
60 2743 670580
96 135 723075
3414 2110 67716
77 1071 667684
3327 3303 635817
2026 1763 469697
1974 2441 38527
1545 2141 341146
768 531 409433
1246 3251 957107
432 3222 543008
3084 2773 346886
984 119 585547
2413 1890 537776
96 1150 499208
1853 2367 788977
2801 1114 889173
2732 2553 922911
2042 2080 814149
836 931 110639
1958 2662 922507
602 3298 940571
1063 3168 735226
1161 1478 787944
2113 641 69075
1909 1082 543957
1343 3019 688194
1265 875 81794
876 1816 149648
103 1022 242060
1378 0 844399
1234 826 79549
1589 1377 472065
11 36 694573
2903 2930 931592
2160 1876 986412
2679 1497 841776
779 1522 162662
2203 3166 790583
2815 304 870323
902 3012 202458
2727 1117 648192
2589 2635 763254
1358 2684 116206
940 964 973013
2456 43 982200
1762 3422 16681
2855 677 98906
2976 241 226917
1399 2623 574107
3144 1989 827998
1348 2239 801620
1022 2117 91398
2044 544 630191
2829 1169 965904
2239 2643 593350
2327 2361 924093
1405 1979 893093
3173 2656 564264
1227 1535 604941
1316 2610 822274
2064 244 461841
2540 2340 270264
3332 3385 431121
1060 2238 659818
3364 421 358109
381 261 525963
2435 3242 315153
1884 1093 739009
2877 2913 921180
3250 1503 127859
1130 290 157326
305 2626 347536
589 1646 520405
836 504 236819
2669 2917 806152
1018 1434 322598
3419 1010 975719
3189 3458 884874
1650 1702 4594
3465 3340 163944
306 695 491647
1625 2867 142248
1422 258 333676
785 342 440579
378 428 928943
2380 997 927828
152 2255 557446
3057 3162 794320
2991 2695 572238
616 2418 465156
1899 212 361782
1706 436 834311
365 876 206645
2328 3373 217738
1220 2555 991646
1961 1334 684429
1837 671 601099
2228 2613 72540
1596 246 802690
689 994 491598
2060 3439 588144
2236 1977 474980
2175 2996 751481
2675 973 4684
2387 660 765748
1552 388 861857
1554 937 858617
3303 494 888278
660 3199 816741
401 1073 334945
2538 1287 725967
3066 1962 952995
2610 146 400296
393 2207 55898
562 1832 718648
798 2891 705328
2484 1493 502571
2696 1174 582768
2827 538 173935
283 1151 354349
734 3265 688271
355 3377 501454
449 5 109477
3008 1467 81088
3149 1381 107410
2486 2095 185512
2612 1174 671538
2081 3239 771384
1399 1037 884859
3233 591 692616
3043 1996 54571
3221 2441 363494
3384 1550 620584
113 1132 196465
2861 2360 178015
1143 1766 938645
2288 1416 512090
274 2766 141662
440 2743 66451
2936 1535 983981
176 2465 618023
407 3375 849642
583 3283 122489
3084 2085 532159
2753 639 217802
1478 1476 663595
3303 868 856988
312 1445 98268
2853 1910 29092
2764 2531 641491
3217 2224 598054
1953 106 762123
863 2504 306826
2233 1994 941719
1496 643 558024
1577 3067 749857
2485 3040 39261
100 1744 590697
172 1161 133083
553 1052 586092
2733 441 190728
854 2199 751658
2011 2861 281583
3165 2209 344135
1123 112 7562
1558 465 274552
856 992 263410
221 2091 65318
752 2662 822896
169 476 810063
127 1012 102739
1520 638 213310
1558 2662 771644
3191 2955 415942
1089 2296 401803
2931 1179 186240
2311 311 811429
2134 1569 803706
854 2209 114379
2563 1991 782261
1340 3118 659452
3436 307 937841
2847 665 867650
2090 2366 219485
3203 3190 235609
1041 2621 676300
2309 1310 142230
3024 2668 456334
2992 511 585700
1179 2520 888732
819 112 669462
2472 729 530747
3413 1026 764117
2655 233 215436
1884 660 225899
712 1452 374629
3181 1210 812596
743 648 133959
1715 2724 269678
533 2516 12154
1944 3231 305291
381 3121 242555
1393 3476 15634
2585 2609 22228
2476 2078 135042
294 644 467720
2769 2010 949339
390 1001 2328
1439 333 860531
3437 2024 202226
1967 3021 320578
2688 1231 305592
1461 1168 642035
237 3284 767795
2854 424 675429
2341 1188 324013
248 3027 553389
1316 1722 256361
3472 3398 495905
1089 2653 938287
139 481 927171
2268 1440 995620
2163 2183 436114
2473 684 910874
2269 2861 37892
2523 3039 626433
82 2992 541657
1529 3012 832855
2530 497 774799
3408 1393 698421
578 2565 289019
2995 1186 382970
1907 193 33069
950 742 137349
1373 2023 147944
2376 608 260761
2869 2469 675013
412 1304 949274
1453 1793 38327
1060 815 472988
3001 1761 208207
2154 1374 857584
810 327 942817
3 1750 564596
851 1979 447979
2520 3050 660262
1920 2102 57213
2133 456 621011
1184 1359 847708
732 3272 25489
3327 2313 98939
2945 2912 110662
2784 99 69967
970 1602 813338
2741 2765 187623
515 2313 969748
3124 3090 656078
965 467 171468
2325 3216 112496
965 1849 111044
3033 2073 752942
1184 828 998549
2660 752 159708
785 2487 998433
13 1698 657643
2535 2667 508726
43 235 534024
1921 1457 286035
1483 698 596398
2557 91 854675
3442 3299 706231
614 1007 145390
522 184 418839
1053 215 394246
1576 624 221180
1712 3499 291787
249 2217 15761
2847 986 224111
2015 1377 936924
2994 2739 986545
1954 152 782532
1274 1941 430045
1849 81 86117
1554 1382 459597
503 331 311605
1967 266 809698
341 655 300683
112 332 89551
2240 484 55434
1669 357 340020
1731 2370 657761
2465 4 14820
625 179 333722
383 1416 770481
446 2312 535777
1597 2757 76608
3279 154 92787
483 2505 447906
2166 2962 4673
1288 1379 958795
332 2569 262871
2975 1469 924350
607 2631 526887
1572 1512 730568
1613 2358 699610
3396 3043 366663
2984 954 200928
836 1751 890209
119 3041 949052
3256 233 410066
2526 2438 818142
2514 2579 470690
1613 2342 180171
2912 0 881612
1207 2930 465396
177 2171 66487
2127 3163 54376
26 1186 614253
2015 194 147156
1553 1207 54752
65 251 901186
1529 1373 840660
2303 777 459483
1896 1702 883197
1176 2938 842318
3236 2389 416059
1965 1469 260727
3500 1840 785998
681 2371 202505
2256 3048 38611
2094 699 728387
597 2243 499811
3451 937 224136
2963 3130 195649
1583 1295 621309
1314 3328 320479
3316 1244 542862
2186 476 867623
891 2882 392993
1087 2132 493275
2338 964 281252
189 2397 524065
547 465 307557
3252 969 701065
3296 202 7723
1223 2460 163369
501 2204 606249
807 2542 665291
1441 1985 939140
984 1344 17171
2418 1261 954080
2576 1961 956076
3126 951 732873
2107 3245 939667
691 466 802544
1118 1439 209710
791 1648 738118
2972 1686 103118
2680 2435 51892
314 3331 213653
804 1745 30163
3212 2013 459465
1134 3463 80146
3071 344 344332
2854 1141 258754
1450 1655 370704
2208 1562 670292
1974 168 383363
2052 56 284756
1053 1179 184123
395 5 557124
2693 703 839568
2074 2627 837367
290 372 932214
2805 2786 983228
1040 246 146045
3293 2034 524318
63 535 687696
1347 3400 617855
3035 1340 812235
1012 3083 273739
675 1848 4713
3502 604 738328
792 1446 352290
1390 658 29687
1896 138 806703
1601 2305 943647
3142 200 306567
1428 3231 994059
2611 1235 474589
241 2656 625183
628 1683 532944
3224 1425 678260
2059 1352 341602
2005 984 135024
3354 112 333332
1579 477 226351
1982 3135 305847
832 2681 891813
3249 1338 97230
1953 617 502913
838 768 649008
1704 1284 879535
231 227 676698
891 2223 979214
959 2062 604735
1061 92 839427
289 1415 646694
170 745 35570
1430 3190 126906
3073 3012 307333
1094 2336 293951
344 306 140804
988 274 154480
1168 1545 764497
2688 908 623147
1357 580 755824
1466 1074 699508
2051 2267 594022
2695 470 31416
2768 1909 557163
137 101 907392
1467 2903 198686
273 3314 146724
1384 366 892784
2453 2220 96148
2521 1388 773635
2014 2756 3678
1568 2522 585404
1223 1184 139657
1417 262 941211
1483 49 587012
1057 3133 348338
2169 413 657430
3034 2828 499513
687 2236 555319
3026 2570 123219
363 2134 698792
3255 2500 732689
631 1422 533919
2391 2116 538802
1788 1562 772082
2735 2114 479415
881 1783 209377
2669 1192 875875
2808 1936 822265
1152 1994 343067
2194 1095 544272
894 2520 179740
936 1330 706887
1220 3274 294443
1486 1970 270856
2654 1062 739087
1286 2432 172014
2064 2764 988215
2355 1365 722470
969 1892 534505
2506 812 771167
2717 2317 493030
175 3083 553255
2221 1153 558958
3353 2133 333435
2862 1727 448427
3257 732 629123
1471 754 638026
3398 2517 990881
2603 1684 772693
1380 1667 19690
3156 3129 447959
2142 1720 500955
1917 2218 612166
1624 2654 961777
3361 334 817179
3251 3335 973000
2749 3417 883044
468 3461 983611
1823 845 530137
3508 3513 696571
830 3456 451180
707 2423 946010
1273 3345 285194
1364 3419 68724
1012 1752 158174
1157 809 334124
1679 1742 523295
895 3190 747981
764 3320 590846
1616 3281 582819
3310 3061 943867
1285 210 818193
1238 3101 739771
2810 398 57934
698 848 754262
2369 594 114401
2281 2357 92583
2360 3500 763088
2314 2856 737420
3086 1522 683732
2641 162 565618
3328 2981 335863
2478 1509 365934
2115 2595 909369
3228 1313 145166
1450 3488 908633
47 1387 897663
91 1706 699230
3075 579 217736
380 203 962909
2287 1300 102937
2433 3439 135689
218 1913 586571
740 3057 44225
1224 2544 164869
3261 3242 674621
596 333 727756
2786 300 251846
269 2820 929472
1082 219 260465
354 459 115838
2804 153 237000
2128 2680 287593
1143 3053 521598
1601 757 528625
377 2995 950053
1548 1504 351090
2540 1277 618195
2852 1441 418916
3204 3273 907734
490 3353 978099
3413 2908 719297
980 32 606821
1263 319 437325
2540 1200 730314
2395 2362 644692
3206 276 386218
130 390 993519
2710 3115 192015
2577 274 868634
2089 1454 191097
1287 3457 98422
3217 2576 57997
1938 2810 241595
1389 1393 72275
1872 3372 247353
2463 3282 771963
3415 1673 576107
756 1423 777704
251 2837 339549
3337 433 621826
508 2557 596740
1217 2958 498616
445 2173 263219
1226 1680 549538
741 1062 972561
127 2918 555543
3318 713 252608
43 418 535242
1478 1256 272051
3211 1720 679369
1747 3482 592082
844 3466 818425
1901 196 450153
3472 2684 115665
352 3122 42848
680 3296 748754
3065 3292 424520
1429 2536 294398
284 188 596768
1087 2756 918970
2367 390 763702
3403 2877 260656
1438 2357 527132
2247 1509 699385
2615 2565 133977
3347 1269 116323
425 2172 255011
1481 1036 87261
960 1686 859526
1164 170 111027
267 2706 525233
3177 1188 480742
1516 3256 600185
408 1756 637623
366 1912 757208
1435 2371 515983
1258 1653 455097
710 2234 751374
43 2899 748626
2899 2446 254698
873 2637 978304
471 2284 100064
2192 266 873406
34 2074 762932
35 2266 82912
3137 3331 855818
130 988 262478
207 1931 824158
838 2027 254631
3202 1107 728533
1091 1087 495424
197 1601 6418
837 1024 919696
1354 3383 202243
2352 3267 559611
1562 3029 58590
1519 1538 223355
1682 1356 208907
2893 319 547597
2087 2458 903172
299 291 477000
2688 492 405707
916 2732 966678
3295 3360 233062
2280 2378 410294
2788 2916 886789
377 3117 711318
2590 1698 233049
3139 1794 218626
185 2972 278775
2076 191 269770
2480 1376 31044
571 1301 697830
1932 245 199494
1487 1323 156842
2203 3339 258107
503 1882 25499
3331 175 918501
1609 2967 299516
3508 3023 92801
2393 1431 616715
164 2005 203661
3252 2304 282722
2146 2025 842201
556 151 893033
0 1 519789
1 2 340215
2 3 257055
3 4 531792
4 5 100593
5 6 853709
6 7 841258
7 8 144836
8 9 13938
9 10 190259
10 11 374774
11 12 436064
12 13 792499
13 14 24298
14 15 7103
15 16 737183
16 17 357292
17 18 10808
18 19 386832
19 20 514872
20 21 325745
21 22 685009
22 23 696925
23 24 263835
24 25 821541
25 26 767902
26 27 837000
27 28 806183
28 29 429738
29 30 230215
30 31 422159
31 32 149106
32 33 700905
33 34 72434
34 35 244234
35 36 374573
36 37 881519
37 38 212489
38 39 221240
39 40 136949
40 41 262413
41 42 370181
42 43 894234
43 44 763744
44 45 502741
45 46 53417
46 47 87959
47 48 792494
48 49 358728
49 50 58635
50 51 141493
51 52 179287
52 53 858296
53 54 690870
54 55 558803
55 56 47453
56 57 594790
57 58 71197
58 59 282213
59 60 159579
60 61 882625
61 62 809907
62 63 78445
63 64 866109
64 65 947373
65 66 526909
66 67 512700
67 68 536853
68 69 713552
69 70 727639
70 71 981591
71 72 759117
72 73 550866
73 74 770449
74 75 497386
75 76 283490
76 77 538422
77 78 430753
78 79 123149
79 80 796670
80 81 746900
81 82 763715
82 83 261098
83 84 572370
84 85 65395
85 86 151077
86 87 665181
87 88 682877
88 89 301941
89 90 222873
90 91 111584
91 92 489898
92 93 951699
93 94 977724
94 95 910151
95 96 811555
96 97 419653
97 98 408786
98 99 760720
99 100 167521
100 101 763945
101 102 648862
102 103 699660
103 104 780124
104 105 843484
105 106 109602
106 107 545747
107 108 37937
108 109 498872
109 110 344764
110 111 473652
111 112 71646
112 113 914225
113 114 955316
114 115 849846
115 116 955721
116 117 960832
117 118 353718
118 119 955101
119 120 286274
120 121 246252
121 122 216308
122 123 732993
123 124 250964
124 125 874531
125 126 833795
126 127 522606
127 128 652514
128 129 116678
129 130 704462
130 131 489337
131 132 694851
132 133 116546
133 134 897319
134 135 544715
135 136 238029
136 137 86739
137 138 131511
138 139 278954
139 140 864846
140 141 842813
141 142 810688
142 143 40896
143 144 362537
144 145 158785
145 146 706269
146 147 396642
147 148 797981
148 149 411124
149 150 825656
150 151 648348
151 152 915043
152 153 286109
153 154 204214
154 155 479196
155 156 437256
156 157 495040
157 158 104413
158 159 655966
159 160 389369
160 161 783585
161 162 567151
162 163 182522
163 164 36023
164 165 724602
165 166 682504
166 167 741367
167 168 900365
168 169 760480
169 170 843834
170 171 640425
171 172 294474
172 173 732078
173 174 257005
174 175 989105
175 176 973119
176 177 203484
177 178 799261
178 179 130758
179 180 521133
180 181 51784
181 182 703867
182 183 412261
183 184 746753
184 185 902688
185 186 251347
186 187 255481
187 188 649009
188 189 32868
189 190 84116
190 191 34939
191 192 70208
192 193 404787
193 194 101892
194 195 739386
195 196 16478
196 197 169284
197 198 918494
198 199 856550
199 200 107064
200 201 300839
201 202 736605
202 203 260126
203 204 430884
204 205 48772
205 206 463084
206 207 505070
207 208 291325
208 209 565256
209 210 293247
210 211 910396
211 212 615350
212 213 777085
213 214 386163
214 215 141905
215 216 110588
216 217 124640
217 218 578234
218 219 941772
219 220 970509
220 221 187467
221 222 632645
222 223 982911
223 224 40467
224 225 648285
225 226 607088
226 227 466495
227 228 55932
228 229 328965
229 230 44448
230 231 244232
231 232 511524
232 233 306893
233 234 752983
234 235 959068
235 236 871086
236 237 733590
237 238 916007
238 239 23727
239 240 596955
240 241 880529
241 242 756487
242 243 677995
243 244 126740
244 245 370795
245 246 111111
246 247 61595
247 248 700609
248 249 503601
249 250 707503
250 251 91006
251 252 700005
252 253 102799
253 254 930819
254 255 125370
255 256 620351
256 257 324251
257 258 161269
258 259 415445
259 260 76934
260 261 434912
261 262 740707
262 263 484009
263 264 449202
264 265 243758
265 266 601844
266 267 982515
267 268 283960
268 269 850838
269 270 835309
270 271 151405
271 272 160181
272 273 459934
273 274 311578
274 275 379624
275 276 911412
276 277 406579
277 278 333961
278 279 544867
279 280 70105
280 281 363118
281 282 762523
282 283 497431
283 284 744065
284 285 726665
285 286 524095
286 287 382956
287 288 152295
288 289 896091
289 290 228019
290 291 895163
291 292 164632
292 293 750582
293 294 350913
294 295 136823
295 296 331653
296 297 123599
297 298 323040
298 299 582250
299 300 387936
300 301 541836
301 302 731053
302 303 14780
303 304 684623
304 305 835158
305 306 1022
306 307 210243
307 308 983285
308 309 264774
309 310 332487
310 311 271059
311 312 452658
312 313 817331
313 314 874232
314 315 805511
315 316 810689
316 317 275336
317 318 899125
318 319 461325
319 320 783322
320 321 259038
321 322 147348
322 323 262696
323 324 588385
324 325 69004
325 326 788264
326 327 959688
327 328 514543
328 329 943318
329 330 968239
330 331 165226
331 332 714025
332 333 722972
333 334 675185
334 335 303695
335 336 348735
336 337 550854
337 338 951293
338 339 103932
339 340 98638
340 341 285607
341 342 317695
342 343 967402
343 344 317237
344 345 630734
345 346 387890
346 347 895970
347 348 753629
348 349 848783
349 350 506109
350 351 156428
351 352 4310
352 353 476939
353 354 158837
354 355 685164
355 356 350293
356 357 593463
357 358 730301
358 359 468960
359 360 408794
360 361 112689
361 362 59779
362 363 61512
363 364 669390
364 365 715630
365 366 519947
366 367 610587
367 368 489578
368 369 42253
369 370 939458
370 371 819833
371 372 103126
372 373 598198
373 374 793311
374 375 631425
375 376 345826
376 377 145622
377 378 475882
378 379 471348
379 380 952367
380 381 489856
381 382 748629
382 383 641907
383 384 988710
384 385 861082
385 386 635578
386 387 884141
387 388 329093
388 389 193084
389 390 358537
390 391 306335
391 392 713390
392 393 1251
393 394 191681
394 395 604931
395 396 946629
396 397 313828
397 398 729451
398 399 944955
399 400 92866
400 401 264028
401 402 910216
402 403 42086
403 404 843809
404 405 892550
405 406 467313
406 407 527356
407 408 703950
408 409 302829
409 410 162931
410 411 285023
411 412 659729
412 413 789849
413 414 820496
414 415 482867
415 416 284322
416 417 674093
417 418 567983
418 419 467026
419 420 296501
420 421 597242
421 422 759896
422 423 810477
423 424 688510
424 425 760075
425 426 95811
426 427 155881
427 428 614787
428 429 598136
429 430 176617
430 431 669412
431 432 726840
432 433 894924
433 434 680297
434 435 430873
435 436 870281
436 437 764765
437 438 535066
438 439 197586
439 440 417739
440 441 669708
441 442 402576
442 443 313763
443 444 50305
444 445 681838
445 446 266579
446 447 937778
447 448 616636
448 449 215564
449 450 601725
450 451 570556
451 452 536885
452 453 554925
453 454 720025
454 455 515822
455 456 145144
456 457 421050
457 458 793078
458 459 553418
459 460 320826
460 461 94290
461 462 329801
462 463 304503
463 464 381806
464 465 582994
465 466 665600
466 467 257364
467 468 575190
468 469 157530
469 470 795944
470 471 622853
471 472 386345
472 473 504031
473 474 810464
474 475 328831
475 476 926824
476 477 988000
477 478 584900
478 479 891599
479 480 77300
480 481 653948
481 482 622122
482 483 604818
483 484 887839
484 485 405179
485 486 985487
486 487 690396
487 488 720592
488 489 260339
489 490 495461
490 491 428567
491 492 411690
492 493 52150
493 494 589136
494 495 979863
495 496 866195
496 497 566725
497 498 334930
498 499 900972
499 500 837986
500 501 360378
501 502 287625
502 503 850751
503 504 143950
504 505 676225
505 506 468232
506 507 105719
507 508 180059
508 509 240855
509 510 476426
510 511 603899
511 512 991280
512 513 759018
513 514 721300
514 515 511577
515 516 761112
516 517 241505
517 518 566417
518 519 456124
519 520 957735
520 521 715186
521 522 466529
522 523 205327
523 524 304032
524 525 643192
525 526 74831
526 527 414343
527 528 987790
528 529 827181
529 530 433677
530 531 827622
531 532 733824
532 533 167726
533 534 861096
534 535 394003
535 536 220553
536 537 943722
537 538 207154
538 539 375978
539 540 983758
540 541 442381
541 542 865927
542 543 637292
543 544 456848
544 545 374070
545 546 505380
546 547 458333
547 548 487418
548 549 877988
549 550 796093
550 551 519691
551 552 43121
552 553 426032
553 554 555382
554 555 278192
555 556 708346
556 557 675192
557 558 271019
558 559 916364
559 560 583317
560 561 174381
561 562 790466
562 563 601317
563 564 478999
564 565 644883
565 566 732843
566 567 663500
567 568 972484
568 569 445287
569 570 232276
570 571 54821
571 572 713256
572 573 956708
573 574 845451
574 575 484975
575 576 617813
576 577 81427
577 578 627809
578 579 899614
579 580 435148
580 581 491492
581 582 842845
582 583 970217
583 584 659867
584 585 160208
585 586 444272
586 587 33524
587 588 214218
588 589 540956
589 590 531069
590 591 997369
591 592 847053
592 593 940399
593 594 151948
594 595 323491
595 596 764820
596 597 145731
597 598 962069
598 599 812367
599 600 459570
600 601 635964
601 602 112346
602 603 200149
603 604 950675
604 605 788509
605 606 336338
606 607 442059
607 608 491119
608 609 341467
609 610 740134
610 611 293116
611 612 58168
612 613 796995
613 614 270197
614 615 193239
615 616 237414
616 617 400771
617 618 529874
618 619 434901
619 620 916854
620 621 320421
621 622 955018
622 623 416614
623 624 523790
624 625 544545
625 626 66128
626 627 531958
627 628 752711
628 629 782787
629 630 374140
630 631 819520
631 632 815354
632 633 916722
633 634 388598
634 635 306977
635 636 593291
636 637 758
637 638 320914
638 639 61751
639 640 107377
640 641 708054
641 642 349621
642 643 279103
643 644 678965
644 645 642457
645 646 885005
646 647 445367
647 648 796721
648 649 374544
649 650 705412
650 651 757118
651 652 863187
652 653 5473
653 654 774789
654 655 221492
655 656 513003
656 657 757195
657 658 525602
658 659 101105
659 660 850631
660 661 933294
661 662 184852
662 663 671638
663 664 856519
664 665 136373
665 666 749606
666 667 371925
667 668 240596
668 669 847924
669 670 997684
670 671 902863
671 672 887227
672 673 39406
673 674 546037
674 675 821093
675 676 635201
676 677 952604
677 678 967458
678 679 987091
679 680 19042
680 681 34929
681 682 461204
682 683 710284
683 684 155302
684 685 296732
685 686 663645
686 687 452696
687 688 729719
688 689 387763
689 690 543787
690 691 170921
691 692 390410
692 693 703719
693 694 405041
694 695 962549
695 696 759588
696 697 160840
697 698 812573
698 699 369059
699 700 648902
700 701 352561
701 702 637218
702 703 335735
703 704 200981
704 705 270068
705 706 644458
706 707 412435
707 708 118803
708 709 537984
709 710 781210
710 711 657613
711 712 194471
712 713 701920
713 714 688770
714 715 29036
715 716 840439
716 717 249900
717 718 239666
718 719 6801
719 720 15905
720 721 32513
721 722 418605
722 723 635653
723 724 616325
724 725 395522
725 726 247808
726 727 341279
727 728 87642
728 729 794408
729 730 762281
730 731 953295
731 732 201732
732 733 690833
733 734 648984
734 735 57138
735 736 839907
736 737 145616
737 738 300337
738 739 641779
739 740 300041
740 741 742950
741 742 629048
742 743 12398
743 744 669187
744 745 985381
745 746 586960
746 747 982674
747 748 910229
748 749 936440
749 750 260340
750 751 563325
751 752 919403
752 753 703899
753 754 408152
754 755 583661
755 756 648183
756 757 491119
757 758 208215
758 759 355260
759 760 299368
760 761 159930
761 762 407098
762 763 442924
763 764 176504
764 765 391468
765 766 846277
766 767 858167
767 768 625127
768 769 889144
769 770 159478
770 771 495178
771 772 178867
772 773 303039
773 774 277764
774 775 17530
775 776 140992
776 777 96600
777 778 384458
778 779 985160
779 780 117530
780 781 602649
781 782 386418
782 783 441162
783 784 932387
784 785 833141
785 786 78694
786 787 952526
787 788 664181
788 789 786383
789 790 513470
790 791 729194
791 792 21297
792 793 333617
793 794 388673
794 795 644569
795 796 671877
796 797 210994
797 798 837417
798 799 122945
799 800 816420
800 801 324456
801 802 707384
802 803 985113
803 804 540009
804 805 100337
805 806 269091
806 807 839723
807 808 931153
808 809 136545
809 810 116736
810 811 959057
811 812 458081
812 813 661665
813 814 759926
814 815 870071
815 816 693019
816 817 864489
817 818 828637
818 819 908663
819 820 640321
820 821 601157
821 822 305534
822 823 739597
823 824 438842
824 825 344016
825 826 551587
826 827 712817
827 828 870484
828 829 37321
829 830 546297
830 831 948873
831 832 721060
832 833 4574
833 834 634360
834 835 941566
835 836 257724
836 837 939322
837 838 465087
838 839 448032
839 840 698565
840 841 481145
841 842 265929
842 843 495247
843 844 709713
844 845 842224
845 846 246175
846 847 649984
847 848 187976
848 849 292151
849 850 92482
850 851 821998
851 852 875336
852 853 860355
853 854 92504
854 855 282578
855 856 185034
856 857 765633
857 858 300146
858 859 185684
859 860 492127
860 861 685084
861 862 554183
862 863 855671
863 864 920643
864 865 261282
865 866 341195
866 867 328483
867 868 448352
868 869 6817
869 870 74675
870 871 479192
871 872 436977
872 873 873388
873 874 48627
874 875 737742
875 876 850801
876 877 742800
877 878 211016
878 879 936869
879 880 510966
880 881 649848
881 882 637576
882 883 637783
883 884 881292
884 885 32150
885 886 66831
886 887 752261
887 888 55567
888 889 124685
889 890 803228
890 891 218140
891 892 640443
892 893 443241
893 894 722433
894 895 727711
895 896 483739
896 897 324146
897 898 990528
898 899 232803
899 900 824676
900 901 701640
901 902 765051
902 903 53974
903 904 502115
904 905 563717
905 906 208038
906 907 447946
907 908 426225
908 909 406800
909 910 735770
910 911 641959
911 912 497446
912 913 576653
913 914 928779
914 915 321649
915 916 44757
916 917 667501
917 918 720861
918 919 940255
919 920 788054
920 921 924566
921 922 587899
922 923 401958
923 924 413153
924 925 253500
925 926 146070
926 927 759608
927 928 75802
928 929 288480
929 930 947580
930 931 492900
931 932 843109
932 933 324886
933 934 31951
934 935 122163
935 936 250027
936 937 513577
937 938 506195
938 939 410211
939 940 198735
940 941 266766
941 942 582724
942 943 331218
943 944 425217
944 945 768838
945 946 179005
946 947 940129
947 948 945918
948 949 874318
949 950 843039
950 951 831925
951 952 874442
952 953 648008
953 954 73662
954 955 803168
955 956 454211
956 957 932587
957 958 457743
958 959 68704
959 960 159565
960 961 210543
961 962 462322
962 963 646557
963 964 402110
964 965 108927
965 966 198300
966 967 941570
967 968 451617
968 969 922643
969 970 360493
970 971 798946
971 972 710259
972 973 732707
973 974 220111
974 975 53445
975 976 80050
976 977 838393
977 978 134236
978 979 105620
979 980 601728
980 981 896657
981 982 625254
982 983 890941
983 984 477569
984 985 520005
985 986 248341
986 987 533015
987 988 121196
988 989 728312
989 990 820324
990 991 739387
991 992 976948
992 993 362024
993 994 998433
994 995 402219
995 996 923795
996 997 791894
997 998 141386
998 999 105918
999 1000 229689
1000 1001 636498
1001 1002 66577
1002 1003 958218
1003 1004 995992
1004 1005 492090
1005 1006 695176
1006 1007 193630
1007 1008 684462
1008 1009 965792
1009 1010 253224
1010 1011 383292
1011 1012 228134
1012 1013 680098
1013 1014 855834
1014 1015 817070
1015 1016 471308
1016 1017 631029
1017 1018 751067
1018 1019 796969
1019 1020 66204
1020 1021 933723
1021 1022 158655
1022 1023 776208
1023 1024 718991
1024 1025 860455
1025 1026 118758
1026 1027 62590
1027 1028 181670
1028 1029 675735
1029 1030 158435
1030 1031 999526
1031 1032 652292
1032 1033 608342
1033 1034 512266
1034 1035 496157
1035 1036 827567
1036 1037 391576
1037 1038 922289
1038 1039 742784
1039 1040 134445
1040 1041 557616
1041 1042 115645
1042 1043 417946
1043 1044 210078
1044 1045 658601
1045 1046 729582
1046 1047 368618
1047 1048 955738
1048 1049 396526
1049 1050 321381
1050 1051 567339
1051 1052 894799
1052 1053 242807
1053 1054 20519
1054 1055 346319
1055 1056 819999
1056 1057 932564
1057 1058 19779
1058 1059 877488
1059 1060 701958
1060 1061 176542
1061 1062 596504
1062 1063 962101
1063 1064 791764
1064 1065 187830
1065 1066 374938
1066 1067 747729
1067 1068 167871
1068 1069 110578
1069 1070 553383
1070 1071 260620
1071 1072 301609
1072 1073 390981
1073 1074 572968
1074 1075 81179
1075 1076 417117
1076 1077 116377
1077 1078 807854
1078 1079 963619
1079 1080 109468
1080 1081 371266
1081 1082 79280
1082 1083 11367
1083 1084 784787
1084 1085 502866
1085 1086 560982
1086 1087 194647
1087 1088 664290
1088 1089 293813
1089 1090 427077
1090 1091 33733
1091 1092 310151
1092 1093 865040
1093 1094 447283
1094 1095 978690
1095 1096 49094
1096 1097 599531
1097 1098 823661
1098 1099 727607
1099 1100 587495
1100 1101 413504
1101 1102 400354
1102 1103 374023
1103 1104 349491
1104 1105 349564
1105 1106 993739
1106 1107 858182
1107 1108 265640
1108 1109 950146
1109 1110 494489
1110 1111 519939
1111 1112 124725
1112 1113 558429
1113 1114 566419
1114 1115 738689
1115 1116 215830
1116 1117 167464
1117 1118 886604
1118 1119 672824
1119 1120 897416
1120 1121 338476
1121 1122 638712
1122 1123 381254
1123 1124 402574
1124 1125 296990
1125 1126 537797
1126 1127 50614
1127 1128 608265
1128 1129 194805
1129 1130 476744
1130 1131 24878
1131 1132 247076
1132 1133 759104
1133 1134 60414
1134 1135 283396
1135 1136 444079
1136 1137 494751
1137 1138 717160
1138 1139 29960
1139 1140 42748
1140 1141 107966
1141 1142 440636
1142 1143 853993
1143 1144 160587
1144 1145 3003
1145 1146 97275
1146 1147 685144
1147 1148 360799
1148 1149 757722
1149 1150 762634
1150 1151 953858
1151 1152 147377
1152 1153 176431
1153 1154 895394
1154 1155 74013
1155 1156 455969
1156 1157 655206
1157 1158 164718
1158 1159 662989
1159 1160 513793
1160 1161 969408
1161 1162 474226
1162 1163 397937
1163 1164 477016
1164 1165 906399
1165 1166 274658
1166 1167 423232
1167 1168 53839
1168 1169 229456
1169 1170 427611
1170 1171 137051
1171 1172 613320
1172 1173 367566
1173 1174 783410
1174 1175 177111
1175 1176 551183
1176 1177 343436
1177 1178 158546
1178 1179 467216
1179 1180 898053
1180 1181 50131
1181 1182 779410
1182 1183 330055
1183 1184 982228
1184 1185 2994
1185 1186 892625
1186 1187 107465
1187 1188 872047
1188 1189 435399
1189 1190 439346
1190 1191 57732
1191 1192 267328
1192 1193 142819
1193 1194 96602
1194 1195 60197
1195 1196 592628
1196 1197 75273
1197 1198 899771
1198 1199 358639
1199 1200 924901
1200 1201 516858
1201 1202 348225
1202 1203 592537
1203 1204 745891
1204 1205 228579
1205 1206 345201
1206 1207 524411
1207 1208 297123
1208 1209 252708
1209 1210 111069
1210 1211 615954
1211 1212 906596
1212 1213 370808
1213 1214 708913
1214 1215 475744
1215 1216 308110
1216 1217 839015
1217 1218 22792
1218 1219 157028
1219 1220 581641
1220 1221 404425
1221 1222 834298
1222 1223 505407
1223 1224 472828
1224 1225 610599
1225 1226 300897
1226 1227 153439
1227 1228 260622
1228 1229 597877
1229 1230 769278
1230 1231 4077
1231 1232 21396
1232 1233 770280
1233 1234 234008
1234 1235 993060
1235 1236 632635
1236 1237 887156
1237 1238 26601
1238 1239 901122
1239 1240 443088
1240 1241 270698
1241 1242 18983
1242 1243 700845
1243 1244 154149
1244 1245 339885
1245 1246 659428
1246 1247 192170
1247 1248 552479
1248 1249 557958
1249 1250 652157
1250 1251 966666
1251 1252 428912
1252 1253 377645
1253 1254 894409
1254 1255 373480
1255 1256 843773
1256 1257 128906
1257 1258 902752
1258 1259 647889
1259 1260 396754
1260 1261 479535
1261 1262 528693
1262 1263 452561
1263 1264 682
1264 1265 29917
1265 1266 937825
1266 1267 880087
1267 1268 59719
1268 1269 641627
1269 1270 133015
1270 1271 390806
1271 1272 446744
1272 1273 150249
1273 1274 33860
1274 1275 579057
1275 1276 308517
1276 1277 507617
1277 1278 130671
1278 1279 624439
1279 1280 561690
1280 1281 834614
1281 1282 311607
1282 1283 842652
1283 1284 258322
1284 1285 719329
1285 1286 94373
1286 1287 106383
1287 1288 198182
1288 1289 860896
1289 1290 668887
1290 1291 263671
1291 1292 486720
1292 1293 651071
1293 1294 698497
1294 1295 149434
1295 1296 971426
1296 1297 875844
1297 1298 776941
1298 1299 992024
1299 1300 722876
1300 1301 904161
1301 1302 562592
1302 1303 593884
1303 1304 874090
1304 1305 177071
1305 1306 9785
1306 1307 44118
1307 1308 873334
1308 1309 53492
1309 1310 243497
1310 1311 877004
1311 1312 799181
1312 1313 373625
1313 1314 969413
1314 1315 526011
1315 1316 923726
1316 1317 912668
1317 1318 334488
1318 1319 772159
1319 1320 331652
1320 1321 288860
1321 1322 645022
1322 1323 580949
1323 1324 707510
1324 1325 514536
1325 1326 680177
1326 1327 535722
1327 1328 844859
1328 1329 361739
1329 1330 75821
1330 1331 880801
1331 1332 816991
1332 1333 986493
1333 1334 737214
1334 1335 252063
1335 1336 125103
1336 1337 734224
1337 1338 559318
1338 1339 666260
1339 1340 875093
1340 1341 715271
1341 1342 35494
1342 1343 53602
1343 1344 994738
1344 1345 174371
1345 1346 323734
1346 1347 973531
1347 1348 314
1348 1349 790926
1349 1350 711841
1350 1351 742443
1351 1352 51157
1352 1353 30695
1353 1354 578449
1354 1355 950563
1355 1356 317294
1356 1357 698540
1357 1358 163139
1358 1359 691032
1359 1360 612561
1360 1361 730793
1361 1362 937094
1362 1363 81730
1363 1364 27663
1364 1365 232563
1365 1366 229346
1366 1367 5068
1367 1368 344145
1368 1369 483880
1369 1370 632296
1370 1371 156969
1371 1372 894520
1372 1373 685345
1373 1374 325851
1374 1375 172412
1375 1376 722455
1376 1377 929937
1377 1378 169193
1378 1379 345104
1379 1380 615640
1380 1381 728740
1381 1382 236491
1382 1383 531947
1383 1384 312570
1384 1385 926114
1385 1386 262495
1386 1387 449552
1387 1388 310299
1388 1389 166564
1389 1390 932775
1390 1391 461575
1391 1392 781077
1392 1393 329887
1393 1394 388835
1394 1395 447230
1395 1396 885291
1396 1397 487204
1397 1398 290390
1398 1399 545482
1399 1400 705403
1400 1401 620329
1401 1402 609435
1402 1403 872977
1403 1404 205896
1404 1405 181669
1405 1406 285916
1406 1407 902795
1407 1408 4096
1408 1409 79156
1409 1410 881740
1410 1411 639623
1411 1412 817022
1412 1413 193544
1413 1414 628918
1414 1415 507993
1415 1416 847497
1416 1417 178296
1417 1418 628329
1418 1419 221834
1419 1420 468128
1420 1421 584487
1421 1422 338782
1422 1423 435347
1423 1424 109507
1424 1425 579155
1425 1426 747903
1426 1427 337282
1427 1428 229307
1428 1429 512492
1429 1430 701829
1430 1431 228369
1431 1432 162947
1432 1433 550181
1433 1434 74283
1434 1435 23064
1435 1436 760400
1436 1437 840054
1437 1438 760143
1438 1439 573161
1439 1440 160265
1440 1441 738130
1441 1442 318603
1442 1443 241526
1443 1444 870567
1444 1445 942053
1445 1446 268786
1446 1447 31009
1447 1448 932240
1448 1449 272916
1449 1450 460833
1450 1451 508600
1451 1452 899771
1452 1453 980452
1453 1454 24077
1454 1455 536627
1455 1456 457036
1456 1457 482312
1457 1458 848502
1458 1459 969908
1459 1460 701592
1460 1461 199437
1461 1462 137654
1462 1463 756729
1463 1464 375848
1464 1465 250413
1465 1466 866807
1466 1467 453618
1467 1468 322043
1468 1469 738887
1469 1470 714175
1470 1471 301928
1471 1472 279203
1472 1473 1495
1473 1474 917768
1474 1475 597521
1475 1476 434567
1476 1477 65272
1477 1478 449260
1478 1479 761809
1479 1480 332044
1480 1481 188625
1481 1482 555558
1482 1483 33960
1483 1484 33837
1484 1485 907894
1485 1486 897253
1486 1487 357889
1487 1488 114386
1488 1489 872394
1489 1490 238199
1490 1491 725284
1491 1492 899874
1492 1493 262084
1493 1494 907810
1494 1495 178628
1495 1496 317823
1496 1497 412896
1497 1498 223843
1498 1499 61
1499 1500 726030
1500 1501 232630
1501 1502 835931
1502 1503 622740
1503 1504 414927
1504 1505 786176
1505 1506 373930
1506 1507 439868
1507 1508 28602
1508 1509 807506
1509 1510 490289
1510 1511 631720
1511 1512 582703
1512 1513 730897
1513 1514 431933
1514 1515 714073
1515 1516 740185
1516 1517 63429
1517 1518 272133
1518 1519 933476
1519 1520 593382
1520 1521 355255
1521 1522 797293
1522 1523 669301
1523 1524 136989
1524 1525 853289
1525 1526 896005
1526 1527 436161
1527 1528 681608
1528 1529 88156
1529 1530 137046
1530 1531 921276
1531 1532 907817
1532 1533 112118
1533 1534 620898
1534 1535 468478
1535 1536 389110
1536 1537 903465
1537 1538 196508
1538 1539 177906
1539 1540 133588
1540 1541 168370
1541 1542 344844
1542 1543 894251
1543 1544 57088
1544 1545 855381
1545 1546 32491
1546 1547 882034
1547 1548 584609
1548 1549 643534
1549 1550 561527
1550 1551 516374
1551 1552 360594
1552 1553 491856
1553 1554 904309
1554 1555 725051
1555 1556 446590
1556 1557 416923
1557 1558 228691
1558 1559 609539
1559 1560 843649
1560 1561 322289
1561 1562 500443
1562 1563 766619
1563 1564 918065
1564 1565 959088
1565 1566 121022
1566 1567 303180
1567 1568 979629
1568 1569 39416
1569 1570 253592
1570 1571 974961
1571 1572 414645
1572 1573 890942
1573 1574 251567
1574 1575 274109
1575 1576 12296
1576 1577 985049
1577 1578 256738
1578 1579 788503
1579 1580 595483
1580 1581 653882
1581 1582 245043
1582 1583 664196
1583 1584 325993
1584 1585 71236
1585 1586 472070
1586 1587 325799
1587 1588 339566
1588 1589 175960
1589 1590 946292
1590 1591 794842
1591 1592 259216
1592 1593 54781
1593 1594 949604
1594 1595 936761
1595 1596 139233
1596 1597 692580
1597 1598 391219
1598 1599 984745
1599 1600 140282
1600 1601 279065
1601 1602 499616
1602 1603 810501
1603 1604 619290
1604 1605 722808
1605 1606 143573
1606 1607 938623
1607 1608 149843
1608 1609 45483
1609 1610 75598
1610 1611 9924
1611 1612 428380
1612 1613 36486
1613 1614 995982
1614 1615 260860
1615 1616 955254
1616 1617 155322
1617 1618 469029
1618 1619 647917
1619 1620 309892
1620 1621 61481
1621 1622 706064
1622 1623 304927
1623 1624 121106
1624 1625 192303
1625 1626 953049
1626 1627 489820
1627 1628 202612
1628 1629 196885
1629 1630 67234
1630 1631 456025
1631 1632 546814
1632 1633 375389
1633 1634 149124
1634 1635 778590
1635 1636 471694
1636 1637 402267
1637 1638 386228
1638 1639 924981
1639 1640 276511
1640 1641 412453
1641 1642 331867
1642 1643 234074
1643 1644 195700
1644 1645 444180
1645 1646 114742
1646 1647 246933
1647 1648 528848
1648 1649 491619
1649 1650 56186
1650 1651 467790
1651 1652 447169
1652 1653 496367
1653 1654 754389
1654 1655 26051
1655 1656 146684
1656 1657 93201
1657 1658 274421
1658 1659 833234
1659 1660 75884
1660 1661 659904
1661 1662 945224
1662 1663 388339
1663 1664 950516
1664 1665 807172
1665 1666 220284
1666 1667 508986
1667 1668 725889
1668 1669 601931
1669 1670 703542
1670 1671 374501
1671 1672 500945
1672 1673 35476
1673 1674 154548
1674 1675 320273
1675 1676 308008
1676 1677 831290
1677 1678 941809
1678 1679 244015
1679 1680 401601
1680 1681 436234
1681 1682 78700
1682 1683 987289
1683 1684 734498
1684 1685 802027
1685 1686 603304
1686 1687 909786
1687 1688 745694
1688 1689 770991
1689 1690 56010
1690 1691 922519
1691 1692 411526
1692 1693 834748
1693 1694 137295
1694 1695 14248
1695 1696 353234
1696 1697 417020
1697 1698 527140
1698 1699 759391
1699 1700 775143
1700 1701 301002
1701 1702 726929
1702 1703 89046
1703 1704 389271
1704 1705 598186
1705 1706 864544
1706 1707 594796
1707 1708 751627
1708 1709 904857
1709 1710 4063
1710 1711 105804
1711 1712 183223
1712 1713 22324
1713 1714 369728
1714 1715 835982
1715 1716 205916
1716 1717 775018
1717 1718 327407
1718 1719 768557
1719 1720 177632
1720 1721 596838
1721 1722 913137
1722 1723 891143
1723 1724 183908
1724 1725 552091
1725 1726 799060
1726 1727 219740
1727 1728 730713
1728 1729 694651
1729 1730 572949
1730 1731 781476
1731 1732 636062
1732 1733 59618
1733 1734 658468
1734 1735 418633
1735 1736 513497
1736 1737 89689
1737 1738 11794
1738 1739 838523
1739 1740 63461
1740 1741 53883
1741 1742 948571
1742 1743 705130
1743 1744 964221
1744 1745 510147
1745 1746 447828
1746 1747 502385
1747 1748 601861
1748 1749 232320
1749 1750 605292
1750 1751 903843
1751 1752 497868
1752 1753 2152
1753 1754 253441
1754 1755 510583
1755 1756 906678
1756 1757 566932
1757 1758 404857
1758 1759 721785
1759 1760 163453
1760 1761 170152
1761 1762 360162
1762 1763 640618
1763 1764 894440
1764 1765 91486
1765 1766 638847
1766 1767 254684
1767 1768 424244
1768 1769 820500
1769 1770 228346
1770 1771 740333
1771 1772 295623
1772 1773 904422
1773 1774 816134
1774 1775 753458
1775 1776 901528
1776 1777 483137
1777 1778 547815
1778 1779 488672
1779 1780 589043
1780 1781 203591
1781 1782 89205
1782 1783 491265
1783 1784 258096
1784 1785 41179
1785 1786 782616
1786 1787 412716
1787 1788 230507
1788 1789 772212
1789 1790 857860
1790 1791 229327
1791 1792 666685
1792 1793 637406
1793 1794 533576
1794 1795 648246
1795 1796 869265
1796 1797 889125
1797 1798 11837
1798 1799 233251
1799 1800 722227
1800 1801 68490
1801 1802 75853
1802 1803 461881
1803 1804 477462
1804 1805 430786
1805 1806 306532
1806 1807 242439
1807 1808 407335
1808 1809 730347
1809 1810 791361
1810 1811 145090
1811 1812 788213
1812 1813 168790
1813 1814 983881
1814 1815 79797
1815 1816 647362
1816 1817 709952
1817 1818 96976
1818 1819 702986
1819 1820 202197
1820 1821 83635
1821 1822 300394
1822 1823 45487
1823 1824 962493
1824 1825 690214
1825 1826 154082
1826 1827 518467
1827 1828 669349
1828 1829 737217
1829 1830 713322
1830 1831 579676
1831 1832 476639
1832 1833 11901
1833 1834 701365
1834 1835 43703
1835 1836 232751
1836 1837 736086
1837 1838 866785
1838 1839 451415
1839 1840 13953
1840 1841 752696
1841 1842 534985
1842 1843 272298
1843 1844 551879
1844 1845 806606
1845 1846 251484
1846 1847 946086
1847 1848 864793
1848 1849 581052
1849 1850 630987
1851 1852 859009
1852 1853 466573
1853 1854 580960
1854 1855 751609
1855 1856 151854
1856 1857 708611
1857 1858 748118
1858 1859 627757
1859 1860 838720
1860 1861 881907
1861 1862 303181
1862 1863 554153
1863 1864 189370
1864 1865 524935
1865 1866 243167
1866 1867 256096
1867 1868 467560
1868 1869 708680
1869 1870 440786
1870 1871 769194
1871 1872 314234
1872 1873 357859
1873 1874 995588
1874 1875 181597
1875 1876 383820
1876 1877 95987
1877 1878 737142
1878 1879 536794
1879 1880 4742
1880 1881 613351
1881 1882 481263
1882 1883 414625
1883 1884 16940
1884 1885 171979
1885 1886 437066
1886 1887 975071
1887 1888 922486
1888 1889 406870
1889 1890 634901
1890 1891 118530
1891 1892 495124
1892 1893 277498
1893 1894 916087
1894 1895 638659
1895 1896 169674
1896 1897 68591
1897 1898 455416
1898 1899 216912
1899 1900 298410
1900 1901 684071
1901 1902 824087
1902 1903 455255
1903 1904 148869
1904 1905 11579
1905 1906 164887
1906 1907 716872
1907 1908 497436
1908 1909 180436
1909 1910 764806
1910 1911 466838
1911 1912 889013
1912 1913 609198
1913 1914 176160
1914 1915 470313
1915 1916 608743
1916 1917 706092
1917 1918 434272
1918 1919 608860
1919 1920 337088
1920 1921 742275
1921 1922 190525
1922 1923 826655
1923 1924 953157
1924 1925 703471
1925 1926 259882
1926 1927 713588
1927 1928 37475
1928 1929 893258
1929 1930 674764
1930 1931 676801
1931 1932 830535
1932 1933 256427
1933 1934 446980
1934 1935 706416
1935 1936 32663
1936 1937 756148
1937 1938 563579
1938 1939 133698
1939 1940 164369
1940 1941 693786
1941 1942 284448
1942 1943 865335
1943 1944 455313
1944 1945 727557
1945 1946 916816
1946 1947 867411
1947 1948 698814
1948 1949 323590
1949 1950 553582
1950 1951 970049
1951 1952 157775
1952 1953 299835
1953 1954 590372
1954 1955 347037
1955 1956 625342
1956 1957 464421
1957 1958 19501
1958 1959 151777
1959 1960 473082
1960 1961 3432
1961 1962 379775
1962 1963 950364
1963 1964 842524
1964 1965 326913
1965 1966 239091
1966 1967 929800
1967 1968 441840
1968 1969 806114
1969 1970 503992
1970 1971 938922
1971 1972 496816
1972 1973 63795
1973 1974 83146
1974 1975 541823
1975 1976 756991
1976 1977 469240
1977 1978 301084
1978 1979 702162
1979 1980 909169
1980 1981 563358
1981 1982 235840
1982 1983 619648
1983 1984 17350
1984 1985 643960
1985 1986 195608
1986 1987 336614
1987 1988 402394
1988 1989 195975
1989 1990 155402
1990 1991 84809
1991 1992 900087
1992 1993 142651
1993 1994 795580
1994 1995 676200
1995 1996 493559
1996 1997 716436
1997 1998 100336
1998 1999 926945
1999 2000 373226
2000 2001 634944
2001 2002 192710
2002 2003 385594
2003 2004 146000
2004 2005 200061
2005 2006 549573
2006 2007 940923
2007 2008 241469
2008 2009 635306
2009 2010 298995
2010 2011 908888
2011 2012 925756
2012 2013 698051
2013 2014 608619
2014 2015 903234
2015 2016 968008
2016 2017 197350
2017 2018 112598
2018 2019 576167
2019 2020 397611
2020 2021 939709
2021 2022 371012
2022 2023 500242
2023 2024 328000
2024 2025 184692
2025 2026 677939
2026 2027 559141
2027 2028 50187
2028 2029 494121
2029 2030 935467
2030 2031 854578
2031 2032 174974
2032 2033 392623
2033 2034 810373
2034 2035 97171
2035 2036 475208
2036 2037 615981
2037 2038 274787
2038 2039 991076
2039 2040 430540
2040 2041 385183
2041 2042 492678
2042 2043 464577
2043 2044 152931
2044 2045 630728
2045 2046 972472
2046 2047 760261
2047 2048 831786
2048 2049 920499
2049 2050 372385
2050 2051 632169
2051 2052 343635
2052 2053 144213
2053 2054 982194
2054 2055 383652
2055 2056 768219
2056 2057 946928
2057 2058 676393
2058 2059 482361
2059 2060 375062
2060 2061 524577
2061 2062 693597
2062 2063 67657
2063 2064 638862
2064 2065 739332
2065 2066 377706
2066 2067 930135
2067 2068 374009
2068 2069 775814
2069 2070 339834
2070 2071 30423
2071 2072 322164
2072 2073 35568
2073 2074 327115
2074 2075 771665
2075 2076 493492
2076 2077 296095
2077 2078 746209
2078 2079 333295
2079 2080 709757
2080 2081 219155
2081 2082 325774
2082 2083 44187
2083 2084 140998
2084 2085 111091
2085 2086 953171
2086 2087 398510
2087 2088 92471
2088 2089 935559
2089 2090 287905
2090 2091 42921
2091 2092 998527
2092 2093 708952
2093 2094 919189
2094 2095 840603
2095 2096 667980
2096 2097 563514
2097 2098 912614
2098 2099 465574
2099 2100 898092
2100 2101 655106
2101 2102 946660
2102 2103 251495
2103 2104 93406
2104 2105 452667
2105 2106 947132
2106 2107 88128
2107 2108 615330
2108 2109 9873
2109 2110 134582
2110 2111 118723
2111 2112 211036
2112 2113 641485
2113 2114 783085
2114 2115 695343
2115 2116 739183
2116 2117 970309
2117 2118 909023
2118 2119 986230
2119 2120 323012
2120 2121 731579
2121 2122 775673
2122 2123 875586
2123 2124 328261
2124 2125 991939
2125 2126 410026
2126 2127 590732
2127 2128 773340
2128 2129 780093
2129 2130 578359
2130 2131 486017
2131 2132 223152
2132 2133 853880
2133 2134 543815
2134 2135 927126
2135 2136 156586
2136 2137 41336
2137 2138 664377
2138 2139 752503
2139 2140 869449
2140 2141 256149
2141 2142 344712
2142 2143 487864
2143 2144 814072
2144 2145 952312
2145 2146 892115
2146 2147 184058
2147 2148 618440
2148 2149 703215
2149 2150 604685
2150 2151 270657
2151 2152 701516
2152 2153 14845
2153 2154 997584
2154 2155 134917
2155 2156 830949
2156 2157 885380
2157 2158 857566
2158 2159 316848
2159 2160 802590
2160 2161 366649
2161 2162 180819
2162 2163 898790
2163 2164 703203
2164 2165 656259
2165 2166 923218
2166 2167 341578
2167 2168 555897
2168 2169 136209
2169 2170 886691
2170 2171 566270
2171 2172 350077
2172 2173 288133
2173 2174 184207
2174 2175 590808
2175 2176 805684
2176 2177 409287
2177 2178 348428
2178 2179 156957
2179 2180 630433
2180 2181 772278
2181 2182 963714
2182 2183 252333
2183 2184 210256
2184 2185 40746
2185 2186 771959
2186 2187 754994
2187 2188 86360
2188 2189 14339
2189 2190 241631
2190 2191 241950
2191 2192 606788
2192 2193 71098
2193 2194 430390
2194 2195 541169
2195 2196 143901
2196 2197 392919
2197 2198 476350
2198 2199 196855
2199 2200 599266
2200 2201 697725
2201 2202 938626
2202 2203 380079
2203 2204 120593
2204 2205 367164
2205 2206 461353
2206 2207 561984
2207 2208 13101
2208 2209 411024
2209 2210 417840
2210 2211 183251
2211 2212 111314
2212 2213 405878
2213 2214 284636
2214 2215 874182
2215 2216 812084
2216 2217 613117
2217 2218 70736
2218 2219 525623
2219 2220 292167
2220 2221 478407
2221 2222 822770
2222 2223 306914
2223 2224 309108
2224 2225 471004
2225 2226 167147
2226 2227 95992
2227 2228 401660
2228 2229 656127
2229 2230 156262
2230 2231 145475
2231 2232 834296
2232 2233 492532
2233 2234 422972
2234 2235 559673
2235 2236 293379
2236 2237 22248
2237 2238 82519
2238 2239 497504
2239 2240 263694
2240 2241 849107
2241 2242 711780
2242 2243 674653
2243 2244 434591
2244 2245 710616
2245 2246 252026
2246 2247 557585
2247 2248 901705
2248 2249 592981
2249 2250 436308
2250 2251 564674
2251 2252 384967
2252 2253 337717
2253 2254 575653
2254 2255 614062
2255 2256 221104
2256 2257 399709
2257 2258 503983
2258 2259 646176
2259 2260 548618
2260 2261 174030
2261 2262 963510
2262 2263 963829
2263 2264 66545
2264 2265 769010
2265 2266 389798
2266 2267 299376
2267 2268 377170
2268 2269 139016
2269 2270 884417
2270 2271 457768
2271 2272 695059
2272 2273 918832
2273 2274 461332
2274 2275 338309
2275 2276 845095
2276 2277 757741
2277 2278 378992
2278 2279 63276
2279 2280 728607
2280 2281 716411
2281 2282 138345
2282 2283 97005
2283 2284 646200
2284 2285 855824
2285 2286 170202
2286 2287 119094
2287 2288 520050
2288 2289 760831
2289 2290 480014
2290 2291 890833
2291 2292 477416
2292 2293 192051
2293 2294 618381
2294 2295 973376
2295 2296 384816
2296 2297 242897
2297 2298 435215
2298 2299 813927
2299 2300 733445
2300 2301 575118
2301 2302 824691
2302 2303 634032
2303 2304 856515
2304 2305 909769
2305 2306 75733
2306 2307 466333
2307 2308 388586
2308 2309 304602
2309 2310 344810
2310 2311 723010
2311 2312 426059
2312 2313 535472
2313 2314 748654
2314 2315 509457
2315 2316 44168
2316 2317 830645
2317 2318 278511
2318 2319 636610
2319 2320 808658
2320 2321 253209
2321 2322 75277
2322 2323 217088
2323 2324 25967
2324 2325 883985
2325 2326 255925
2326 2327 688956
2327 2328 174834
2328 2329 181796
2329 2330 527185
2330 2331 142542
2331 2332 677584
2332 2333 812008
2333 2334 548825
2334 2335 744542
2335 2336 888698
2336 2337 814130
2337 2338 181924
2338 2339 804024
2339 2340 769916
2340 2341 552696
2341 2342 647806
2342 2343 88121
2343 2344 905609
2344 2345 740182
2345 2346 725989
2346 2347 923430
2347 2348 212526
2348 2349 52522
2349 2350 475749
2350 2351 700349
2351 2352 76501
2352 2353 799978
2353 2354 263096
2354 2355 608237
2355 2356 198443
2356 2357 2334
2357 2358 96036
2358 2359 308844
2359 2360 761545
2360 2361 682267
2361 2362 878832
2362 2363 500672
2363 2364 586317
2364 2365 440135
2365 2366 381278
2366 2367 346025
2367 2368 457350
2368 2369 721419
2369 2370 399398
2370 2371 922176
2371 2372 482157
2372 2373 102649
2373 2374 141375
2374 2375 566345
2375 2376 26781
2376 2377 669565
2377 2378 653583
2378 2379 128546
2379 2380 14210
2380 2381 476220
2381 2382 414004
2382 2383 685834
2383 2384 323049
2384 2385 228060
2385 2386 773541
2386 2387 728154
2387 2388 12647
2388 2389 580636
2389 2390 360496
2390 2391 417314
2391 2392 807226
2392 2393 868598
2393 2394 173623
2394 2395 933663
2395 2396 573124
2396 2397 732276
2397 2398 282957
2398 2399 142409
2399 2400 458105
2400 2401 970329
2401 2402 749190
2402 2403 415744
2403 2404 23734
2404 2405 444692
2405 2406 385294
2406 2407 414636
2407 2408 439080
2408 2409 235958
2409 2410 845459
2410 2411 52971
2411 2412 623140
2412 2413 558455
2413 2414 955195
2414 2415 584136
2415 2416 590368
2416 2417 48852
2417 2418 987266
2418 2419 3404
2419 2420 242228
2420 2421 384228
2421 2422 122848
2422 2423 628163
2423 2424 85541
2424 2425 178766
2425 2426 675159
2426 2427 89866
2427 2428 845453
2428 2429 85184
2429 2430 119263
2430 2431 11929
2431 2432 909198
2432 2433 740170
2433 2434 851744
2434 2435 98083
2435 2436 6750
2436 2437 807279
2437 2438 647406
2438 2439 653229
2439 2440 693773
2440 2441 514648
2441 2442 301109
2442 2443 218044
2443 2444 820886
2444 2445 235423
2445 2446 276466
2446 2447 756953
2447 2448 45173
2448 2449 815182
2449 2450 65021
2450 2451 998231
2451 2452 21547
2452 2453 380593
2453 2454 947453
2454 2455 72889
2455 2456 789724
2456 2457 410338
2457 2458 343
2458 2459 552053
2459 2460 296727
2460 2461 784774
2461 2462 403432
2462 2463 192969
2463 2464 521332
2464 2465 977158
2465 2466 461922
2466 2467 168904
2467 2468 9259
2468 2469 796722
2469 2470 128188
2470 2471 936183
2471 2472 255824
2472 2473 674816
2473 2474 45742
2474 2475 607243
2475 2476 968397
2476 2477 863
2477 2478 143299
2478 2479 503909
2479 2480 663544
2480 2481 510097
2481 2482 916087
2482 2483 625592
2483 2484 43301
2484 2485 445376
2485 2486 985950
2486 2487 207487
2487 2488 719765
2488 2489 925266
2489 2490 106091
2490 2491 377415
2491 2492 24931
2492 2493 963494
2493 2494 462393
2494 2495 509015
2495 2496 262732
2496 2497 945092
2497 2498 946501
2498 2499 347526
2499 2500 462952
2500 2501 825898
2501 2502 238364
2502 2503 408785
2503 2504 934170
2504 2505 73958
2505 2506 577433
2506 2507 378345
2507 2508 660969
2508 2509 360950
2509 2510 727417
2510 2511 10572
2511 2512 793184
2512 2513 256070
2513 2514 808601
2514 2515 385593
2515 2516 1207
2516 2517 332307
2517 2518 569819
2518 2519 198943
2519 2520 767152
2520 2521 735833
2521 2522 42467
2522 2523 934597
2523 2524 407750
2524 2525 762945
2525 2526 552688
2526 2527 438576
2527 2528 636109
2528 2529 512434
2529 2530 790785
2530 2531 937696
2531 2532 316454
2532 2533 835561
2533 2534 378139
2534 2535 263630
2535 2536 845063
2536 2537 411207
2537 2538 436021
2538 2539 805845
2539 2540 122107
2540 2541 368430
2541 2542 659695
2542 2543 526340
2543 2544 528264
2544 2545 815597
2545 2546 565996
2546 2547 634706
2547 2548 573306
2548 2549 273436
2549 2550 523623
2550 2551 339932
2551 2552 901794
2552 2553 293407
2553 2554 165753
2554 2555 424701
2555 2556 364122
2556 2557 905407
2557 2558 572735
2558 2559 249396
2559 2560 389477
2560 2561 729849
2561 2562 607263
2562 2563 847250
2563 2564 135002
2564 2565 270021
2565 2566 447733
2566 2567 473035
2567 2568 138356
2568 2569 665981
2569 2570 229412
2570 2571 685754
2571 2572 107513
2572 2573 317442
2573 2574 123333
2574 2575 646393
2575 2576 409333
2576 2577 199828
2577 2578 148991
2578 2579 425445
2579 2580 261039
2580 2581 805011
2581 2582 295255
2582 2583 104354
2583 2584 113242
2584 2585 583007
2585 2586 822282
2586 2587 367440
2587 2588 244469
2588 2589 770675
2589 2590 516731
2590 2591 730168
2591 2592 199654
2592 2593 678538
2593 2594 624049
2594 2595 169341
2595 2596 486204
2596 2597 345560
2597 2598 711393
2598 2599 255983
2599 2600 880565
2600 2601 990552
2601 2602 653956
2602 2603 704112
2603 2604 155124
2604 2605 252196
2605 2606 913681
2606 2607 416960
2607 2608 385525
2608 2609 917942
2609 2610 997779
2610 2611 287075
2611 2612 523698
2612 2613 643492
2613 2614 114020
2614 2615 643986
2615 2616 524659
2616 2617 924966
2617 2618 316464
2618 2619 878920
2619 2620 930789
2620 2621 199496
2621 2622 823643
2622 2623 188398
2623 2624 97470
2624 2625 510652
2625 2626 969384
2626 2627 393651
2627 2628 92228
2628 2629 717785
2629 2630 117598
2630 2631 625100
2631 2632 447691
2632 2633 973971
2633 2634 682898
2634 2635 880579
2635 2636 782338
2636 2637 563174
2637 2638 434667
2638 2639 332739
2639 2640 727174
2640 2641 178748
2641 2642 264976
2642 2643 443039
2643 2644 229309
2644 2645 351121
2645 2646 12731
2646 2647 727594
2647 2648 326435
2648 2649 71827
2649 2650 833283
2650 2651 902762
2651 2652 236732
2652 2653 869204
2653 2654 323774
2654 2655 5048
2655 2656 299484
2656 2657 807573
2657 2658 165358
2658 2659 428415
2659 2660 497160
2660 2661 978118
2661 2662 400263
2662 2663 323985
2663 2664 262886
2664 2665 942213
2665 2666 706042
2666 2667 200446
2667 2668 922547
2668 2669 359496
2669 2670 322001
2670 2671 388419
2671 2672 485258
2672 2673 445740
2673 2674 441141
2674 2675 969270
2675 2676 694197
2676 2677 598941
2677 2678 873703
2678 2679 67412
2679 2680 429880
2680 2681 197595
2681 2682 886717
2682 2683 598720
2683 2684 595784
2684 2685 754252
2685 2686 749286
2686 2687 51424
2687 2688 800133
2688 2689 50412
2689 2690 733629
2690 2691 432865
2691 2692 190963
2692 2693 602131
2693 2694 20036
2694 2695 39867
2695 2696 248084
2696 2697 128243
2697 2698 910831
2698 2699 172205
2699 2700 654195
2700 2701 609209
2701 2702 821042
2702 2703 550860
2703 2704 725929
2704 2705 787388
2705 2706 305693
2706 2707 860041
2707 2708 418868
2708 2709 399602
2709 2710 595404
2710 2711 478583
2711 2712 196830
2712 2713 38619
2713 2714 631685
2714 2715 133280
2715 2716 290645
2716 2717 37001
2717 2718 968129
2718 2719 992593
2719 2720 56297
2720 2721 778340
2721 2722 792602
2722 2723 518128
2723 2724 112537
2724 2725 905612
2725 2726 867955
2726 2727 710726
2727 2728 516329
2728 2729 580101
2729 2730 331931
2730 2731 159538
2731 2732 165671
2732 2733 969971
2733 2734 555818
2734 2735 389281
2735 2736 412164
2736 2737 227204
2737 2738 300402
2738 2739 81972
2739 2740 882989
2740 2741 734699
2741 2742 83241
2742 2743 322489
2743 2744 382715
2744 2745 66337
2745 2746 734278
2746 2747 842489
2747 2748 420438
2748 2749 371974
2749 2750 834068
2750 2751 232750
2751 2752 194097
2752 2753 719053
2753 2754 105371
2754 2755 908856
2755 2756 814134
2756 2757 817402
2757 2758 18395
2758 2759 29459
2759 2760 31498
2760 2761 189540
2761 2762 536903
2762 2763 499061
2763 2764 4362
2764 2765 163145
2765 2766 63047
2766 2767 409153
2767 2768 452599
2768 2769 810190
2769 2770 171007
2770 2771 821797
2771 2772 170527
2772 2773 525979
2773 2774 926877
2774 2775 446605
2775 2776 323768
2776 2777 652826
2777 2778 397124
2778 2779 779198
2779 2780 580386
2780 2781 385912
2781 2782 290586
2782 2783 923768
2783 2784 748873
2784 2785 905629
2785 2786 229948
2786 2787 370043
2787 2788 217461
2788 2789 513090
2789 2790 107313
2790 2791 66968
2791 2792 114646
2792 2793 201921
2793 2794 2135
2794 2795 440809
2795 2796 553933
2796 2797 862717
2797 2798 687252
2798 2799 290662
2799 2800 89639
2800 2801 837899
2801 2802 449429
2802 2803 406171
2803 2804 765098
2804 2805 48150
2805 2806 803686
2806 2807 629004
2807 2808 942362
2808 2809 653722
2809 2810 96203
2810 2811 20282
2811 2812 292403
2812 2813 345373
2813 2814 408080
2814 2815 762497
2815 2816 170300
2816 2817 555122
2817 2818 903732
2818 2819 435315
2819 2820 303137
2820 2821 429927
2821 2822 672684
2822 2823 929932
2823 2824 716008
2824 2825 814468
2825 2826 635520
2826 2827 292608
2827 2828 685804
2828 2829 750027
2829 2830 5700
2830 2831 358689
2831 2832 581706
2832 2833 668711
2833 2834 73743
2834 2835 663602
2835 2836 382449
2836 2837 735240
2837 2838 632242
2838 2839 904428
2839 2840 481582
2840 2841 209918
2841 2842 816146
2842 2843 693799
2843 2844 57847
2844 2845 382134
2845 2846 574015
2846 2847 66924
2847 2848 212671
2848 2849 499507
2849 2850 741574
2850 2851 829950
2851 2852 218085
2852 2853 157282
2853 2854 538581
2854 2855 633531
2855 2856 575408
2856 2857 547618
2857 2858 748219
2858 2859 385962
2859 2860 864985
2860 2861 685857
2861 2862 104348
2862 2863 492007
2863 2864 276264
2864 2865 519923
2865 2866 270378
2866 2867 276955
2867 2868 587188
2868 2869 739774
2869 2870 8752
2870 2871 944063
2871 2872 384351
2872 2873 340352
2873 2874 615486
2874 2875 189711
2875 2876 459059
2876 2877 527020
2877 2878 677103
2878 2879 291613
2879 2880 766172
2880 2881 203921
2881 2882 754105
2882 2883 232601
2883 2884 972245
2884 2885 501460
2885 2886 100297
2886 2887 606793
2887 2888 502761
2888 2889 603403
2889 2890 256493
2890 2891 878399
2891 2892 860656
2892 2893 197738
2893 2894 149641
2894 2895 306252
2895 2896 265987
2896 2897 989067
2897 2898 315603
2898 2899 379265
2899 2900 213701
2900 2901 922695
2901 2902 886561
2902 2903 666315
2903 2904 244869
2904 2905 852120
2905 2906 752512
2906 2907 74988
2907 2908 392208
2908 2909 925971
2909 2910 525194
2910 2911 828393
2911 2912 295282
2912 2913 639252
2913 2914 62190
2914 2915 644913
2915 2916 378332
2916 2917 345453
2917 2918 54946
2918 2919 366297
2919 2920 354141
2920 2921 642897
2921 2922 478787
2922 2923 817915
2923 2924 238233
2924 2925 987135
2925 2926 631517
2926 2927 154404
2927 2928 719765
2928 2929 163326
2929 2930 246135
2930 2931 757831
2931 2932 480281
2932 2933 616908
2933 2934 602926
2934 2935 351611
2935 2936 277806
2936 2937 769812
2937 2938 890295
2938 2939 375965
2939 2940 650275
2940 2941 112726
2941 2942 188380
2942 2943 171245
2943 2944 664210
2944 2945 143123
2945 2946 92982
2946 2947 944232
2947 2948 107837
2948 2949 785677
2949 2950 481369
2950 2951 911276
2951 2952 237076
2952 2953 854347
2953 2954 274992
2954 2955 738171
2955 2956 358659
2956 2957 524226
2957 2958 837897
2958 2959 258305
2959 2960 700162
2960 2961 998598
2961 2962 946111
2962 2963 736041
2963 2964 606482
2964 2965 106084
2965 2966 89900
2966 2967 970195
2967 2968 861775
2968 2969 386101
2969 2970 418543
2970 2971 904412
2971 2972 440378
2972 2973 619709
2973 2974 120864
2974 2975 826006
2975 2976 814098
2976 2977 248981
2977 2978 751134
2978 2979 960798
2979 2980 804308
2980 2981 457372
2981 2982 581509
2982 2983 781252
2983 2984 143309
2984 2985 130824
2985 2986 297417
2986 2987 466884
2987 2988 109253
2988 2989 739748
2989 2990 812638
2990 2991 255792
2991 2992 833675
2992 2993 100246
2993 2994 55732
2994 2995 677803
2995 2996 902063
2996 2997 710700
2997 2998 439306
2998 2999 75283
2999 3000 320731
3000 3001 398847
3001 3002 358780
3002 3003 864325
3003 3004 63940
3004 3005 374132
3005 3006 605073
3006 3007 293242
3007 3008 891192
3008 3009 709580
3009 3010 53551
3010 3011 446162
3011 3012 244619
3012 3013 10226
3013 3014 585612
3014 3015 663586
3015 3016 337298
3016 3017 211725
3017 3018 266325
3018 3019 971480
3019 3020 894422
3020 3021 430660
3021 3022 937719
3022 3023 126319
3023 3024 338202
3024 3025 999845
3025 3026 179880
3026 3027 334607
3027 3028 253701
3028 3029 431370
3029 3030 953034
3030 3031 268120
3031 3032 998472
3032 3033 326363
3033 3034 840810
3034 3035 829061
3035 3036 318230
3036 3037 744415
3037 3038 126651
3038 3039 734854
3039 3040 725472
3040 3041 34820
3041 3042 470706
3042 3043 519086
3043 3044 155133
3044 3045 659331
3045 3046 855139
3046 3047 63771
3047 3048 19038
3048 3049 283331
3049 3050 368038
3050 3051 660464
3051 3052 401282
3052 3053 728832
3053 3054 67835
3054 3055 100679
3055 3056 905599
3056 3057 497310
3057 3058 238357
3058 3059 270760
3059 3060 212905
3060 3061 317058
3061 3062 735152
3062 3063 587529
3063 3064 975967
3064 3065 52970
3065 3066 713010
3066 3067 375345
3067 3068 275565
3068 3069 890482
3069 3070 825570
3070 3071 632359
3071 3072 65392
3072 3073 60951
3073 3074 229694
3074 3075 939249
3075 3076 458416
3076 3077 716121
3077 3078 731679
3078 3079 766560
3079 3080 553252
3080 3081 530357
3081 3082 114612
3082 3083 586187
3083 3084 869906
3084 3085 235669
3085 3086 867780
3086 3087 472453
3087 3088 705319
3088 3089 173910
3089 3090 993073
3090 3091 167619
3091 3092 639996
3092 3093 884225
3093 3094 934794
3094 3095 231296
3095 3096 271826
3096 3097 441695
3097 3098 902669
3098 3099 970281
3099 3100 659721
3100 3101 253810
3101 3102 960638
3102 3103 777859
3103 3104 196108
3104 3105 710355
3105 3106 741504
3106 3107 6051
3107 3108 739375
3108 3109 151056
3109 3110 442797
3110 3111 357217
3111 3112 216197
3112 3113 600274
3113 3114 694892
3114 3115 310669
3115 3116 849878
3116 3117 879496
3117 3118 954858
3118 3119 389883
3119 3120 32818
3120 3121 951588
3121 3122 353301
3122 3123 142535
3123 3124 17751
3124 3125 385655
3125 3126 855891
3126 3127 904621
3127 3128 668256
3128 3129 136494
3129 3130 356046
3130 3131 91357
3131 3132 797880
3132 3133 334607
3133 3134 279039
3134 3135 938295
3135 3136 202802
3136 3137 759445
3137 3138 497431
3138 3139 871813
3139 3140 361146
3140 3141 713474
3141 3142 566744
3142 3143 757282
3143 3144 394921
3144 3145 212682
3145 3146 830213
3146 3147 843301
3147 3148 789807
3148 3149 993912
3149 3150 735140
3150 3151 63072
3151 3152 175431
3152 3153 280111
3153 3154 943855
3154 3155 576490
3155 3156 249989
3156 3157 843308
3157 3158 705553
3158 3159 371479
3159 3160 406613
3160 3161 146349
3161 3162 112018
3162 3163 353242
3163 3164 647177
3164 3165 194768
3165 3166 287546
3166 3167 480854
3167 3168 996259
3168 3169 418047
3169 3170 22194
3170 3171 485880
3171 3172 3432
3172 3173 104535
3173 3174 979215
3174 3175 410438
3175 3176 665956
3176 3177 571085
3177 3178 4349
3178 3179 580896
3179 3180 513514
3180 3181 349482
3181 3182 742788
3182 3183 464086
3183 3184 751257
3184 3185 594609
3185 3186 419379
3186 3187 63675
3187 3188 509728
3188 3189 850493
3189 3190 665814
3190 3191 593543
3191 3192 413472
3192 3193 43478
3193 3194 875778
3194 3195 830895
3195 3196 940339
3196 3197 64614
3197 3198 351257
3198 3199 223091
3199 3200 912545
3200 3201 692769
3201 3202 921894
3202 3203 535449
3203 3204 971225
3204 3205 82144
3205 3206 482871
3206 3207 38276
3207 3208 728573
3208 3209 965093
3209 3210 417751
3210 3211 911361
3211 3212 357767
3212 3213 21822
3213 3214 499259
3214 3215 820728
3215 3216 999192
3216 3217 749721
3217 3218 344225
3218 3219 884641
3219 3220 735306
3220 3221 977930
3221 3222 519450
3222 3223 698291
3223 3224 265535
3224 3225 367255
3225 3226 32730
3226 3227 508205
3227 3228 853420
3228 3229 295082
3229 3230 815015
3230 3231 927260
3231 3232 240419
3232 3233 841872
3233 3234 410091
3234 3235 5063
3235 3236 471430
3236 3237 199489
3237 3238 548372
3238 3239 872574
3239 3240 461220
3240 3241 748569
3241 3242 329807
3242 3243 493107
3243 3244 719071
3244 3245 286478
3245 3246 261585
3246 3247 218811
3247 3248 163637
3248 3249 950705
3249 3250 543885
3250 3251 6601
3251 3252 782124
3252 3253 359797
3253 3254 146588
3254 3255 530734
3255 3256 360342
3256 3257 118178
3257 3258 284230
3258 3259 952947
3259 3260 30114
3260 3261 985179
3261 3262 646926
3262 3263 108910
3263 3264 382908
3264 3265 395981
3265 3266 173449
3266 3267 474266
3267 3268 129576
3268 3269 63711
3269 3270 15089
3270 3271 476868
3271 3272 141325
3272 3273 692967
3273 3274 857103
3274 3275 864014
3275 3276 919094
3276 3277 948161
3277 3278 285874
3278 3279 558118
3279 3280 325360
3280 3281 534587
3281 3282 584980
3282 3283 132969
3283 3284 441072
3284 3285 766641
3285 3286 368199
3286 3287 696289
3287 3288 894069
3288 3289 684091
3289 3290 461130
3290 3291 586003
3291 3292 61800
3292 3293 667770
3293 3294 466319
3294 3295 642902
3295 3296 158160
3296 3297 337871
3297 3298 888519
3298 3299 777564
3299 3300 841728
3300 3301 937225
3301 3302 613820
3302 3303 799393
3303 3304 108704
3304 3305 494724
3305 3306 951400
3306 3307 428129
3307 3308 122289
3308 3309 245614
3309 3310 478589
3310 3311 21640
3311 3312 2380
3312 3313 74277
3313 3314 89477
3314 3315 284280
3315 3316 496112
3316 3317 222979
3317 3318 369184
3318 3319 301554
3319 3320 679639
3320 3321 586120
3321 3322 437962
3322 3323 790200
3323 3324 941111
3324 3325 702003
3325 3326 725956
3326 3327 603557
3327 3328 284490
3328 3329 708181
3329 3330 904679
3330 3331 489879
3331 3332 658739
3332 3333 182081
3333 3334 234151
3334 3335 598402
3335 3336 966033
3336 3337 828532
3337 3338 654918
3338 3339 705902
3339 3340 227017
3340 3341 836128
3341 3342 924162
3342 3343 664291
3343 3344 872634
3344 3345 582881
3345 3346 291791
3346 3347 645501
3347 3348 493196
3348 3349 596954
3349 3350 749256
3350 3351 897122
3351 3352 817938
3352 3353 196845
3353 3354 950438
3354 3355 464857
3355 3356 398644
3356 3357 361569
3357 3358 711726
3358 3359 497969
3359 3360 822875
3360 3361 999596
3361 3362 273753
3362 3363 684662
3363 3364 30727
3364 3365 717573
3365 3366 518367
3366 3367 878870
3367 3368 397989
3368 3369 782472
3369 3370 224182
3370 3371 203664
3371 3372 246385
3372 3373 658751
3373 3374 586010
3374 3375 748325
3375 3376 902525
3376 3377 986988
3377 3378 893706
3378 3379 209212
3379 3380 979902
3380 3381 704003
3381 3382 909124
3382 3383 6627
3383 3384 903672
3384 3385 182739
3385 3386 537588
3386 3387 250805
3387 3388 482916
3388 3389 825177
3389 3390 252377
3390 3391 476510
3391 3392 797902
3392 3393 308659
3393 3394 643689
3394 3395 568314
3395 3396 125421
3396 3397 252386
3397 3398 901871
3398 3399 145861
3399 3400 839953
3400 3401 430787
3401 3402 584296
3402 3403 958394
3403 3404 233384
3404 3405 89541
3405 3406 801465
3406 3407 301102
3407 3408 807672
3408 3409 534219
3409 3410 196507
3410 3411 90249
3411 3412 62095
3412 3413 941186
3413 3414 932416
3414 3415 33919
3415 3416 564139
3416 3417 335634
3417 3418 986223
3418 3419 793376
3419 3420 54212
3420 3421 686703
3421 3422 460611
3422 3423 864490
3423 3424 536172
3424 3425 762579
3425 3426 892541
3426 3427 209277
3427 3428 778942
3428 3429 666017
3429 3430 210594
3430 3431 460157
3431 3432 252899
3432 3433 640620
3433 3434 809985
3434 3435 679380
3435 3436 963533
3436 3437 151850
3437 3438 993374
3438 3439 789046
3439 3440 794782
3440 3441 864082
3441 3442 274194
3442 3443 983149
3443 3444 434934
3444 3445 62380
3445 3446 19685
3446 3447 667422
3447 3448 439854
3448 3449 307608
3449 3450 600625
3450 3451 197588
3451 3452 852199
3452 3453 745333
3453 3454 193079
3454 3455 407655
3455 3456 193007
3456 3457 314015
3457 3458 190232
3458 3459 514620
3459 3460 220672
3460 3461 151008
3461 3462 97244
3462 3463 153469
3463 3464 118922
3464 3465 20060
3465 3466 23242
3466 3467 157260
3467 3468 358569
3468 3469 264623
3469 3470 754554
3470 3471 152653
3471 3472 679898
3472 3473 845510
3473 3474 161733
3474 3475 595039
3475 3476 270033
3476 3477 800912
3477 3478 610377
3478 3479 451801
3479 3480 294026
3480 3481 632887
3481 3482 798789
3482 3483 746632
3483 3484 647010
3484 3485 744718
3485 3486 903300
3486 3487 861590
3487 3488 865950
3488 3489 278093
3489 3490 913564
3490 3491 583522
3491 3492 850868
3492 3493 619445
3493 3494 775006
3494 3495 220296
3495 3496 8738
3496 3497 114191
3497 3498 485701
3498 3499 705353
3499 3500 912712
3500 3501 410275
3501 3502 198513
3502 3503 24691
3503 3504 666148
3504 3505 45480
3505 3506 542677
3506 3507 353942
3507 3508 196665
3508 3509 218777
3509 3510 782061
3510 3511 846125
3511 3512 718091
3512 3513 289962
3513 3514 139505
