4269 5037
2174 446 784856
553 191 249457
359 1890 770657
2005 1436 338270
3824 3509 291756
1018 872 630127
902 1492 750411
2245 2120 3922
3483 2625 331022
264 980 835326
1370 2909 562244
1434 3839 891405
1105 3555 364938
4005 1561 327475
2397 3112 122952
1977 1364 335853
2813 1431 573958
1838 557 689142
2992 3440 117739
4206 1936 947967
3706 3624 73755
665 1510 130513
1044 3651 583439
3733 4240 547891
1516 2004 777026
1885 2092 357640
4030 4190 911855
137 1669 612338
94 4015 358349
1341 2220 651651
4044 3300 322616
1683 1157 36605
3088 4121 539309
2059 323 410695
2234 3184 690351
2904 600 961758
407 2994 798606
1959 1889 52373
3960 418 709729
2533 2737 193357
1138 4160 783450
4253 597 550942
1844 4105 787630
3040 3989 593037
3244 539 717312
1776 2928 10351
2444 3635 510268
2478 1584 62565
161 441 803003
1329 3967 106780
3884 3790 199065
2767 1916 931322
972 1750 788554
360 3726 41747
3333 4062 909852
2339 152 723977
2524 148 416622
655 2370 239862
3467 3541 609864
774 840 192088
1217 2750 203894
2486 3580 376614
265 1006 870242
3209 2384 84581
2757 373 973176
3292 2886 163355
3149 3031 705369
2692 2619 656532
90 31 913946
3309 3658 501770
1698 2151 694603
3545 2560 463138
4089 1722 550286
4257 1886 557984
1684 1293 123145
2284 2278 190667
1487 728 163141
161 2232 147003
1674 3655 437559
3046 4104 889457
3027 3588 608320
3972 4085 418948
2252 372 274777
1545 2731 694643
474 3333 118270
3336 3797 397165
2667 2861 239186
1686 1219 377572
1539 3034 784045
2453 2336 721881
1345 1259 137243
467 1458 13839
4163 58 366293
792 3586 117407
868 4135 758568
1743 634 351762
1789 1279 839436
751 1010 232601
3775 734 121155
2122 945 493627
1204 4149 312504
1058 281 929533
3228 157 229928
2326 4171 477147
2310 2960 555622
3703 707 948501
3481 1584 214083
2295 928 922111
1221 3920 691470
3851 2567 491000
696 3366 510619
1276 1594 849449
2258 3771 147383
3510 3281 328940
856 3584 536202
1564 3498 983305
2950 1564 642994
975 4193 853964
761 269 97907
3402 645 600949
323 1230 739992
3152 1105 272107
3238 556 95428
308 2150 199460
1848 3399 357991
3930 554 633457
3971 335 161434
2240 2839 122551
131 2023 524198
797 1646 991231
1941 3315 526307
2000 4072 711091
1188 1103 143572
1844 3121 102804
1324 2915 160246
3198 1108 981398
620 340 273131
2139 2773 385446
3465 4037 869259
26 58 525820
4165 1275 354135
1013 2798 940472
117 2128 964331
2401 2597 142993
3126 1775 955039
3239 3437 945899
2993 289 862332
3445 558 61563
3491 1660 198103
955 2698 468399
3620 2210 169380
2135 1166 445745
1141 2635 866256
3205 3351 777321
1785 820 927974
1304 2885 395717
3020 3155 2355
3241 2729 150749
3666 4048 373648
3032 1002 514731
1576 1976 467300
270 37 978136
3535 2013 577910
289 3818 981125
1922 450 288655
1200 4101 869452
1145 1947 323707
3009 584 988117
524 4148 966147
2482 1746 737709
1046 1925 846364
3410 547 192311
3476 669 330461
1949 1915 191173
3908 2922 24913
3462 3175 232805
3387 2559 847644
86 2762 776236
266 4143 206393
1931 1575 343505
3587 834 211315
4118 3727 351422
3501 1301 852715
533 3101 756528
2078 2221 750137
1294 45 772286
2290 4159 84676
1043 2786 454642
3191 3391 40929
478 1440 644753
1572 4025 577197
1204 3340 646850
1079 2575 511477
739 356 759289
2446 3886 658934
3565 1317 323238
2743 3196 682438
4087 1253 393291
468 2401 269578
1443 1382 42548
3189 2941 793279
546 1505 229616
1573 2848 85553
607 259 348080
917 3769 863338
2510 2488 428432
1833 1190 908171
1322 1482 889344
617 927 511316
854 558 895040
2069 3430 789805
1016 182 640715
1266 79 11582
2518 857 81842
2777 806 267050
2919 3988 730112
3017 2645 563260
2942 983 102076
186 393 785687
3646 3293 736866
2246 732 617978
2837 835 682299
3148 809 158205
3295 4118 414161
790 2525 570306
2308 4219 403575
1562 2334 533020
1032 1179 5183
1579 3141 137377
4208 2495 941466
2242 3212 442514
3400 2949 806128
1314 2085 246024
125 1361 573053
1753 456 996051
1479 3173 642782
1448 2369 325347
2197 165 295378
2727 1374 30400
4040 3313 673435
942 3502 31322
1459 1331 978359
2123 2938 313697
1543 2017 389996
1594 1715 668249
654 3522 846716
2472 642 229718
2196 1196 477086
1173 3206 957580
2749 1642 366767
4068 685 894073
3326 2391 59569
1493 1217 879382
1844 1737 793990
2233 2166 367830
425 651 651109
1797 249 834498
3116 1481 145971
3212 2075 307641
2683 3912 794527
1848 2058 937453
189 1612 290909
1992 4092 147628
3398 424 634404
1419 3260 765328
2025 3595 823183
1057 947 688610
1471 4036 852043
3168 3555 238418
1128 15 914716
122 2873 151764
1190 3745 642423
2561 1238 875203
1835 3091 360192
1447 506 174115
1129 992 951194
3543 911 468512
2163 658 353134
2638 1990 690749
242 3375 633504
101 3636 89794
2485 364 963463
807 1066 299639
1408 4103 370878
2594 3860 281127
2207 1837 401924
4033 3333 362948
552 3654 18544
2286 2829 987819
2158 1178 172589
1394 2362 216877
1849 548 872591
3189 993 555607
2199 1001 425534
2207 3598 518306
843 2081 825223
1873 3752 138739
266 3821 778761
1792 2439 151432
2798 364 527686
3688 3016 487668
2198 766 204651
4140 2734 408800
3469 2260 759658
2529 71 678140
2065 2665 214890
2714 4053 306455
3527 3627 616875
1736 1782 949739
4220 3506 594978
3998 1402 366268
847 3820 168538
400 4259 221924
24 2955 798937
622 2325 395068
413 1870 57282
2111 1686 310571
2668 3818 736688
2278 4185 394686
4032 2560 979169
491 640 353444
2151 1110 766320
396 1041 611587
3633 3896 652214
1059 1246 124418
3656 1629 675191
2771 2414 450107
3667 2187 8531
1433 104 497127
717 1475 351536
914 2696 897925
1811 2000 717056
2847 206 434269
2128 1311 131686
568 2819 521450
158 485 404729
2736 3888 986959
2661 1781 737197
3055 3738 862632
882 3322 327115
2450 3560 607036
1142 357 133529
3438 246 257247
1462 1246 740880
1016 2815 99831
2347 1738 983316
1091 539 914092
2593 257 957623
3345 2471 913568
1518 1176 605520
2473 148 516872
1756 3090 82984
3879 2282 447481
1801 2194 313316
2053 288 497584
1201 2062 865291
166 2893 449140
1206 4139 141140
0 2887 811873
354 107 378789
2268 491 653698
3556 2497 677426
2061 1052 581182
3562 3344 410518
175 1486 31717
2962 1244 540596
3150 3946 210626
2433 2916 601380
2058 2307 270395
3956 3205 539650
3817 2137 261370
3721 1086 704504
3883 3521 322125
3366 3384 180135
4088 540 142387
4047 2643 352083
790 381 948872
100 971 230305
4152 2191 363917
4188 3384 121491
3175 807 630222
2828 3275 43717
2617 2485 291514
823 3337 882355
1490 3927 155526
1119 223 200186
2024 1069 451047
2242 2815 939470
1685 284 205059
2881 1415 957183
516 3723 685159
1550 2811 927656
2753 96 463453
3934 2533 191630
43 562 959089
1322 157 573496
609 1075 828012
1017 1868 897253
2212 3616 46896
2813 3278 9588
176 508 107455
3157 2165 94606
1872 2026 608092
267 3419 55603
2450 869 404673
4144 2914 989685
934 998 426444
1712 2812 684681
2745 3978 848380
2534 1362 553165
254 2802 324023
97 295 972826
2695 1029 882608
235 1949 463308
2208 2546 94309
1854 1821 586274
1319 2326 860790
2758 57 376737
3551 101 259182
2621 3246 94550
1343 2417 815492
392 155 729340
1863 2463 122468
2404 3863 666907
3323 3468 866683
479 3532 310250
3957 3925 893443
3498 3434 699621
932 2609 751770
3184 2678 462879
2898 738 997786
3538 2130 575123
1330 2851 23851
2193 3334 313226
119 2107 64118
3330 486 603707
2541 1062 313200
1632 4009 721853
1911 3470 225145
2369 2475 291083
3133 592 858947
494 3121 670890
2179 1268 279280
46 972 55407
1821 1923 408147
1664 4100 154179
2993 605 727733
2563 2477 446571
418 2910 10798
3155 3751 724711
432 127 255096
2882 1974 715356
4158 898 406058
170 2112 380161
3772 544 399684
4252 1724 514965
2530 3763 258882
480 276 344036
1416 1432 699912
767 2178 538339
3474 1629 494704
853 1715 969715
254 2391 290884
1988 1025 229886
2156 3334 765336
524 505 549307
3379 682 489293
1070 1833 597936
2289 848 474224
1070 2838 149611
1986 2969 88929
3175 3879 348682
1315 710 869608
4212 618 394728
3350 1947 559771
4150 2727 668954
35 4199 371354
572 1644 131747
2309 2840 506668
804 3966 996617
1427 2447 860600
3209 2784 40186
507 1488 791253
1754 3773 430986
4065 128 852054
536 2756 887145
2355 2733 163297
2475 2432 779974
63 3497 331587
3961 1681 491784
156 1169 856747
2093 2190 60562
1935 2671 471272
277 3166 266077
27 3054 50345
4198 1043 636361
2128 2832 844049
663 453 772613
3098 2206 823849
3112 3167 143473
2501 3260 407435
1379 299 628252
4053 2310 388095
367 674 515784
3354 1108 773358
2051 4092 135600
853 4218 182330
2064 1528 541088
739 4168 366630
545 1211 815692
1629 2647 350445
2063 3761 290948
3187 593 174040
114 3427 924158
608 2237 606869
1968 1595 112978
398 3587 416416
572 3196 750527
2529 568 995136
1966 2488 186021
3051 2413 711425
375 2060 403669
3157 1033 891127
3539 2078 44305
474 1377 812058
4184 1453 262026
4249 529 866119
4042 2909 211549
580 1800 761297
3411 1036 286421
3097 4020 341981
415 1887 942015
2750 1061 910331
1692 2069 403918
75 989 214304
3222 3455 242240
881 223 590497
1673 3118 147488
107 3966 931407
1305 3455 616944
3567 932 242859
1764 2853 466445
1954 1020 818090
576 831 988924
1575 146 394847
1139 779 425872
141 2690 462909
720 3744 498836
1338 2353 918665
3602 434 833145
2108 4147 165854
3904 790 997944
3244 4188 101814
1223 2653 388827
3713 473 852247
2744 1988 198577
2295 2386 517512
269 1148 23834
3232 563 637948
2146 1935 762937
2827 2927 579751
3123 343 539532
1822 1634 27721
253 3073 642120
48 534 43825
4252 3675 664431
3269 3983 149238
210 1697 807036
218 476 17534
1405 3676 459665
2713 636 810232
415 2955 775848
408 4035 113933
2764 2733 574305
2553 1498 283923
656 4053 722515
329 2395 79232
2123 608 860886
2972 2475 238238
695 4007 699841
9 1514 258946
2497 1296 166012
3073 1856 478836
1269 851 808493
629 3725 502402
842 3751 579866
2614 3003 94896
3352 3434 35945
3787 528 334040
3886 1418 598634
271 53 9886
529 595 236096
2888 2908 387352
1648 1780 56742
4140 171 812462
713 1323 804974
1631 1425 834349
3035 1777 334372
977 660 867144
3297 2228 435796
285 792 55616
3060 1960 981838
53 930 672463
2472 4195 864014
2408 1093 433050
1216 3179 161105
3202 1425 320555
3598 336 851711
2124 4046 517807
2531 189 603712
427 2374 860829
2110 2763 160631
999 479 544012
1134 3930 106082
1409 4149 568936
1258 3312 313334
3486 2162 221317
604 327 963452
3439 898 376495
671 2038 975392
707 2543 725798
266 1090 607675
1002 3333 914528
1517 1630 466754
3200 1657 504543
1036 919 2886
3986 1588 660653
2945 2012 898299
1325 2292 318521
3998 2910 783315
3491 2626 610683
1620 1500 241946
4113 2899 620896
1565 1709 266538
3956 2665 989513
775 3368 391532
3925 2311 538500
1672 1749 248808
2249 591 6383
1982 2818 569640
383 1168 489018
4109 1543 334530
3054 1266 395034
2947 54 525489
3924 86 399212
538 1440 161305
1155 4028 447485
3925 2053 398861
926 3161 82646
3358 917 557366
4067 3566 75559
3816 3934 789881
1848 1426 812967
468 2493 28612
267 670 979234
651 3685 2084
3574 2902 614279
3994 3640 209909
1156 528 145015
1228 2443 904038
1316 2538 846562
2034 10 667552
2185 3733 501091
2887 1245 157757
678 3220 79154
844 1866 278910
1010 294 117040
3653 3677 231358
1679 3273 771783
4215 2541 806342
2446 3926 586852
2562 330 937094
2249 2203 335347
1199 1725 437069
1005 2163 785271
201 3506 298924
2019 3841 204104
781 98 983212
2250 1890 716366
2844 1450 300706
877 911 823128
119 368 286121
3374 4257 470321
3300 3230 442004
3953 2361 142067
1151 3919 128428
526 1654 420997
3898 1660 208208
2303 2049 597848
1179 3322 440632
3370 3335 238081
3983 2681 589118
3085 3341 287508
1751 83 453746
3205 1108 620288
956 1349 898072
3532 3908 864286
1899 3266 907027
1199 3877 613841
2892 4046 720745
3435 1166 450103
981 3328 415233
393 3989 116685
1244 3339 979171
2366 1715 602921
1498 1453 570198
1575 1339 441909
1553 2193 45297
2603 3425 966186
2607 537 36537
3921 367 81604
2615 1968 75538
2282 3442 886442
2051 1774 781863
3088 2191 703084
1989 2401 763699
2956 1905 292517
3280 995 717088
3145 1926 14027
1505 4055 589819
1483 647 282473
3499 2260 604981
1690 2098 382663
3099 2486 792689
3490 2010 634986
3179 3777 903095
3791 1963 165182
3608 1625 894051
3868 4250 513308
4090 1123 826739
477 2903 711615
3395 1958 779658
3742 2532 390657
877 3896 581282
2687 169 77404
570 519 358482
2789 1049 298220
2905 274 731751
1646 2997 100341
2422 1322 686003
3076 2862 275899
2326 314 922247
786 2212 993328
2901 53 350954
2126 3247 19704
3106 158 946610
100 3717 207278
3202 3937 892345
2313 2596 259124
3316 2703 814613
224 508 927828
3731 1080 331142
3022 700 825621
1078 2647 639809
2212 1401 701359
1463 2551 49226
2989 3947 800222
265 740 307577
1893 2047 513192
1423 66 783701
768 941 478711
3845 2920 698774
897 919 373908
2599 2829 770225
1980 3055 859862
1080 3234 101060
2091 863 107283
1173 2817 873657
3917 2355 460744
0 1 152215
1 2 129135
2 3 354505
3 4 450415
4 5 51965
5 6 49546
6 7 968644
7 8 668520
8 9 153371
9 10 928767
10 11 173227
11 12 752357
12 13 150621
13 14 462583
14 15 771852
15 16 191130
16 17 82639
17 18 601570
18 19 60606
19 20 68343
20 21 305183
21 22 757764
22 23 975183
23 24 699502
24 25 443085
25 26 306639
26 27 368596
27 28 937568
28 29 139794
29 30 12526
30 31 280958
31 32 683586
32 33 671147
33 34 39567
34 35 679073
35 36 892905
36 37 598617
37 38 773140
38 39 797050
39 40 848267
40 41 758598
41 42 878758
42 43 236186
43 44 147649
44 45 615199
45 46 107795
46 47 536815
47 48 717461
48 49 36081
49 50 767758
50 51 497719
51 52 221767
52 53 138439
53 54 135247
54 55 332797
55 56 580826
56 57 870045
57 58 421195
58 59 490982
59 60 814600
60 61 284306
61 62 674180
62 63 754786
63 64 547447
64 65 237220
65 66 171745
66 67 37356
67 68 173488
68 69 621058
69 70 635856
70 71 38997
71 72 408449
72 73 379784
73 74 570279
74 75 85909
75 76 549443
76 77 587719
77 78 389642
78 79 673549
79 80 351669
80 81 671352
81 82 824821
82 83 874118
83 84 927708
84 85 692813
85 86 175575
86 87 695445
87 88 174961
88 89 59803
89 90 525891
90 91 999097
91 92 245788
92 93 115108
93 94 139052
94 95 181462
95 96 312883
96 97 188987
97 98 358442
98 99 364176
99 100 841253
100 101 21052
101 102 858185
102 103 948946
103 104 935055
104 105 876193
105 106 916025
106 107 44253
107 108 887428
108 109 384814
109 110 269020
110 111 732988
111 112 190810
112 113 769581
113 114 842548
114 115 213539
115 116 862221
116 117 756687
117 118 882382
118 119 121893
119 120 176677
120 121 538168
121 122 626046
122 123 926056
123 124 683039
124 125 764096
125 126 695935
126 127 322934
127 128 34988
128 129 345308
129 130 683908
130 131 419321
131 132 175795
132 133 824670
133 134 443500
134 135 133278
135 136 685348
136 137 977319
137 138 874938
138 139 754845
139 140 370772
140 141 369765
141 142 504768
142 143 686882
143 144 303834
144 145 602755
145 146 880060
146 147 479044
147 148 629420
148 149 447181
149 150 802744
150 151 835192
151 152 355942
152 153 40409
153 154 888142
154 155 519572
155 156 553847
156 157 601210
157 158 340570
158 159 454904
159 160 525518
160 161 521388
161 162 667708
162 163 517385
163 164 181217
164 165 1220
165 166 907736
166 167 221879
167 168 823232
168 169 519143
169 170 852338
170 171 990002
171 172 354459
172 173 822794
173 174 839339
174 175 901005
175 176 900141
176 177 721818
177 178 155115
178 179 682226
179 180 135234
180 181 879117
181 182 465427
182 183 500362
183 184 653232
184 185 505623
185 186 831090
186 187 682319
187 188 46002
188 189 400289
189 190 837153
190 191 928040
191 192 712949
192 193 793244
193 194 162141
194 195 187049
195 196 706768
196 197 19098
197 198 983013
198 199 873640
199 200 406912
200 201 327207
201 202 781317
202 203 134576
203 204 982712
204 205 311689
205 206 558030
206 207 774530
207 208 770272
208 209 674244
209 210 993789
210 211 451958
211 212 13488
212 213 490868
213 214 498042
214 215 692407
215 216 542750
216 217 76103
217 218 746311
218 219 657038
219 220 801557
220 221 672405
221 222 747597
222 223 336660
223 224 825076
224 225 828256
225 226 906193
226 227 882129
227 228 700363
228 229 204587
229 230 558565
230 231 254187
231 232 303993
232 233 392635
233 234 844131
234 235 990703
235 236 549274
236 237 873796
237 238 19170
238 239 347923
239 240 50117
240 241 940216
241 242 628184
242 243 712072
243 244 823730
244 245 788068
245 246 701440
246 247 93679
247 248 770375
248 249 8422
249 250 774341
250 251 600470
251 252 660797
252 253 953946
253 254 389628
254 255 356003
255 256 122973
256 257 370383
257 258 461499
258 259 1177
259 260 564879
260 261 946539
261 262 592728
262 263 160957
263 264 492878
264 265 962373
265 266 738570
266 267 310562
267 268 67990
268 269 908939
269 270 916006
270 271 399954
271 272 338952
272 273 112953
273 274 411008
274 275 253182
275 276 914203
276 277 5699
277 278 238981
278 279 829413
279 280 280310
280 281 677422
281 282 568093
282 283 711028
283 284 706108
284 285 64739
285 286 340581
286 287 37261
287 288 611599
288 289 139072
289 290 583320
290 291 758061
291 292 415248
292 293 633963
293 294 176506
294 295 841324
295 296 225007
296 297 481646
297 298 448779
298 299 320236
299 300 753640
300 301 67942
301 302 601632
302 303 150855
303 304 652489
304 305 254828
305 306 254666
306 307 952733
307 308 784308
308 309 445815
309 310 853145
310 311 481850
311 312 986315
312 313 595807
313 314 797153
314 315 833344
315 316 692026
316 317 842619
317 318 248919
318 319 598611
319 320 167608
320 321 917435
321 322 127159
322 323 945173
323 324 396340
324 325 237280
325 326 403424
326 327 650806
327 328 550661
328 329 349470
329 330 493085
330 331 473306
331 332 717772
332 333 924679
333 334 341235
334 335 803511
335 336 161359
336 337 7601
337 338 113978
338 339 90945
339 340 165101
340 341 57165
341 342 801826
342 343 260885
343 344 531644
344 345 158612
345 346 223527
346 347 412900
347 348 478343
348 349 231927
349 350 878795
350 351 440624
351 352 535488
352 353 590998
353 354 236110
354 355 950889
355 356 922135
356 357 59757
357 358 654268
358 359 733794
359 360 754354
360 361 528996
361 362 368531
362 363 767455
363 364 122393
364 365 459891
365 366 115992
366 367 60688
367 368 168490
368 369 488297
369 370 601327
370 371 744797
371 372 565223
372 373 801576
373 374 36651
374 375 398988
375 376 653714
376 377 824940
377 378 783290
378 379 557605
379 380 733040
380 381 778795
381 382 137162
382 383 409470
383 384 550416
384 385 70087
385 386 347949
386 387 238433
387 388 300189
388 389 894233
389 390 192634
390 391 310906
391 392 605961
392 393 456752
393 394 54022
394 395 130044
395 396 844252
396 397 95198
397 398 680308
398 399 263612
399 400 497352
400 401 679235
401 402 225137
402 403 408840
403 404 623566
404 405 742297
405 406 780851
406 407 350355
407 408 629743
408 409 911280
409 410 21232
410 411 844972
411 412 60703
412 413 305116
413 414 987420
414 415 997427
415 416 298507
416 417 526564
417 418 740131
418 419 233341
419 420 677657
420 421 308468
421 422 525944
422 423 632026
423 424 678551
424 425 83793
425 426 940320
426 427 385166
427 428 164416
428 429 507056
429 430 112650
430 431 24947
431 432 988104
432 433 219084
433 434 310693
434 435 966741
435 436 337687
436 437 906710
437 438 273170
438 439 928936
439 440 624521
440 441 781889
441 442 676480
442 443 4245
443 444 884944
444 445 621749
445 446 793848
446 447 55754
447 448 108688
448 449 500190
449 450 982189
450 451 715820
451 452 933048
452 453 638632
453 454 282282
454 455 524285
455 456 991377
456 457 583104
457 458 879989
458 459 166786
459 460 403026
460 461 435639
461 462 191768
462 463 675009
463 464 732996
464 465 513538
465 466 28509
466 467 412419
467 468 270477
468 469 600179
469 470 229617
470 471 543952
471 472 725817
472 473 528878
473 474 48020
474 475 346949
475 476 643637
476 477 75750
477 478 32855
478 479 68702
479 480 337136
480 481 533303
481 482 130114
482 483 877186
483 484 845807
484 485 811121
485 486 981059
486 487 271508
487 488 369274
488 489 683399
489 490 869298
490 491 727848
491 492 677566
492 493 576826
493 494 844382
494 495 111356
495 496 209214
496 497 899609
497 498 868395
498 499 123826
499 500 338450
500 501 384897
501 502 608006
502 503 759413
503 504 375323
504 505 123044
505 506 234336
506 507 602229
507 508 509135
508 509 530775
509 510 849712
510 511 738223
511 512 931976
512 513 639674
513 514 891567
514 515 408066
515 516 785204
516 517 898573
517 518 583986
518 519 826610
519 520 907966
520 521 95494
521 522 760040
522 523 181952
523 524 123178
524 525 923806
525 526 822822
526 527 537543
527 528 504650
528 529 324658
529 530 877826
530 531 570510
531 532 499285
532 533 414075
533 534 664639
534 535 101027
535 536 683130
536 537 123244
537 538 722185
538 539 682138
539 540 70587
540 541 705350
541 542 765398
542 543 63418
543 544 930637
544 545 164409
545 546 271268
546 547 983423
547 548 363589
548 549 496304
549 550 753637
550 551 549764
551 552 633565
552 553 322203
553 554 269968
554 555 901850
555 556 479979
556 557 870503
557 558 976238
558 559 115265
559 560 941894
560 561 538688
561 562 701804
562 563 254894
563 564 509568
564 565 270300
565 566 899932
566 567 309716
567 568 319364
568 569 185172
569 570 845125
570 571 950093
571 572 461936
572 573 828948
573 574 532976
574 575 725951
575 576 627261
576 577 772745
577 578 109658
578 579 994729
579 580 607431
580 581 805670
581 582 224450
582 583 225070
583 584 458109
584 585 256379
585 586 912172
586 587 24054
587 588 350898
588 589 626035
589 590 618132
590 591 883313
591 592 824759
592 593 163283
593 594 126152
594 595 640591
595 596 926125
596 597 428648
597 598 936508
598 599 752800
599 600 23970
600 601 498104
601 602 19727
602 603 314161
603 604 194530
604 605 349825
605 606 234401
606 607 302491
607 608 742896
608 609 792746
609 610 876256
610 611 765689
611 612 451116
612 613 805993
613 614 589537
614 615 54925
615 616 545982
616 617 746404
617 618 320799
618 619 592851
619 620 322925
620 621 818634
621 622 143251
622 623 984318
623 624 78010
624 625 370117
625 626 620264
626 627 808047
627 628 253161
628 629 796967
629 630 655249
630 631 546440
631 632 790333
632 633 967151
633 634 855257
634 635 499939
635 636 211247
636 637 187407
637 638 674442
638 639 200827
639 640 752040
640 641 47337
641 642 964816
642 643 632608
643 644 110740
644 645 445423
645 646 544027
646 647 959476
647 648 660661
648 649 849451
649 650 402698
650 651 442800
651 652 368728
652 653 394248
653 654 922760
654 655 77084
655 656 422684
656 657 85233
657 658 535963
658 659 444273
659 660 134112
660 661 234623
661 662 181058
662 663 180623
663 664 781614
664 665 183115
665 666 623327
666 667 553029
667 668 975827
668 669 434651
669 670 371979
670 671 181305
671 672 331786
672 673 566838
673 674 227736
674 675 346592
675 676 201597
676 677 500353
677 678 909522
678 679 926191
679 680 616327
680 681 829147
681 682 841161
682 683 704688
683 684 661083
684 685 559849
685 686 699241
686 687 896454
687 688 621897
688 689 77631
689 690 907117
690 691 444412
691 692 414727
692 693 181854
693 694 892959
694 695 848202
695 696 82906
696 697 811723
697 698 394250
698 699 243319
699 700 867023
700 701 18930
701 702 882693
702 703 900445
703 704 496388
704 705 824402
705 706 204248
706 707 72039
707 708 991106
708 709 609951
709 710 940887
710 711 411456
711 712 393724
712 713 401433
713 714 555336
714 715 702752
715 716 605237
716 717 784380
717 718 703275
718 719 979972
719 720 601181
720 721 110406
721 722 839912
722 723 62160
723 724 636699
724 725 467072
725 726 565606
726 727 412152
727 728 791582
728 729 636805
729 730 579728
730 731 404022
731 732 760828
732 733 668698
733 734 975624
734 735 22716
735 736 345971
736 737 435608
737 738 813764
738 739 23118
739 740 31240
740 741 172615
741 742 141384
742 743 899038
743 744 932587
744 745 40733
745 746 666482
746 747 913813
747 748 841848
748 749 163635
749 750 961056
750 751 522979
751 752 684003
752 753 289023
753 754 603972
754 755 804628
755 756 980942
756 757 509157
757 758 269169
758 759 263870
759 760 631401
760 761 114962
761 762 680688
762 763 882172
763 764 151606
764 765 866769
765 766 210326
766 767 642872
767 768 650477
768 769 206447
769 770 982890
770 771 612265
771 772 13886
772 773 874412
773 774 138141
774 775 988893
775 776 295290
776 777 485477
777 778 389948
778 779 276164
779 780 843640
780 781 139306
781 782 857424
782 783 462522
783 784 903142
784 785 293915
785 786 764771
786 787 632544
787 788 53578
788 789 687577
789 790 258981
790 791 374503
791 792 182017
792 793 232037
793 794 811518
794 795 576644
795 796 345048
796 797 457874
797 798 225420
798 799 571980
799 800 882575
800 801 80044
801 802 513322
802 803 121052
803 804 985439
804 805 37516
805 806 883180
806 807 842259
807 808 893038
808 809 38639
809 810 439505
810 811 12216
811 812 639384
812 813 99124
813 814 977009
814 815 442701
815 816 759033
816 817 514351
817 818 98942
818 819 54648
819 820 884418
820 821 152949
821 822 982910
822 823 969867
823 824 849910
824 825 680584
825 826 721610
826 827 994058
827 828 164970
828 829 24156
829 830 12563
830 831 337383
831 832 809792
832 833 773984
833 834 812797
834 835 716853
835 836 568004
836 837 67003
837 838 452878
838 839 178052
839 840 224572
840 841 694145
841 842 882410
842 843 949525
843 844 654924
844 845 598741
845 846 40125
846 847 11995
847 848 438555
848 849 567017
849 850 213783
850 851 588850
851 852 303324
852 853 977762
853 854 271106
854 855 582376
855 856 200143
856 857 703497
857 858 449358
858 859 326648
859 860 227890
860 861 395452
861 862 391568
862 863 512097
863 864 113798
864 865 263259
865 866 436818
866 867 39748
867 868 975785
868 869 220369
869 870 559780
870 871 803149
871 872 723007
872 873 163299
873 874 434938
874 875 834811
875 876 550532
876 877 140847
877 878 166601
878 879 916662
879 880 786134
880 881 969184
881 882 245644
882 883 952395
883 884 613558
884 885 63251
885 886 169
886 887 107993
887 888 639453
888 889 693239
889 890 278396
890 891 289385
891 892 490767
892 893 369335
893 894 543021
894 895 504089
895 896 63132
896 897 706948
897 898 285098
898 899 205726
899 900 97322
900 901 658878
901 902 533842
902 903 668141
903 904 475665
904 905 265096
905 906 630605
906 907 751864
907 908 860146
908 909 995557
909 910 230425
910 911 676571
911 912 895646
912 913 926535
913 914 131709
914 915 519030
915 916 976763
916 917 380731
917 918 376473
918 919 725073
919 920 628726
920 921 494754
921 922 808237
922 923 311372
923 924 1511
924 925 779715
925 926 440518
926 927 399803
927 928 647196
928 929 995733
929 930 576011
930 931 175569
931 932 911843
932 933 906238
933 934 505311
934 935 608008
935 936 1116
936 937 31259
937 938 667390
938 939 100727
939 940 385055
940 941 164996
941 942 802086
942 943 239447
943 944 809836
944 945 112796
945 946 438274
946 947 587859
947 948 700850
948 949 361946
949 950 279676
950 951 929220
951 952 779549
952 953 30422
953 954 55096
954 955 833337
955 956 980649
956 957 552177
957 958 665135
958 959 633141
959 960 3289
960 961 805628
961 962 731215
962 963 292369
963 964 975423
964 965 503788
965 966 51853
966 967 958812
967 968 263658
968 969 835101
969 970 370435
970 971 623213
971 972 219811
972 973 231495
973 974 833779
974 975 862264
975 976 183980
976 977 359316
977 978 98744
978 979 217812
979 980 597590
980 981 45761
981 982 826720
982 983 702571
983 984 23735
984 985 704333
985 986 150700
986 987 825060
987 988 472423
988 989 389097
989 990 294407
990 991 73772
991 992 282945
992 993 479524
993 994 817643
994 995 732510
995 996 486198
996 997 885374
997 998 744129
998 999 372084
999 1000 744468
1000 1001 279138
1001 1002 438224
1002 1003 662216
1003 1004 792125
1004 1005 779457
1005 1006 491859
1006 1007 813835
1007 1008 620221
1008 1009 77135
1009 1010 766600
1010 1011 53684
1011 1012 651021
1012 1013 267666
1013 1014 850824
1014 1015 901401
1015 1016 708410
1016 1017 302957
1017 1018 86986
1018 1019 46416
1019 1020 371724
1020 1021 823800
1021 1022 311809
1022 1023 89148
1023 1024 900323
1024 1025 268000
1025 1026 195749
1026 1027 142730
1027 1028 769226
1028 1029 91440
1029 1030 992229
1030 1031 264198
1031 1032 829332
1032 1033 193451
1033 1034 710092
1034 1035 155197
1035 1036 616536
1036 1037 445886
1037 1038 448090
1038 1039 366110
1039 1040 829964
1040 1041 403644
1041 1042 896113
1042 1043 437552
1043 1044 211575
1044 1045 585393
1045 1046 607845
1046 1047 673550
1047 1048 446658
1048 1049 702078
1049 1050 149905
1050 1051 637208
1051 1052 862451
1052 1053 755141
1053 1054 830368
1054 1055 160210
1055 1056 507470
1056 1057 351788
1057 1058 636262
1058 1059 649639
1059 1060 619851
1060 1061 177684
1061 1062 101520
1062 1063 79992
1063 1064 290812
1064 1065 309864
1065 1066 278658
1066 1067 442750
1067 1068 638114
1068 1069 649195
1069 1070 263821
1070 1071 586420
1071 1072 864338
1072 1073 805570
1073 1074 980207
1074 1075 829208
1075 1076 322697
1076 1077 546240
1077 1078 388190
1078 1079 977746
1079 1080 654385
1080 1081 632211
1081 1082 526154
1082 1083 597117
1083 1084 423688
1084 1085 192809
1085 1086 235702
1086 1087 870930
1087 1088 189863
1088 1089 133759
1089 1090 190301
1090 1091 758821
1091 1092 548558
1092 1093 5049
1093 1094 889375
1094 1095 374130
1095 1096 839499
1096 1097 603418
1097 1098 424146
1098 1099 124156
1099 1100 345849
1100 1101 401784
1101 1102 186030
1102 1103 167670
1103 1104 317218
1104 1105 387212
1105 1106 986572
1106 1107 876938
1107 1108 65922
1108 1109 742858
1109 1110 581070
1110 1111 696545
1111 1112 355825
1112 1113 334515
1113 1114 160122
1114 1115 225253
1115 1116 418000
1116 1117 983000
1117 1118 861656
1118 1119 346360
1119 1120 840684
1120 1121 634249
1121 1122 903864
1122 1123 255376
1123 1124 750407
1124 1125 365555
1125 1126 716181
1126 1127 239034
1127 1128 107058
1128 1129 628930
1129 1130 439994
1130 1131 149690
1131 1132 804900
1132 1133 442334
1133 1134 896365
1134 1135 907581
1135 1136 602754
1136 1137 18683
1137 1138 265011
1138 1139 602409
1139 1140 884550
1140 1141 112472
1141 1142 441446
1142 1143 83903
1143 1144 595912
1144 1145 766214
1145 1146 778231
1146 1147 993212
1147 1148 137402
1148 1149 231464
1149 1150 150643
1150 1151 415179
1151 1152 766701
1152 1153 815939
1153 1154 664818
1154 1155 877758
1155 1156 246760
1156 1157 749729
1157 1158 804432
1158 1159 395490
1159 1160 220902
1160 1161 946808
1161 1162 717687
1162 1163 790785
1163 1164 760606
1164 1165 498746
1165 1166 295116
1166 1167 941465
1167 1168 336025
1168 1169 216252
1169 1170 338073
1170 1171 860190
1171 1172 757834
1172 1173 992631
1173 1174 54335
1174 1175 191063
1175 1176 680715
1176 1177 48373
1177 1178 179657
1178 1179 224835
1179 1180 990725
1180 1181 33007
1181 1182 127773
1182 1183 477917
1183 1184 762140
1184 1185 187862
1185 1186 734364
1186 1187 914119
1187 1188 438215
1188 1189 461743
1189 1190 810797
1190 1191 238904
1191 1192 230899
1192 1193 16402
1193 1194 461305
1194 1195 487973
1195 1196 910499
1196 1197 773883
1197 1198 509731
1198 1199 930085
1199 1200 757215
1200 1201 521695
1201 1202 612116
1202 1203 342051
1203 1204 63446
1204 1205 954276
1205 1206 781713
1206 1207 33667
1207 1208 866119
1208 1209 647085
1209 1210 556396
1210 1211 370310
1211 1212 847427
1212 1213 755494
1213 1214 298125
1214 1215 204055
1215 1216 723065
1216 1217 604781
1217 1218 640536
1218 1219 316513
1219 1220 329912
1220 1221 370541
1221 1222 93819
1222 1223 602943
1223 1224 413753
1224 1225 689794
1225 1226 703392
1226 1227 71732
1227 1228 732613
1228 1229 285860
1229 1230 472392
1230 1231 302744
1231 1232 124162
1232 1233 551547
1233 1234 975127
1234 1235 969138
1235 1236 598112
1236 1237 186704
1237 1238 750513
1238 1239 960292
1239 1240 883016
1240 1241 21732
1241 1242 241921
1242 1243 766565
1243 1244 599411
1244 1245 811385
1245 1246 240253
1246 1247 200738
1247 1248 590498
1248 1249 938680
1249 1250 633545
1250 1251 274674
1251 1252 578789
1252 1253 867021
1253 1254 799559
1254 1255 282881
1255 1256 2011
1256 1257 602610
1257 1258 645726
1258 1259 671651
1259 1260 758035
1260 1261 247724
1261 1262 158165
1262 1263 399576
1263 1264 586474
1264 1265 582356
1265 1266 781202
1266 1267 827945
1267 1268 594630
1268 1269 263782
1269 1270 405280
1270 1271 219119
1271 1272 317188
1272 1273 756347
1273 1274 911235
1274 1275 511612
1275 1276 857756
1276 1277 50044
1277 1278 885206
1278 1279 764365
1279 1280 156528
1280 1281 403798
1281 1282 626293
1282 1283 109348
1283 1284 443775
1284 1285 792478
1285 1286 701613
1286 1287 133220
1287 1288 822195
1288 1289 992762
1289 1290 405322
1290 1291 447417
1291 1292 316496
1292 1293 114221
1293 1294 601513
1294 1295 23470
1295 1296 535237
1296 1297 951654
1297 1298 456629
1298 1299 993114
1299 1300 888324
1300 1301 872219
1301 1302 981870
1302 1303 804001
1303 1304 953788
1304 1305 819014
1305 1306 347086
1306 1307 139937
1307 1308 976124
1308 1309 205499
1309 1310 871965
1310 1311 739482
1311 1312 57883
1312 1313 966349
1313 1314 158236
1314 1315 677462
1315 1316 329274
1316 1317 813092
1317 1318 14887
1318 1319 709450
1319 1320 290875
1320 1321 298265
1321 1322 639307
1322 1323 837295
1323 1324 234915
1324 1325 252151
1325 1326 239492
1326 1327 5585
1327 1328 740790
1328 1329 812936
1329 1330 26602
1330 1331 156009
1331 1332 967926
1332 1333 707548
1333 1334 743110
1334 1335 25857
1335 1336 183798
1336 1337 668580
1337 1338 558737
1338 1339 146401
1339 1340 36193
1340 1341 939250
1341 1342 745620
1342 1343 453397
1343 1344 666692
1344 1345 842296
1345 1346 927572
1346 1347 151760
1347 1348 851217
1348 1349 53471
1349 1350 645345
1350 1351 410085
1351 1352 819342
1352 1353 278453
1353 1354 974490
1354 1355 249226
1355 1356 82397
1356 1357 50352
1357 1358 395280
1358 1359 749593
1359 1360 315363
1360 1361 791836
1361 1362 719884
1362 1363 704971
1363 1364 325014
1364 1365 433360
1365 1366 234721
1366 1367 855319
1367 1368 821085
1368 1369 844814
1369 1370 473585
1370 1371 7485
1371 1372 456532
1372 1373 534940
1373 1374 515930
1374 1375 728345
1375 1376 58148
1376 1377 529223
1377 1378 320819
1378 1379 830583
1379 1380 240523
1380 1381 598346
1381 1382 957802
1382 1383 732251
1383 1384 23516
1384 1385 918458
1385 1386 332836
1386 1387 595832
1387 1388 360967
1388 1389 175650
1389 1390 481004
1390 1391 185060
1391 1392 338940
1392 1393 17599
1393 1394 757151
1394 1395 840051
1395 1396 687976
1396 1397 711333
1397 1398 396429
1398 1399 374280
1399 1400 558235
1400 1401 179301
1401 1402 813408
1402 1403 785243
1403 1404 670134
1404 1405 591821
1405 1406 734679
1406 1407 243406
1407 1408 886666
1408 1409 587783
1409 1410 924397
1410 1411 217530
1411 1412 782879
1412 1413 458297
1413 1414 798400
1414 1415 366891
1415 1416 54774
1416 1417 156836
1417 1418 77868
1418 1419 430830
1419 1420 794741
1420 1421 952493
1421 1422 557004
1422 1423 651853
1423 1424 351823
1424 1425 606061
1425 1426 47533
1426 1427 549283
1427 1428 479051
1428 1429 377261
1429 1430 687302
1430 1431 11401
1431 1432 650179
1432 1433 539656
1433 1434 10823
1434 1435 542659
1435 1436 406476
1436 1437 683968
1437 1438 162313
1438 1439 455234
1439 1440 643366
1440 1441 457133
1441 1442 385375
1442 1443 607717
1443 1444 539112
1444 1445 453719
1445 1446 284939
1446 1447 27263
1447 1448 79731
1448 1449 745078
1449 1450 197764
1450 1451 963155
1451 1452 301744
1452 1453 68791
1453 1454 133251
1454 1455 189531
1455 1456 66096
1456 1457 332011
1457 1458 729364
1458 1459 274286
1459 1460 675726
1460 1461 881394
1461 1462 888362
1462 1463 687584
1463 1464 8874
1464 1465 365094
1465 1466 168267
1466 1467 337716
1467 1468 452679
1468 1469 309097
1469 1470 19918
1470 1471 926778
1471 1472 238882
1472 1473 832813
1473 1474 209360
1474 1475 543407
1475 1476 914976
1476 1477 256204
1477 1478 53939
1478 1479 965896
1479 1480 745410
1480 1481 740609
1481 1482 396867
1482 1483 595439
1483 1484 766786
1484 1485 731859
1485 1486 162133
1486 1487 848964
1487 1488 790464
1488 1489 285228
1489 1490 769451
1490 1491 628004
1491 1492 961924
1492 1493 243223
1493 1494 59045
1494 1495 436088
1495 1496 590025
1496 1497 955601
1497 1498 237972
1498 1499 545007
1499 1500 890053
1500 1501 445713
1501 1502 731249
1502 1503 430416
1503 1504 193373
1504 1505 313005
1505 1506 917663
1506 1507 127119
1507 1508 283565
1508 1509 754678
1509 1510 289167
1510 1511 410325
1511 1512 850561
1512 1513 622511
1513 1514 638922
1514 1515 29877
1515 1516 160765
1516 1517 5012
1517 1518 290990
1518 1519 843582
1519 1520 785269
1520 1521 986900
1521 1522 947746
1522 1523 212721
1523 1524 243691
1524 1525 80304
1525 1526 902763
1526 1527 23172
1527 1528 552705
1528 1529 415666
1529 1530 636665
1530 1531 892799
1531 1532 411018
1532 1533 46499
1533 1534 926123
1534 1535 253802
1535 1536 930796
1536 1537 474332
1537 1538 546691
1538 1539 593953
1539 1540 315662
1540 1541 185735
1541 1542 961738
1542 1543 46835
1543 1544 964201
1544 1545 569034
1545 1546 475583
1546 1547 216789
1547 1548 927392
1548 1549 432607
1549 1550 578685
1550 1551 644150
1551 1552 976789
1552 1553 561475
1553 1554 388020
1554 1555 216867
1555 1556 741247
1556 1557 654851
1557 1558 209475
1558 1559 361244
1559 1560 746326
1560 1561 299033
1561 1562 4716
1562 1563 856054
1563 1564 801499
1564 1565 401957
1565 1566 484609
1566 1567 322294
1567 1568 12053
1568 1569 914171
1569 1570 986192
1570 1571 96990
1571 1572 48133
1572 1573 744702
1573 1574 987498
1574 1575 737301
1575 1576 951015
1576 1577 968273
1577 1578 587779
1578 1579 887098
1579 1580 143339
1580 1581 768565
1581 1582 331953
1582 1583 638028
1583 1584 974803
1584 1585 370177
1585 1586 923340
1586 1587 655183
1587 1588 999758
1588 1589 805734
1589 1590 922990
1590 1591 829968
1591 1592 671414
1592 1593 282023
1593 1594 10086
1594 1595 286781
1595 1596 235010
1596 1597 138818
1597 1598 4460
1598 1599 681815
1599 1600 683807
1600 1601 165889
1601 1602 266611
1602 1603 199375
1603 1604 323556
1604 1605 560617
1605 1606 728313
1606 1607 489549
1607 1608 799618
1608 1609 512708
1609 1610 845037
1610 1611 278554
1611 1612 17965
1612 1613 576116
1613 1614 30793
1614 1615 449092
1615 1616 464468
1616 1617 730159
1617 1618 149329
1618 1619 343440
1619 1620 597435
1620 1621 879203
1621 1622 331303
1622 1623 833025
1623 1624 485372
1624 1625 2032
1625 1626 618580
1626 1627 191205
1627 1628 612014
1628 1629 590193
1629 1630 609656
1630 1631 566969
1631 1632 269515
1632 1633 196308
1633 1634 155192
1634 1635 555023
1635 1636 254778
1636 1637 424427
1637 1638 542666
1638 1639 852986
1639 1640 549969
1640 1641 60468
1641 1642 324117
1642 1643 183730
1643 1644 293167
1644 1645 533772
1645 1646 87015
1646 1647 701758
1647 1648 14108
1648 1649 705202
1649 1650 78506
1650 1651 759405
1651 1652 640286
1652 1653 16227
1653 1654 885432
1654 1655 92445
1655 1656 570984
1656 1657 14452
1657 1658 516517
1658 1659 179200
1659 1660 699301
1660 1661 19784
1661 1662 69676
1662 1663 625714
1663 1664 388248
1664 1665 281022
1665 1666 955769
1666 1667 349410
1667 1668 348889
1668 1669 50959
1669 1670 111520
1670 1671 403184
1671 1672 566241
1672 1673 702439
1673 1674 33979
1674 1675 817546
1675 1676 585172
1676 1677 348320
1677 1678 754257
1678 1679 195588
1679 1680 340178
1680 1681 921882
1681 1682 72816
1682 1683 668480
1683 1684 906685
1684 1685 793559
1685 1686 859236
1686 1687 217516
1687 1688 994038
1688 1689 831547
1689 1690 626672
1690 1691 711723
1691 1692 569962
1692 1693 385838
1693 1694 563280
1694 1695 648841
1695 1696 54087
1696 1697 896721
1697 1698 396566
1698 1699 721561
1699 1700 188619
1700 1701 461374
1701 1702 809706
1702 1703 49438
1703 1704 869305
1704 1705 190843
1705 1706 616000
1706 1707 941395
1707 1708 183552
1708 1709 66980
1709 1710 869933
1710 1711 427883
1711 1712 804008
1712 1713 16094
1713 1714 592093
1714 1715 495818
1715 1716 60395
1716 1717 916682
1717 1718 340295
1718 1719 643449
1719 1720 477978
1720 1721 524006
1721 1722 554969
1722 1723 484006
1723 1724 883232
1724 1725 639165
1725 1726 826364
1726 1727 937313
1727 1728 264899
1728 1729 308919
1729 1730 979261
1730 1731 369629
1731 1732 155437
1732 1733 104299
1733 1734 569913
1734 1735 841574
1735 1736 779783
1736 1737 334764
1737 1738 841523
1738 1739 468833
1739 1740 201834
1740 1741 53423
1741 1742 187967
1742 1743 885657
1743 1744 936991
1744 1745 246717
1745 1746 951528
1746 1747 775400
1747 1748 36673
1748 1749 650479
1749 1750 542928
1750 1751 447399
1751 1752 997083
1752 1753 533310
1753 1754 637314
1754 1755 94161
1755 1756 668073
1756 1757 605219
1757 1758 40692
1758 1759 31466
1759 1760 35638
1760 1761 399575
1761 1762 350142
1762 1763 798945
1763 1764 313058
1764 1765 548696
1765 1766 851427
1766 1767 526467
1767 1768 471000
1768 1769 650876
1769 1770 846966
1770 1771 359662
1771 1772 781428
1772 1773 282650
1773 1774 436342
1774 1775 284861
1775 1776 583590
1776 1777 883339
1777 1778 510681
1778 1779 983596
1779 1780 471428
1780 1781 360863
1781 1782 315479
1782 1783 465349
1783 1784 86630
1784 1785 319707
1785 1786 721992
1786 1787 373781
1787 1788 341317
1788 1789 153111
1789 1790 648571
1790 1791 67166
1791 1792 247345
1792 1793 285733
1793 1794 34686
1794 1795 914182
1795 1796 920214
1796 1797 804942
1797 1798 416544
1798 1799 533034
1799 1800 68462
1800 1801 627460
1801 1802 579673
1802 1803 197863
1803 1804 96565
1804 1805 791353
1805 1806 58846
1806 1807 284622
1807 1808 494824
1808 1809 329246
1809 1810 916585
1810 1811 242670
1811 1812 973218
1812 1813 260583
1813 1814 489322
1814 1815 561105
1815 1816 447634
1816 1817 727315
1817 1818 719762
1818 1819 608806
1819 1820 201262
1820 1821 544228
1821 1822 64799
1822 1823 135242
1823 1824 246646
1824 1825 47374
1825 1826 523093
1826 1827 405078
1827 1828 101757
1828 1829 792143
1829 1830 894927
1830 1831 807582
1831 1832 658148
1832 1833 504647
1833 1834 104332
1834 1835 41393
1835 1836 584978
1836 1837 979127
1837 1838 860156
1838 1839 638886
1839 1840 793375
1840 1841 406123
1841 1842 677386
1842 1843 353704
1843 1844 324107
1844 1845 554661
1845 1846 931756
1846 1847 250142
1847 1848 868421
1848 1849 827826
1849 1850 363982
1850 1851 503109
1851 1852 321627
1852 1853 8061
1853 1854 562402
1854 1855 346009
1855 1856 568963
1856 1857 160602
1857 1858 154735
1858 1859 219357
1859 1860 320857
1860 1861 884976
1861 1862 417230
1862 1863 236818
1863 1864 697704
1864 1865 28350
1865 1866 342556
1866 1867 609153
1867 1868 881429
1868 1869 739987
1869 1870 749570
1870 1871 401919
1871 1872 692195
1872 1873 571486
1873 1874 890822
1874 1875 313251
1875 1876 821885
1876 1877 323784
1877 1878 577774
1878 1879 185665
1879 1880 991580
1880 1881 631346
1881 1882 123754
1882 1883 728786
1883 1884 638396
1884 1885 461132
1885 1886 277072
1886 1887 870932
1887 1888 791750
1888 1889 608329
1889 1890 27007
1890 1891 819198
1891 1892 808326
1892 1893 677379
1893 1894 492493
1894 1895 3707
1895 1896 484989
1896 1897 364680
1897 1898 19710
1898 1899 722260
1899 1900 230451
1900 1901 112770
1901 1902 594723
1902 1903 578495
1903 1904 327599
1904 1905 751
1905 1906 327113
1906 1907 511767
1907 1908 546965
1908 1909 879327
1909 1910 800499
1910 1911 960363
1911 1912 572415
1912 1913 23502
1913 1914 256300
1914 1915 652798
1915 1916 558035
1916 1917 218989
1917 1918 799484
1918 1919 890172
1919 1920 364378
1920 1921 640808
1921 1922 482682
1922 1923 180444
1923 1924 590577
1924 1925 887947
1925 1926 600900
1926 1927 972581
1927 1928 789508
1928 1929 149951
1929 1930 372979
1930 1931 588185
1931 1932 417160
1932 1933 858017
1933 1934 139052
1934 1935 561057
1935 1936 722427
1936 1937 488989
1937 1938 970147
1938 1939 502180
1939 1940 311922
1940 1941 116051
1941 1942 755319
1942 1943 627474
1943 1944 998507
1944 1945 676229
1945 1946 343848
1946 1947 873327
1947 1948 563184
1948 1949 800519
1949 1950 422333
1950 1951 412158
1951 1952 730025
1952 1953 937796
1953 1954 181654
1954 1955 445519
1955 1956 358049
1956 1957 100439
1957 1958 788463
1958 1959 978955
1959 1960 944704
1960 1961 29934
1961 1962 757870
1962 1963 507957
1963 1964 461105
1964 1965 996279
1965 1966 223580
1966 1967 615403
1967 1968 560584
1968 1969 650579
1969 1970 957289
1970 1971 476140
1971 1972 229385
1972 1973 25681
1973 1974 767922
1974 1975 967307
1975 1976 689370
1976 1977 498552
1977 1978 654928
1978 1979 510147
1979 1980 881990
1980 1981 515447
1981 1982 551290
1982 1983 230692
1983 1984 897527
1984 1985 236673
1985 1986 920640
1986 1987 782199
1987 1988 722725
1988 1989 721019
1989 1990 176758
1990 1991 206198
1991 1992 260367
1992 1993 85662
1993 1994 726212
1994 1995 880854
1995 1996 685464
1996 1997 947885
1997 1998 923494
1998 1999 408986
1999 2000 179276
2000 2001 681718
2001 2002 797193
2002 2003 859228
2003 2004 419631
2004 2005 410170
2005 2006 807611
2006 2007 577456
2007 2008 128010
2008 2009 401469
2009 2010 36460
2010 2011 540427
2011 2012 854537
2012 2013 206348
2013 2014 851512
2014 2015 591072
2015 2016 409926
2016 2017 734760
2017 2018 491621
2018 2019 889342
2019 2020 601062
2020 2021 628478
2021 2022 450745
2022 2023 998631
2023 2024 357209
2024 2025 815855
2025 2026 661561
2026 2027 426876
2027 2028 330572
2028 2029 777788
2029 2030 511785
2030 2031 802353
2031 2032 368646
2032 2033 486055
2033 2034 728355
2034 2035 559545
2035 2036 111704
2036 2037 341706
2037 2038 338908
2038 2039 238629
2039 2040 969829
2040 2041 845290
2041 2042 980393
2042 2043 671707
2043 2044 546234
2044 2045 202939
2045 2046 248634
2046 2047 839209
2047 2048 486397
2048 2049 360551
2049 2050 126111
2050 2051 182977
2051 2052 949847
2052 2053 354066
2053 2054 909914
2054 2055 200430
2055 2056 618693
2056 2057 901413
2057 2058 968216
2058 2059 972254
2059 2060 804152
2060 2061 865329
2061 2062 237486
2062 2063 746755
2063 2064 897331
2064 2065 598101
2065 2066 470525
2066 2067 86899
2067 2068 728244
2068 2069 84714
2069 2070 402389
2070 2071 261917
2071 2072 445772
2072 2073 800999
2073 2074 869561
2074 2075 926034
2075 2076 300238
2076 2077 160452
2077 2078 288522
2078 2079 886203
2079 2080 303945
2080 2081 338616
2081 2082 505734
2082 2083 848991
2083 2084 422948
2084 2085 8650
2085 2086 826695
2086 2087 902131
2087 2088 971891
2088 2089 337303
2089 2090 191250
2090 2091 403662
2091 2092 939422
2092 2093 771373
2093 2094 936939
2094 2095 929972
2095 2096 582529
2096 2097 365282
2097 2098 977932
2098 2099 738056
2099 2100 561891
2100 2101 32023
2101 2102 692183
2102 2103 344071
2103 2104 296343
2104 2105 801832
2105 2106 927794
2106 2107 797679
2107 2108 824992
2108 2109 904486
2109 2110 63579
2110 2111 162921
2111 2112 216231
2112 2113 826561
2113 2114 462951
2114 2115 676292
2115 2116 145215
2116 2117 265261
2117 2118 916544
2118 2119 60621
2119 2120 215954
2120 2121 952433
2121 2122 728940
2122 2123 926626
2123 2124 214915
2124 2125 852849
2125 2126 809281
2126 2127 523222
2127 2128 924558
2128 2129 839794
2129 2130 866052
2130 2131 853860
2131 2132 328574
2132 2133 727820
2133 2134 450852
2134 2135 806967
2135 2136 816579
2136 2137 691474
2137 2138 655338
2138 2139 943855
2139 2140 616796
2140 2141 512990
2141 2142 464516
2142 2143 111598
2143 2144 772114
2144 2145 642912
2145 2146 918869
2146 2147 964847
2147 2148 760102
2148 2149 555121
2149 2150 785298
2150 2151 545244
2151 2152 163106
2152 2153 743695
2153 2154 860312
2154 2155 198569
2155 2156 181452
2156 2157 329383
2157 2158 519263
2158 2159 648251
2159 2160 657468
2160 2161 315840
2161 2162 135412
2162 2163 325205
2163 2164 35371
2164 2165 817544
2165 2166 209285
2166 2167 541125
2167 2168 381943
2168 2169 630808
2169 2170 834264
2170 2171 594259
2171 2172 750668
2172 2173 107926
2173 2174 223872
2174 2175 389896
2175 2176 101210
2176 2177 580888
2177 2178 509869
2178 2179 67
2179 2180 375452
2180 2181 604943
2181 2182 910194
2182 2183 709819
2183 2184 102844
2184 2185 601893
2185 2186 658444
2186 2187 803717
2187 2188 460250
2188 2189 333238
2189 2190 309821
2190 2191 366479
2191 2192 227592
2192 2193 663217
2193 2194 907291
2194 2195 364256
2195 2196 443237
2196 2197 293669
2197 2198 797950
2198 2199 299554
2199 2200 438413
2200 2201 996412
2201 2202 297281
2202 2203 740668
2203 2204 311591
2204 2205 839329
2205 2206 862802
2206 2207 585514
2207 2208 775581
2208 2209 569399
2209 2210 61079
2210 2211 621933
2211 2212 323569
2212 2213 521740
2213 2214 224990
2214 2215 471327
2215 2216 430813
2216 2217 468366
2217 2218 751443
2218 2219 169972
2219 2220 362995
2220 2221 405691
2221 2222 184687
2222 2223 116448
2223 2224 119568
2224 2225 435803
2225 2226 342426
2226 2227 952855
2227 2228 273416
2228 2229 781011
2229 2230 364451
2230 2231 638409
2231 2232 671385
2232 2233 402285
2233 2234 894606
2234 2235 181345
2235 2236 36763
2236 2237 237355
2237 2238 60026
2238 2239 234856
2239 2240 644400
2240 2241 531087
2241 2242 194092
2242 2243 747938
2243 2244 669022
2244 2245 547878
2245 2246 903321
2246 2247 33008
2247 2248 704807
2248 2249 767920
2249 2250 760510
2250 2251 874673
2251 2252 216447
2252 2253 652128
2253 2254 841876
2254 2255 848719
2255 2256 491434
2256 2257 45309
2257 2258 314374
2258 2259 341747
2259 2260 208527
2260 2261 474972
2261 2262 160375
2262 2263 795312
2263 2264 130643
2264 2265 190877
2265 2266 946105
2266 2267 510850
2267 2268 245039
2268 2269 252788
2269 2270 277148
2270 2271 112336
2271 2272 117205
2272 2273 853077
2273 2274 346249
2274 2275 726654
2275 2276 122416
2276 2277 411920
2277 2278 924871
2278 2279 898804
2279 2280 633389
2280 2281 675477
2281 2282 245382
2282 2283 446112
2283 2284 883850
2284 2285 830684
2285 2286 968524
2286 2287 642161
2287 2288 443886
2288 2289 490090
2289 2290 497041
2290 2291 674489
2291 2292 393657
2292 2293 575735
2293 2294 296769
2294 2295 101294
2295 2296 167717
2296 2297 62653
2297 2298 153871
2298 2299 763075
2299 2300 468392
2300 2301 154211
2301 2302 642381
2302 2303 498616
2303 2304 205602
2304 2305 769875
2305 2306 116152
2306 2307 453102
2307 2308 125851
2308 2309 802562
2309 2310 130179
2310 2311 602498
2311 2312 834090
2312 2313 474391
2313 2314 699799
2314 2315 67179
2315 2316 905111
2316 2317 485634
2317 2318 358742
2318 2319 713537
2319 2320 54288
2320 2321 283331
2321 2322 931343
2322 2323 168201
2323 2324 160254
2324 2325 296926
2325 2326 312932
2326 2327 718336
2327 2328 817295
2328 2329 57202
2329 2330 916041
2330 2331 837692
2331 2332 843664
2332 2333 387415
2333 2334 438260
2334 2335 733760
2335 2336 622945
2336 2337 229321
2337 2338 500459
2338 2339 303699
2339 2340 336122
2340 2341 503710
2341 2342 121980
2342 2343 786067
2343 2344 327195
2344 2345 49345
2345 2346 727402
2346 2347 61714
2347 2348 940452
2348 2349 871435
2349 2350 461282
2350 2351 344652
2351 2352 485789
2352 2353 613596
2353 2354 546707
2354 2355 296123
2355 2356 583699
2356 2357 79050
2357 2358 917368
2358 2359 645146
2359 2360 958078
2360 2361 83264
2361 2362 109156
2362 2363 260418
2363 2364 875740
2364 2365 192472
2365 2366 81919
2366 2367 919708
2367 2368 371219
2368 2369 716102
2369 2370 82906
2370 2371 416192
2371 2372 671876
2372 2373 89641
2373 2374 454842
2374 2375 965516
2375 2376 777788
2376 2377 850332
2377 2378 66640
2378 2379 247490
2379 2380 11927
2380 2381 727034
2381 2382 476780
2382 2383 490139
2383 2384 719098
2384 2385 126803
2385 2386 727772
2386 2387 993242
2387 2388 136633
2388 2389 510524
2389 2390 341362
2390 2391 56192
2391 2392 292942
2392 2393 801714
2393 2394 693061
2394 2395 662512
2395 2396 248580
2396 2397 833269
2397 2398 669323
2398 2399 356714
2399 2400 958680
2400 2401 610896
2401 2402 186002
2402 2403 311228
2403 2404 852435
2404 2405 56847
2405 2406 231617
2406 2407 544183
2407 2408 64458
2408 2409 826524
2409 2410 351849
2410 2411 682662
2411 2412 67615
2412 2413 490715
2413 2414 150600
2414 2415 15630
2415 2416 726446
2416 2417 455550
2417 2418 779914
2418 2419 717691
2419 2420 123098
2420 2421 230885
2421 2422 548217
2422 2423 569422
2423 2424 277862
2424 2425 234174
2425 2426 486085
2426 2427 255392
2427 2428 915891
2428 2429 203410
2429 2430 91414
2430 2431 691632
2431 2432 936919
2432 2433 596843
2433 2434 793103
2434 2435 367956
2435 2436 32751
2436 2437 329428
2437 2438 962287
2438 2439 834206
2439 2440 126543
2440 2441 339799
2441 2442 772164
2442 2443 319499
2443 2444 647566
2444 2445 354215
2445 2446 416106
2446 2447 609608
2447 2448 490278
2448 2449 718583
2449 2450 555590
2450 2451 857712
2451 2452 779796
2452 2453 164162
2453 2454 223508
2454 2455 739035
2455 2456 30499
2456 2457 530613
2457 2458 390433
2458 2459 269938
2459 2460 883076
2460 2461 429216
2461 2462 451009
2462 2463 508527
2463 2464 966436
2464 2465 31780
2465 2466 909759
2466 2467 668312
2467 2468 733885
2468 2469 799893
2469 2470 123093
2470 2471 752399
2471 2472 963275
2472 2473 441427
2473 2474 156453
2474 2475 820894
2475 2476 529809
2476 2477 658603
2477 2478 383659
2478 2479 163455
2479 2480 501455
2480 2481 893071
2481 2482 153115
2482 2483 503620
2483 2484 499207
2484 2485 648129
2485 2486 935382
2486 2487 89700
2487 2488 554855
2488 2489 814117
2489 2490 579294
2490 2491 554559
2491 2492 696837
2492 2493 43468
2493 2494 376794
2494 2495 703497
2495 2496 699419
2496 2497 596546
2497 2498 14975
2498 2499 474616
2499 2500 350071
2500 2501 241514
2501 2502 72163
2502 2503 387205
2503 2504 902835
2504 2505 22812
2505 2506 432594
2506 2507 970056
2507 2508 185056
2508 2509 99425
2509 2510 838538
2510 2511 981667
2511 2512 990410
2512 2513 603838
2513 2514 598692
2514 2515 446463
2515 2516 851419
2516 2517 305676
2517 2518 897085
2518 2519 468708
2519 2520 114893
2520 2521 109490
2521 2522 333055
2522 2523 466581
2523 2524 551315
2524 2525 558626
2525 2526 474201
2526 2527 973602
2527 2528 707921
2528 2529 735707
2529 2530 848927
2530 2531 797851
2531 2532 453814
2532 2533 586236
2533 2534 887976
2534 2535 156807
2535 2536 901254
2536 2537 866764
2537 2538 49919
2538 2539 246146
2539 2540 943592
2540 2541 312844
2541 2542 265434
2542 2543 820536
2543 2544 245408
2544 2545 827458
2545 2546 414667
2546 2547 454840
2547 2548 197096
2548 2549 170415
2549 2550 870249
2550 2551 47284
2551 2552 723623
2552 2553 33148
2553 2554 6415
2554 2555 701983
2555 2556 901928
2556 2557 343650
2557 2558 413959
2558 2559 442456
2559 2560 754067
2560 2561 251661
2561 2562 299093
2562 2563 228656
2563 2564 632501
2564 2565 826885
2565 2566 905098
2566 2567 951200
2567 2568 74967
2568 2569 730616
2569 2570 580632
2570 2571 968550
2571 2572 929292
2572 2573 201637
2573 2574 488089
2574 2575 487686
2575 2576 242435
2576 2577 654179
2577 2578 680202
2578 2579 842256
2579 2580 404560
2580 2581 910686
2581 2582 235395
2582 2583 295924
2583 2584 916820
2584 2585 995845
2585 2586 895895
2586 2587 709089
2587 2588 174843
2588 2589 759260
2589 2590 755880
2590 2591 9116
2591 2592 806100
2592 2593 316025
2593 2594 503449
2594 2595 680665
2595 2596 770394
2596 2597 431136
2597 2598 755485
2598 2599 263702
2599 2600 942308
2600 2601 914799
2601 2602 126391
2602 2603 581462
2603 2604 945532
2604 2605 815432
2605 2606 938793
2606 2607 793034
2607 2608 81460
2608 2609 423006
2609 2610 876865
2610 2611 486962
2611 2612 455941
2612 2613 145143
2613 2614 517500
2614 2615 794324
2615 2616 794201
2616 2617 566403
2617 2618 29043
2618 2619 639502
2619 2620 293320
2620 2621 740593
2621 2622 806651
2622 2623 612035
2623 2624 220345
2624 2625 225154
2625 2626 104329
2626 2627 147393
2627 2628 7747
2628 2629 108380
2629 2630 382240
2630 2631 920097
2631 2632 76575
2632 2633 93580
2633 2634 774483
2634 2635 566589
2635 2636 811548
2636 2637 787792
2637 2638 179110
2638 2639 863870
2639 2640 182474
2640 2641 199828
2641 2642 556811
2642 2643 720306
2643 2644 850033
2644 2645 487201
2645 2646 917394
2646 2647 170970
2647 2648 822993
2648 2649 168518
2649 2650 627273
2650 2651 675704
2651 2652 202458
2652 2653 274017
2653 2654 935649
2654 2655 245541
2655 2656 173557
2656 2657 152060
2657 2658 624999
2658 2659 309989
2659 2660 826460
2660 2661 906654
2661 2662 149499
2662 2663 727544
2663 2664 755490
2664 2665 757798
2665 2666 716514
2666 2667 241232
2667 2668 387233
2668 2669 64740
2669 2670 417820
2670 2671 934837
2671 2672 5035
2672 2673 278039
2673 2674 435467
2674 2675 934786
2675 2676 194900
2676 2677 56354
2677 2678 20390
2678 2679 176838
2679 2680 513987
2680 2681 856230
2681 2682 161725
2682 2683 692065
2683 2684 32507
2684 2685 462530
2685 2686 884395
2686 2687 184773
2687 2688 46705
2688 2689 473487
2689 2690 648052
2690 2691 752
2691 2692 307911
2692 2693 300904
2693 2694 173640
2694 2695 742215
2695 2696 84091
2696 2697 725918
2697 2698 699056
2698 2699 551668
2699 2700 595327
2700 2701 59065
2701 2702 905665
2702 2703 657363
2703 2704 753631
2704 2705 178645
2705 2706 207052
2706 2707 185480
2707 2708 101136
2708 2709 829473
2709 2710 390912
2710 2711 114393
2711 2712 754924
2712 2713 830716
2713 2714 277114
2714 2715 885127
2715 2716 989015
2716 2717 135347
2717 2718 661347
2718 2719 957166
2719 2720 58120
2720 2721 228998
2721 2722 265170
2722 2723 197804
2723 2724 633260
2724 2725 941964
2725 2726 947341
2726 2727 743617
2727 2728 591958
2728 2729 932350
2729 2730 599065
2730 2731 53126
2731 2732 622484
2732 2733 460955
2733 2734 213620
2734 2735 692653
2735 2736 871689
2736 2737 366622
2737 2738 702200
2738 2739 913728
2739 2740 290174
2740 2741 101166
2741 2742 750133
2742 2743 928428
2743 2744 278269
2744 2745 837781
2745 2746 594189
2746 2747 460938
2747 2748 358989
2748 2749 96907
2749 2750 60311
2750 2751 745521
2751 2752 271429
2752 2753 966776
2753 2754 774990
2754 2755 906774
2755 2756 277562
2756 2757 329598
2757 2758 979460
2758 2759 365230
2759 2760 681821
2760 2761 522296
2761 2762 818061
2762 2763 890703
2763 2764 334520
2764 2765 105716
2765 2766 534343
2766 2767 61438
2767 2768 851790
2768 2769 913737
2769 2770 708367
2770 2771 310783
2771 2772 292362
2772 2773 713632
2773 2774 693497
2774 2775 175779
2775 2776 533069
2776 2777 715908
2777 2778 735084
2778 2779 496711
2779 2780 282420
2780 2781 533451
2781 2782 240794
2782 2783 238240
2783 2784 239840
2784 2785 46528
2785 2786 29571
2786 2787 571063
2787 2788 115711
2788 2789 810364
2789 2790 70433
2790 2791 411756
2791 2792 477185
2792 2793 976599
2793 2794 64604
2794 2795 161985
2795 2796 877267
2796 2797 522309
2797 2798 97142
2798 2799 71359
2799 2800 504960
2800 2801 911439
2801 2802 23067
2802 2803 311826
2803 2804 832662
2804 2805 770011
2805 2806 951037
2806 2807 113298
2807 2808 198560
2808 2809 299990
2809 2810 539455
2810 2811 295855
2811 2812 637952
2812 2813 952300
2813 2814 304999
2814 2815 990724
2815 2816 168789
2816 2817 681802
2817 2818 302684
2818 2819 859828
2819 2820 754008
2820 2821 554140
2821 2822 838322
2822 2823 315250
2823 2824 496655
2824 2825 536033
2825 2826 507391
2826 2827 946233
2827 2828 744182
2828 2829 118032
2829 2830 169623
2830 2831 79155
2831 2832 776139
2832 2833 343957
2833 2834 74249
2834 2835 557070
2835 2836 127287
2836 2837 737076
2837 2838 890009
2838 2839 114865
2839 2840 936576
2840 2841 898741
2841 2842 644697
2842 2843 769617
2843 2844 622311
2844 2845 859213
2845 2846 548741
2846 2847 740967
2847 2848 640069
2848 2849 674071
2849 2850 678103
2850 2851 61803
2851 2852 946324
2852 2853 463062
2853 2854 954516
2854 2855 476688
2855 2856 771561
2856 2857 102661
2857 2858 795897
2858 2859 192479
2859 2860 650023
2860 2861 224635
2861 2862 737722
2862 2863 924905
2863 2864 127569
2864 2865 402212
2865 2866 647758
2866 2867 392728
2867 2868 338829
2868 2869 429159
2869 2870 12125
2870 2871 649699
2871 2872 548557
2872 2873 618550
2873 2874 659184
2874 2875 14088
2875 2876 806486
2876 2877 974589
2877 2878 830688
2878 2879 872895
2879 2880 640600
2880 2881 159138
2881 2882 849573
2882 2883 268387
2883 2884 255962
2884 2885 822685
2885 2886 79238
2886 2887 689176
2887 2888 54626
2888 2889 478945
2889 2890 83610
2890 2891 374241
2891 2892 994964
2892 2893 147304
2893 2894 54105
2894 2895 979890
2895 2896 575329
2896 2897 678730
2897 2898 584397
2898 2899 157320
2899 2900 719095
2900 2901 691945
2901 2902 537700
2902 2903 144224
2903 2904 427677
2904 2905 31462
2905 2906 859586
2906 2907 772165
2907 2908 322329
2908 2909 639223
2909 2910 998192
2910 2911 826805
2911 2912 237307
2912 2913 154439
2913 2914 383790
2914 2915 927096
2915 2916 233797
2916 2917 198659
2917 2918 789314
2918 2919 340906
2919 2920 816865
2920 2921 4253
2921 2922 154255
2922 2923 659187
2923 2924 489737
2924 2925 297892
2925 2926 621031
2926 2927 417595
2927 2928 890751
2928 2929 219782
2929 2930 767168
2930 2931 202519
2931 2932 826840
2932 2933 756967
2933 2934 549137
2934 2935 679307
2935 2936 226512
2936 2937 220356
2937 2938 568087
2938 2939 122998
2939 2940 897080
2940 2941 327423
2941 2942 251067
2942 2943 961931
2943 2944 91286
2944 2945 554459
2945 2946 710901
2946 2947 270923
2947 2948 130370
2948 2949 161961
2949 2950 700058
2950 2951 45839
2951 2952 904462
2952 2953 626110
2953 2954 870549
2954 2955 452714
2955 2956 238780
2956 2957 982658
2957 2958 137969
2958 2959 540225
2959 2960 70911
2960 2961 565967
2961 2962 306141
2962 2963 605189
2963 2964 728064
2964 2965 20667
2965 2966 991144
2966 2967 977132
2967 2968 22250
2968 2969 150042
2969 2970 843517
2970 2971 950862
2971 2972 291581
2972 2973 729546
2973 2974 98613
2974 2975 577608
2975 2976 851916
2976 2977 300234
2977 2978 842632
2978 2979 550227
2979 2980 981814
2980 2981 920881
2981 2982 694525
2982 2983 329464
2983 2984 380373
2984 2985 722122
2985 2986 235554
2986 2987 79091
2987 2988 155493
2988 2989 255586
2989 2990 362738
2990 2991 904634
2991 2992 872580
2992 2993 117270
2993 2994 536221
2994 2995 445261
2995 2996 504044
2996 2997 12983
2997 2998 967822
2998 2999 416522
2999 3000 482442
3000 3001 691134
3001 3002 338743
3002 3003 969397
3003 3004 194600
3004 3005 661403
3005 3006 14809
3006 3007 295373
3007 3008 102487
3008 3009 695892
3009 3010 511665
3010 3011 123160
3011 3012 874971
3012 3013 234225
3013 3014 612982
3014 3015 943636
3015 3016 128649
3016 3017 583267
3017 3018 811728
3018 3019 137054
3019 3020 699905
3020 3021 686559
3021 3022 712082
3022 3023 356259
3023 3024 98061
3024 3025 866599
3025 3026 384922
3026 3027 374843
3027 3028 489128
3028 3029 885794
3029 3030 795630
3030 3031 67248
3031 3032 267502
3032 3033 926749
3033 3034 101703
3034 3035 839714
3035 3036 591145
3036 3037 731281
3037 3038 80577
3038 3039 278073
3039 3040 807134
3040 3041 214123
3041 3042 569377
3042 3043 592713
3043 3044 204726
3044 3045 512272
3045 3046 13840
3046 3047 874746
3047 3048 111563
3048 3049 555114
3049 3050 429454
3050 3051 508258
3051 3052 264498
3052 3053 452064
3053 3054 423570
3054 3055 330714
3055 3056 864588
3056 3057 849567
3057 3058 397773
3058 3059 341402
3059 3060 179072
3060 3061 909156
3061 3062 176377
3062 3063 966281
3063 3064 679214
3064 3065 583327
3065 3066 109636
3066 3067 683400
3067 3068 307440
3068 3069 33746
3069 3070 811132
3070 3071 358410
3071 3072 62503
3072 3073 519201
3073 3074 152321
3074 3075 228121
3075 3076 164330
3076 3077 157865
3077 3078 19686
3078 3079 226545
3079 3080 633994
3080 3081 855197
3081 3082 153982
3082 3083 373943
3083 3084 626753
3084 3085 179334
3085 3086 548321
3086 3087 876091
3087 3088 926707
3088 3089 561200
3089 3090 10800
3090 3091 987503
3091 3092 932150
3092 3093 369789
3093 3094 90929
3094 3095 777512
3095 3096 353058
3096 3097 307382
3097 3098 463808
3098 3099 740932
3099 3100 108676
3100 3101 149269
3101 3102 541636
3102 3103 116105
3103 3104 225509
3104 3105 601508
3105 3106 623892
3106 3107 451242
3107 3108 227546
3108 3109 296076
3109 3110 763633
3110 3111 787901
3111 3112 40056
3112 3113 733893
3113 3114 962572
3114 3115 34240
3115 3116 187228
3116 3117 181029
3117 3118 847144
3118 3119 384569
3119 3120 701912
3120 3121 405023
3121 3122 181259
3122 3123 465619
3123 3124 411968
3124 3125 304800
3125 3126 714412
3126 3127 995090
3127 3128 692633
3128 3129 810267
3129 3130 805079
3130 3131 829447
3131 3132 241402
3132 3133 74513
3133 3134 475014
3134 3135 60739
3135 3136 406925
3136 3137 776694
3137 3138 723436
3138 3139 290514
3139 3140 40967
3140 3141 788117
3141 3142 572825
3142 3143 434012
3143 3144 595412
3144 3145 875867
3145 3146 315311
3146 3147 667718
3147 3148 410921
3148 3149 421777
3149 3150 205078
3150 3151 866293
3151 3152 205592
3152 3153 879456
3153 3154 932279
3154 3155 280809
3155 3156 301100
3156 3157 357790
3157 3158 288394
3158 3159 7967
3159 3160 956165
3160 3161 887833
3161 3162 370491
3162 3163 139626
3163 3164 473676
3164 3165 332072
3165 3166 460937
3166 3167 285400
3167 3168 685711
3168 3169 785825
3169 3170 663171
3170 3171 738680
3171 3172 459634
3172 3173 853071
3173 3174 784395
3174 3175 681096
3175 3176 543697
3176 3177 142199
3177 3178 628041
3178 3179 276195
3179 3180 668150
3180 3181 485779
3181 3182 474370
3182 3183 910136
3183 3184 410077
3184 3185 714996
3185 3186 444591
3186 3187 748176
3187 3188 853796
3188 3189 851441
3189 3190 21751
3190 3191 488612
3191 3192 391882
3192 3193 978915
3193 3194 185838
3194 3195 407604
3195 3196 987255
3196 3197 454334
3197 3198 821733
3198 3199 342224
3199 3200 567799
3200 3201 47886
3201 3202 205280
3202 3203 780598
3203 3204 775973
3204 3205 731083
3205 3206 134324
3206 3207 934622
3207 3208 167873
3208 3209 706152
3209 3210 608097
3210 3211 935987
3211 3212 411356
3212 3213 394748
3213 3214 251504
3214 3215 100765
3215 3216 96281
3216 3217 570776
3217 3218 860839
3218 3219 624977
3219 3220 545426
3220 3221 194270
3221 3222 838563
3222 3223 393817
3223 3224 75509
3224 3225 248431
3225 3226 382900
3226 3227 668805
3227 3228 276321
3228 3229 308999
3229 3230 930957
3230 3231 737799
3231 3232 952807
3232 3233 375179
3233 3234 184221
3234 3235 616529
3235 3236 470912
3236 3237 237452
3237 3238 643921
3238 3239 117505
3239 3240 732146
3240 3241 107836
3241 3242 794717
3242 3243 363932
3243 3244 672992
3244 3245 140054
3245 3246 896507
3246 3247 688462
3247 3248 769939
3248 3249 550697
3249 3250 491779
3250 3251 378960
3251 3252 786383
3252 3253 498268
3253 3254 423082
3254 3255 164267
3255 3256 459955
3256 3257 433940
3257 3258 808612
3258 3259 264586
3259 3260 881726
3260 3261 476878
3261 3262 551333
3262 3263 927385
3263 3264 795006
3264 3265 557597
3265 3266 877874
3266 3267 766008
3267 3268 566288
3268 3269 854998
3269 3270 270065
3270 3271 984328
3271 3272 637636
3272 3273 177945
3273 3274 968057
3274 3275 27916
3275 3276 434651
3276 3277 143740
3277 3278 291162
3278 3279 14466
3279 3280 377444
3280 3281 278597
3281 3282 807531
3282 3283 969176
3283 3284 982449
3284 3285 416743
3285 3286 971407
3286 3287 718580
3287 3288 235499
3288 3289 209712
3289 3290 150750
3290 3291 301548
3291 3292 871550
3292 3293 548616
3293 3294 207246
3294 3295 349134
3295 3296 238380
3296 3297 919914
3297 3298 598603
3298 3299 388952
3299 3300 788036
3300 3301 225495
3301 3302 262240
3302 3303 806465
3303 3304 391518
3304 3305 614588
3305 3306 385569
3306 3307 151144
3307 3308 772763
3308 3309 687306
3309 3310 68145
3310 3311 626724
3311 3312 418689
3312 3313 204886
3313 3314 995995
3314 3315 682573
3315 3316 645095
3316 3317 79515
3317 3318 590266
3318 3319 686968
3319 3320 157302
3320 3321 759723
3321 3322 779929
3322 3323 394146
3323 3324 760078
3324 3325 55244
3325 3326 537524
3326 3327 885085
3327 3328 677244
3328 3329 936614
3329 3330 743641
3330 3331 331903
3331 3332 877784
3332 3333 431513
3333 3334 374213
3334 3335 337722
3335 3336 409936
3336 3337 639966
3337 3338 890917
3338 3339 224526
3339 3340 184161
3340 3341 163139
3341 3342 202708
3342 3343 372636
3343 3344 10198
3344 3345 999880
3345 3346 775783
3346 3347 1178
3347 3348 187903
3348 3349 172965
3349 3350 84657
3350 3351 879803
3351 3352 298159
3352 3353 825619
3353 3354 141025
3354 3355 874722
3355 3356 106866
3356 3357 990556
3357 3358 521229
3358 3359 468410
3359 3360 947207
3360 3361 421085
3361 3362 984653
3362 3363 734191
3363 3364 8833
3364 3365 469189
3365 3366 998761
3366 3367 51257
3367 3368 101077
3368 3369 801783
3369 3370 199786
3370 3371 888303
3371 3372 785170
3372 3373 185498
3373 3374 911872
3374 3375 152975
3375 3376 945177
3376 3377 521536
3377 3378 834488
3378 3379 324959
3379 3380 502621
3380 3381 708027
3381 3382 731456
3382 3383 488154
3383 3384 385217
3384 3385 555798
3385 3386 201431
3386 3387 946976
3387 3388 565456
3388 3389 33
3389 3390 789789
3390 3391 86777
3391 3392 978209
3392 3393 316856
3393 3394 659591
3394 3395 313851
3395 3396 56047
3396 3397 647570
3397 3398 643865
3398 3399 425191
3399 3400 223628
3400 3401 829049
3401 3402 65401
3402 3403 690162
3403 3404 964156
3404 3405 6435
3405 3406 507452
3406 3407 741561
3407 3408 44375
3408 3409 728917
3409 3410 521435
3410 3411 708516
3411 3412 300927
3412 3413 245996
3413 3414 789266
3414 3415 943872
3415 3416 117276
3416 3417 239229
3417 3418 633333
3418 3419 399997
3419 3420 855611
3420 3421 401855
3421 3422 32384
3422 3423 106242
3423 3424 904419
3424 3425 209441
3425 3426 916904
3426 3427 592958
3427 3428 690076
3428 3429 348951
3429 3430 854611
3430 3431 507057
3431 3432 107856
3432 3433 706919
3433 3434 945801
3434 3435 251362
3435 3436 586928
3436 3437 714729
3437 3438 309632
3438 3439 717549
3439 3440 718034
3440 3441 921788
3441 3442 223119
3442 3443 246024
3443 3444 136653
3444 3445 512904
3445 3446 174125
3446 3447 526179
3447 3448 201035
3448 3449 370845
3449 3450 662486
3450 3451 901470
3451 3452 585618
3452 3453 402448
3453 3454 746393
3454 3455 676700
3455 3456 399708
3456 3457 239746
3457 3458 792647
3458 3459 32626
3459 3460 35369
3460 3461 736763
3461 3462 387333
3462 3463 533249
3463 3464 411858
3464 3465 840007
3465 3466 516675
3466 3467 718146
3467 3468 109953
3468 3469 661750
3469 3470 485735
3470 3471 912365
3471 3472 925627
3472 3473 432121
3473 3474 665657
3474 3475 763
3475 3476 476050
3476 3477 878060
3477 3478 796262
3478 3479 825686
3479 3480 361316
3480 3481 522415
3481 3482 153994
3482 3483 438554
3483 3484 489634
3484 3485 69619
3485 3486 344309
3486 3487 985799
3487 3488 54324
3488 3489 254487
3489 3490 140588
3490 3491 681922
3491 3492 420740
3492 3493 266551
3493 3494 367197
3494 3495 432198
3495 3496 586588
3496 3497 797433
3497 3498 416527
3498 3499 173061
3499 3500 172422
3500 3501 918451
3501 3502 203297
3502 3503 771377
3503 3504 423626
3504 3505 373292
3505 3506 601374
3506 3507 534580
3507 3508 451357
3508 3509 602512
3509 3510 351394
3510 3511 500418
3511 3512 708164
3512 3513 810899
3513 3514 165155
3514 3515 872818
3515 3516 207350
3516 3517 517255
3517 3518 518965
3518 3519 920163
3519 3520 393131
3520 3521 595100
3521 3522 950867
3522 3523 238196
3523 3524 654249
3524 3525 84156
3525 3526 479278
3526 3527 9548
3527 3528 959113
3528 3529 802528
3529 3530 317273
3530 3531 586118
3531 3532 897270
3532 3533 492918
3533 3534 148800
3534 3535 64212
3535 3536 48113
3536 3537 158330
3537 3538 228603
3538 3539 381164
3539 3540 162656
3540 3541 792845
3541 3542 761440
3542 3543 81418
3543 3544 742944
3544 3545 891628
3545 3546 84427
3546 3547 154273
3547 3548 115753
3548 3549 64788
3549 3550 555257
3550 3551 29233
3551 3552 222008
3552 3553 784472
3553 3554 764951
3554 3555 663569
3555 3556 828580
3556 3557 445942
3557 3558 305661
3558 3559 258601
3559 3560 663097
3560 3561 549070
3561 3562 869073
3562 3563 331633
3563 3564 256931
3564 3565 750151
3565 3566 787198
3566 3567 381121
3567 3568 985012
3568 3569 299593
3569 3570 535097
3570 3571 786018
3571 3572 184392
3572 3573 310831
3573 3574 176973
3574 3575 984124
3575 3576 944874
3576 3577 154209
3577 3578 694741
3578 3579 494312
3579 3580 420423
3580 3581 436779
3581 3582 139961
3582 3583 598435
3583 3584 162019
3584 3585 539585
3585 3586 533759
3586 3587 645623
3587 3588 626311
3588 3589 332986
3589 3590 467641
3590 3591 506925
3591 3592 20554
3592 3593 358657
3593 3594 51728
3594 3595 403251
3595 3596 820936
3596 3597 484064
3597 3598 805050
3598 3599 23333
3599 3600 134943
3600 3601 47105
3601 3602 637117
3602 3603 852437
3603 3604 75380
3604 3605 192730
3605 3606 658766
3606 3607 613385
3607 3608 236196
3608 3609 65614
3609 3610 512679
3610 3611 113342
3611 3612 381000
3612 3613 58150
3613 3614 716973
3614 3615 358544
3615 3616 923520
3616 3617 289687
3617 3618 223015
3618 3619 573109
3619 3620 680541
3620 3621 644711
3621 3622 469313
3622 3623 350281
3623 3624 742458
3624 3625 794690
3625 3626 31430
3626 3627 33692
3627 3628 577529
3628 3629 950754
3629 3630 168131
3630 3631 59074
3631 3632 836809
3632 3633 435212
3633 3634 774831
3634 3635 407150
3635 3636 358754
3636 3637 919550
3637 3638 563437
3638 3639 201977
3639 3640 710195
3640 3641 196779
3641 3642 261852
3642 3643 981583
3643 3644 626785
3644 3645 547519
3645 3646 162368
3646 3647 52090
3647 3648 330991
3648 3649 842261
3649 3650 205174
3650 3651 692638
3651 3652 817118
3652 3653 938367
3653 3654 420157
3654 3655 910990
3655 3656 274215
3656 3657 655629
3657 3658 307390
3658 3659 581604
3659 3660 904857
3660 3661 196590
3661 3662 197590
3662 3663 68449
3663 3664 116986
3664 3665 484076
3665 3666 407812
3666 3667 707295
3667 3668 317335
3668 3669 31577
3669 3670 575381
3670 3671 914073
3671 3672 821574
3672 3673 27627
3673 3674 611361
3674 3675 661574
3675 3676 197233
3676 3677 121679
3677 3678 974299
3678 3679 970005
3679 3680 844667
3680 3681 742704
3681 3682 204737
3682 3683 965274
3683 3684 500367
3684 3685 519685
3685 3686 618304
3686 3687 395916
3687 3688 992055
3688 3689 954781
3689 3690 572411
3690 3691 664480
3691 3692 306146
3692 3693 984836
3693 3694 824301
3694 3695 218692
3695 3696 569630
3696 3697 281766
3697 3698 130964
3698 3699 458550
3699 3700 442442
3700 3701 686503
3701 3702 187684
3702 3703 70634
3703 3704 347856
3704 3705 742190
3705 3706 396470
3706 3707 546377
3707 3708 992305
3708 3709 665080
3709 3710 469992
3710 3711 222492
3711 3712 994072
3712 3713 869122
3713 3714 623498
3714 3715 336281
3715 3716 385704
3716 3717 471580
3717 3718 473213
3718 3719 159487
3719 3720 438939
3720 3721 230320
3721 3722 787866
3722 3723 958978
3723 3724 873755
3724 3725 564525
3725 3726 931855
3726 3727 37984
3727 3728 292497
3728 3729 779656
3729 3730 740028
3730 3731 843664
3731 3732 508787
3732 3733 597097
3733 3734 631292
3734 3735 444361
3735 3736 396158
3736 3737 689254
3737 3738 115400
3738 3739 927101
3739 3740 405608
3740 3741 387153
3741 3742 733050
3742 3743 583422
3743 3744 554140
3744 3745 906458
3745 3746 541063
3746 3747 454806
3747 3748 128621
3748 3749 66036
3749 3750 291180
3750 3751 714713
3751 3752 500710
3752 3753 891365
3753 3754 842804
3754 3755 296911
3755 3756 86472
3756 3757 331752
3757 3758 650671
3758 3759 693713
3759 3760 837305
3760 3761 236016
3761 3762 984225
3762 3763 341991
3763 3764 381475
3764 3765 155759
3765 3766 325864
3766 3767 923890
3767 3768 601906
3768 3769 813989
3769 3770 725582
3770 3771 928102
3771 3772 36766
3772 3773 1185
3773 3774 882897
3774 3775 315889
3775 3776 998711
3776 3777 427285
3777 3778 722838
3778 3779 830576
3779 3780 234423
3780 3781 79674
3781 3782 810982
3782 3783 927080
3783 3784 599933
3784 3785 959859
3785 3786 996175
3786 3787 968864
3787 3788 909116
3788 3789 375975
3789 3790 526913
3790 3791 441521
3791 3792 461077
3792 3793 455582
3793 3794 713366
3794 3795 924675
3795 3796 251498
3796 3797 58471
3797 3798 943300
3798 3799 412136
3799 3800 88048
3800 3801 97498
3801 3802 456585
3802 3803 471742
3803 3804 123520
3804 3805 509317
3805 3806 516010
3806 3807 468033
3807 3808 522341
3808 3809 331820
3809 3810 496172
3810 3811 195508
3811 3812 159856
3812 3813 786745
3813 3814 555447
3814 3815 196267
3815 3816 722891
3816 3817 346485
3817 3818 902195
3818 3819 206429
3819 3820 542883
3820 3821 858026
3821 3822 879538
3822 3823 10514
3823 3824 270666
3824 3825 323067
3825 3826 671803
3826 3827 160593
3827 3828 107886
3828 3829 69935
3829 3830 888390
3830 3831 76194
3831 3832 356215
3832 3833 668765
3833 3834 495160
3834 3835 905898
3835 3836 711588
3836 3837 734840
3837 3838 508511
3838 3839 290252
3839 3840 920626
3840 3841 663254
3841 3842 903797
3842 3843 730257
3843 3844 921818
3844 3845 722289
3845 3846 592765
3846 3847 289742
3847 3848 835705
3848 3849 494624
3849 3850 341692
3850 3851 466925
3851 3852 166708
3852 3853 741817
3853 3854 541151
3854 3855 863572
3855 3856 657649
3856 3857 127663
3857 3858 378096
3858 3859 329513
3859 3860 37357
3860 3861 514247
3861 3862 130235
3862 3863 57724
3863 3864 956033
3864 3865 170727
3865 3866 591492
3866 3867 682318
3867 3868 563495
3868 3869 715773
3869 3870 837268
3870 3871 143189
3871 3872 535844
3872 3873 235153
3873 3874 894502
3874 3875 336673
3875 3876 136383
3876 3877 970010
3877 3878 496116
3878 3879 397020
3879 3880 576938
3880 3881 860909
3881 3882 882614
3882 3883 543535
3883 3884 999317
3884 3885 196058
3885 3886 979806
3886 3887 73765
3887 3888 486806
3888 3889 308769
3889 3890 704738
3890 3891 971797
3891 3892 638164
3892 3893 493590
3893 3894 206234
3894 3895 727189
3895 3896 355414
3896 3897 17132
3897 3898 681791
3898 3899 263954
3899 3900 210686
3900 3901 960781
3901 3902 534840
3902 3903 834211
3903 3904 880681
3904 3905 648602
3905 3906 353332
3906 3907 339583
3907 3908 89476
3908 3909 420624
3909 3910 524179
3910 3911 122050
3911 3912 881885
3912 3913 423537
3913 3914 264609
3914 3915 143703
3915 3916 144606
3916 3917 416972
3917 3918 707224
3918 3919 152857
3919 3920 349986
3920 3921 961003
3921 3922 559321
3922 3923 870037
3923 3924 304735
3924 3925 209201
3925 3926 541925
3926 3927 566436
3927 3928 874596
3928 3929 981564
3929 3930 835272
3930 3931 154666
3931 3932 180519
3932 3933 623050
3933 3934 87335
3934 3935 461438
3935 3936 506632
3936 3937 955486
3937 3938 662231
3938 3939 73888
3939 3940 575121
3940 3941 26649
3941 3942 412000
3942 3943 584180
3943 3944 332299
3944 3945 640943
3945 3946 149529
3946 3947 879674
3947 3948 494240
3948 3949 354613
3949 3950 395775
3950 3951 849340
3951 3952 67827
3952 3953 757945
3953 3954 578815
3954 3955 714261
3955 3956 659822
3956 3957 349205
3957 3958 509394
3958 3959 702400
3959 3960 845786
3960 3961 209847
3961 3962 872608
3962 3963 101702
3963 3964 428029
3964 3965 383163
3965 3966 796739
3966 3967 326120
3967 3968 676287
3968 3969 204054
3969 3970 524522
3970 3971 781312
3971 3972 744016
3972 3973 459505
3973 3974 470375
3974 3975 976265
3975 3976 279248
3976 3977 990077
3977 3978 535928
3978 3979 39161
3979 3980 386341
3980 3981 84718
3981 3982 653886
3982 3983 552555
3983 3984 175507
3984 3985 249885
3985 3986 397244
3986 3987 208816
3987 3988 216655
3988 3989 904903
3989 3990 455935
3990 3991 718002
3991 3992 514947
3992 3993 875596
3993 3994 679890
3994 3995 779071
3995 3996 704420
3996 3997 349912
3997 3998 172082
3998 3999 423507
3999 4000 768707
4000 4001 819708
4001 4002 346072
4002 4003 324081
4003 4004 537750
4004 4005 459565
4005 4006 799092
4006 4007 997568
4007 4008 113803
4008 4009 874004
4009 4010 3357
4010 4011 920970
4011 4012 430674
4012 4013 197735
4013 4014 693606
4014 4015 822084
4015 4016 273310
4016 4017 523894
4017 4018 39669
4018 4019 75976
4019 4020 95816
4020 4021 809007
4021 4022 436204
4022 4023 304598
4023 4024 378721
4024 4025 538038
4025 4026 417403
4026 4027 333319
4027 4028 851619
4028 4029 461658
4029 4030 213856
4030 4031 907825
4031 4032 161334
4032 4033 235141
4033 4034 407630
4034 4035 175819
4035 4036 198641
4036 4037 43650
4037 4038 715840
4038 4039 930489
4039 4040 876433
4040 4041 427954
4041 4042 551415
4042 4043 575582
4043 4044 400983
4044 4045 891552
4045 4046 17501
4046 4047 85727
4047 4048 890418
4048 4049 156860
4049 4050 933939
4050 4051 759689
4051 4052 894218
4052 4053 533248
4053 4054 466081
4054 4055 676117
4055 4056 259228
4056 4057 620002
4057 4058 592351
4058 4059 176023
4059 4060 179728
4060 4061 795196
4061 4062 183765
4062 4063 343622
4063 4064 814137
4064 4065 404393
4065 4066 604649
4066 4067 956579
4067 4068 250197
4068 4069 383634
4069 4070 591653
4070 4071 732359
4071 4072 929384
4072 4073 85936
4073 4074 98359
4074 4075 409396
4075 4076 15772
4076 4077 154659
4077 4078 80063
4078 4079 384245
4079 4080 818246
4080 4081 309196
4081 4082 158407
4082 4083 47121
4083 4084 452731
4084 4085 525667
4085 4086 247166
4086 4087 515307
4087 4088 531602
4088 4089 854139
4089 4090 870069
4090 4091 782497
4091 4092 455656
4092 4093 711153
4093 4094 989847
4094 4095 675832
4095 4096 836
4096 4097 232858
4097 4098 277764
4098 4099 22921
4099 4100 643656
4100 4101 715775
4101 4102 665910
4102 4103 923822
4103 4104 976255
4104 4105 964636
4105 4106 820739
4106 4107 177445
4107 4108 133718
4108 4109 867994
4109 4110 428175
4110 4111 837951
4111 4112 622666
4112 4113 879111
4113 4114 128384
4114 4115 511380
4115 4116 643140
4116 4117 336173
4117 4118 194742
4118 4119 937211
4119 4120 296073
4120 4121 134123
4121 4122 481040
4122 4123 86256
4123 4124 159801
4124 4125 725091
4125 4126 713324
4126 4127 14683
4127 4128 5058
4128 4129 927216
4129 4130 682837
4130 4131 456573
4131 4132 412769
4132 4133 44165
4133 4134 902981
4134 4135 871055
4135 4136 400130
4136 4137 623698
4137 4138 529945
4138 4139 255892
4139 4140 775492
4140 4141 26588
4141 4142 751951
4142 4143 181378
4143 4144 518522
4144 4145 786421
4145 4146 141854
4146 4147 37777
4147 4148 25374
4148 4149 314670
4149 4150 768384
4150 4151 619032
4151 4152 392139
4152 4153 394499
4153 4154 828516
4154 4155 412862
4155 4156 526655
4156 4157 482565
4157 4158 83860
4158 4159 383902
4159 4160 727891
4160 4161 165644
4161 4162 60366
4162 4163 440011
4163 4164 984983
4164 4165 393519
4165 4166 776680
4166 4167 686
4167 4168 501515
4168 4169 57678
4169 4170 521175
4170 4171 829196
4171 4172 106038
4172 4173 503222
4173 4174 889612
4174 4175 388788
4175 4176 707290
4176 4177 894497
4177 4178 938221
4178 4179 323003
4179 4180 82724
4180 4181 715464
4181 4182 409647
4182 4183 548227
4183 4184 389888
4184 4185 377557
4185 4186 878468
4186 4187 610579
4187 4188 727732
4188 4189 363033
4189 4190 180645
4190 4191 400885
4191 4192 625130
4192 4193 706212
4193 4194 499050
4194 4195 905218
4195 4196 651340
4196 4197 959058
4197 4198 798419
4198 4199 140541
4199 4200 693940
4200 4201 624421
4201 4202 707510
4202 4203 428453
4203 4204 61120
4204 4205 426898
4205 4206 492372
4206 4207 545205
4207 4208 564441
4208 4209 131726
4209 4210 697445
4210 4211 509424
4211 4212 47687
4212 4213 742293
4213 4214 708645
4214 4215 778200
4215 4216 923147
4216 4217 75165
4217 4218 604500
4218 4219 658059
4219 4220 232015
4220 4221 166344
4221 4222 753504
4222 4223 174302
4223 4224 289340
4224 4225 964201
4225 4226 476708
4226 4227 268962
4227 4228 885854
4228 4229 130462
4229 4230 844667
4230 4231 876424
4231 4232 860341
4232 4233 649228
4233 4234 969357
4234 4235 673659
4235 4236 313517
4236 4237 808939
4237 4238 937095
4238 4239 681344
4239 4240 751757
4240 4241 771561
4241 4242 476830
4242 4243 402697
4243 4244 608268
4244 4245 441240
4245 4246 59990
4246 4247 191135
4247 4248 715028
4248 4249 66397
4249 4250 424962
4250 4251 546983
4251 4252 437214
4252 4253 834594
4253 4254 894401
4254 4255 131139
4255 4256 895249
4256 4257 710994
4257 4258 157845
4258 4259 829374
4259 4260 766472
4260 4261 531292
4261 4262 722313
4262 4263 328261
4263 4264 258453
4264 4265 572316
4265 4266 747451
4266 4267 71897
4267 4268 308665
